6 0.032894 0.733334 0.065703 0.391493 0.928967
3 0.632996 0.767675 0.102974 0.297044 0.862236
6 0.901709 0.794309 0.196581 0.410040 0.849280
3 0.902208 0.899649 0.195585 0.200703 0.824298
3 0.799176 0.767242 0.125790 0.246687 0.809169
3 0.519917 0.617801 0.033209 0.103781 0.786092
6 0.180730 0.714996 0.037105 0.087621 0.758223
3 0.712772 0.672392 0.056268 0.149381 0.754980
6 0.802717 0.686368 0.104265 0.263937 0.731668
6 0.710461 0.622804 0.048804 0.171288 0.711046
0 0.549525 0.589854 0.064831 0.113476 0.663829
6 0.123811 0.714344 0.036616 0.082496 0.604046
6 0.628609 0.688996 0.065771 0.256873 0.588616
2 0.198759 0.760026 0.311882 0.479030 0.577778
0 0.407412 0.663141 0.128272 0.274638 0.470986