3 0.830745 0.855660 0.254044 0.288147 0.921688
6 0.272465 0.770000 0.090835 0.456791 0.916294
6 0.704818 0.673486 0.056426 0.330520 0.879335
6 0.819182 0.747128 0.142924 0.492355 0.874438
6 0.741983 0.652257 0.054708 0.332649 0.773598
6 0.488682 0.608112 0.026328 0.145781 0.667294
6 0.514320 0.605204 0.029153 0.137041 0.650736
3 0.541419 0.587547 0.028600 0.065508 0.644626
3 0.975362 0.816079 0.049277 0.362373 0.579590
6 0.467945 0.600363 0.024257 0.143793 0.524364
6 0.564306 0.557954 0.017242 0.069442 0.435644
6 0.089453 0.617652 0.028961 0.127970 0.406464