0 0.225223 0.625285 0.186132 0.126140 0.894859
6 0.505448 0.610038 0.040514 0.174198 0.808721
6 0.589144 0.635128 0.038664 0.230414 0.781931
3 0.649088 0.633234 0.108845 0.145125 0.779273
0 0.706709 0.578485 0.147088 0.130301 0.763216
6 0.394582 0.627201 0.048436 0.185257 0.752725
3 0.507080 0.615732 0.107087 0.174374 0.737007
6 0.637747 0.605953 0.053328 0.194979 0.736929
3 0.396849 0.651989 0.118555 0.137034 0.736282
1 0.022088 0.575292 0.044116 0.090735 0.581386
6 0.550235 0.635460 0.039340 0.227745 0.569562
2 0.170793 0.562014 0.098116 0.113020 0.542692
0 0.425412 0.624204 0.200512 0.137487 0.454539