6 0.744509 0.552399 0.035550 0.176250 0.831802
0 0.959370 0.563985 0.081254 0.180691 0.709724
6 0.546559 0.501875 0.047219 0.140193 0.707559
6 0.622174 0.491661 0.024030 0.115801 0.698226
3 0.429744 0.498737 0.032975 0.080234 0.693892
3 0.544423 0.548181 0.048863 0.112712 0.692754
6 0.589420 0.480876 0.022323 0.096870 0.687181
6 0.330041 0.479557 0.019001 0.139045 0.679130
2 0.085710 0.431739 0.171301 0.238506 0.485145
3 0.473746 0.498540 0.023694 0.058378 0.464789
3 0.900891 0.541631 0.047350 0.100158 0.460584
6 0.894965 0.519810 0.030104 0.132000 0.429608
3 0.282377 0.469359 0.019597 0.078833 0.423700
6 0.473399 0.473456 0.022736 0.080486 0.415526