6 0.269218 0.633135 0.027425 0.141813 0.818275
3 0.479912 0.727184 0.081108 0.193996 0.802641
6 0.114060 0.636199 0.037873 0.191018 0.737333
2 0.576509 0.639506 0.088548 0.198670 0.705193
6 0.910181 0.620677 0.024379 0.126721 0.651538
6 0.483951 0.661040 0.073000 0.219212 0.603839
6 0.162085 0.641485 0.033109 0.173155 0.584568
6 0.648048 0.624853 0.025388 0.073086 0.583287
6 0.663565 0.631034 0.023275 0.067021 0.582422
3 0.215278 0.649062 0.065169 0.122624 0.525215
3 0.753704 0.655214 0.038699 0.130016 0.524303
7 0.054557 0.522199 0.024315 0.060307 0.415935
2 0.677790 0.675806 0.124390 0.268637 0.406749