6 0.198479 0.662833 0.064100 0.272669 0.898515
2 0.473561 0.667285 0.142388 0.312126 0.837113
6 0.842652 0.583800 0.017351 0.119817 0.742103
6 0.930804 0.583565 0.018737 0.093447 0.657374
0 0.069438 0.718812 0.138876 0.389912 0.587112
6 0.806931 0.641136 0.040061 0.140664 0.529524
2 0.729658 0.588652 0.086465 0.123735 0.527555
6 0.829543 0.580204 0.016359 0.104428 0.527057
6 0.796052 0.567020 0.018729 0.037403 0.505906
6 0.587553 0.586464 0.027853 0.104030 0.481203
0 0.543232 0.550056 0.021159 0.037652 0.476935
3 0.565580 0.563946 0.015077 0.050329 0.454271
6 0.336241 0.608828 0.025424 0.135427 0.411442
6 0.603227 0.586050 0.016584 0.106103 0.406705