0 0.900203 0.721568 0.199549 0.223771 0.929630
0 0.623929 0.734481 0.158291 0.263001 0.918245
6 0.322327 0.753748 0.117654 0.356943 0.909212
3 0.311821 0.841498 0.147125 0.312004 0.905662
0 0.465775 0.666927 0.100814 0.154706 0.903192
2 0.328083 0.565396 0.208283 0.343389 0.893761
0 0.749945 0.662279 0.108502 0.136085 0.885068
1 0.872881 0.589420 0.254237 0.261976 0.829953
2 0.095320 0.618007 0.190615 0.571846 0.756993
6 0.557406 0.655353 0.029942 0.131136 0.702574
1 0.693217 0.569908 0.115960 0.106498 0.644142
2 0.545041 0.577893 0.088797 0.207717 0.598154