0 0.708063 0.613891 0.066279 0.082075 0.805850
6 0.405148 0.613822 0.023755 0.092101 0.802050
0 0.884519 0.647788 0.064957 0.117175 0.751361
3 0.403196 0.639521 0.027958 0.070021 0.679860
6 0.315082 0.605980 0.017186 0.080071 0.646896
3 0.439067 0.614712 0.016806 0.036089 0.629893
8 0.583579 0.519267 0.017328 0.045472 0.626892
2 0.270052 0.599035 0.047800 0.095322 0.594134
6 0.330051 0.607545 0.017533 0.077179 0.569837
0 0.613033 0.590122 0.043867 0.055754 0.511547
0 0.673055 0.593249 0.023945 0.039598 0.470536
2 0.367874 0.592928 0.031619 0.062708 0.444227