0 0.451010 0.556042 0.143107 0.215137 0.900714
2 0.671597 0.443280 0.064810 0.102079 0.812994
0 0.580395 0.485408 0.068831 0.096538 0.754235
0 0.294441 0.441561 0.030384 0.038157 0.727380
3 0.345945 0.489178 0.026158 0.068671 0.691012
0 0.842956 0.489517 0.094578 0.098073 0.674839
0 0.534923 0.464277 0.034565 0.051576 0.674763
2 0.780365 0.460595 0.056337 0.098506 0.662976
0 0.901631 0.782946 0.196738 0.434108 0.632084
6 0.344899 0.464773 0.027909 0.085290 0.629979
6 0.955178 0.544199 0.056316 0.191261 0.533570
0 0.261864 0.444983 0.034693 0.056955 0.408058