0 0.593656 0.614459 0.093715 0.125130 0.898810
1 0.546328 0.539961 0.090248 0.143652 0.837560
6 0.535049 0.590284 0.023440 0.097018 0.756973
6 0.393676 0.589971 0.024925 0.094807 0.722979
6 0.475074 0.588527 0.024970 0.092140 0.711176
6 0.430373 0.588965 0.028666 0.099436 0.708863
2 0.836129 0.606207 0.093386 0.188210 0.689946
3 0.474323 0.613438 0.025949 0.063355 0.667389
8 0.079010 0.441008 0.087437 0.102882 0.646230
3 0.429696 0.616801 0.031280 0.082399 0.636093
0 0.730687 0.691594 0.211132 0.309813 0.579231