3 0.070967 0.771644 0.125592 0.299337 0.881191
6 0.059120 0.688922 0.098656 0.292535 0.878258
6 0.187451 0.635028 0.063294 0.171825 0.828965
6 0.380406 0.636632 0.054974 0.158604 0.801049
0 0.824489 0.624033 0.099265 0.116799 0.796923
0 0.409752 0.608463 0.043847 0.073658 0.793893
0 0.312544 0.641189 0.098252 0.146244 0.786619
6 0.958321 0.624752 0.035621 0.109769 0.755504
0 0.439988 0.600740 0.029066 0.051531 0.733803
0 0.496199 0.646463 0.096691 0.195673 0.726442
3 0.380483 0.691053 0.056811 0.123465 0.710571
3 0.954978 0.655198 0.031992 0.091853 0.675788
2 0.917371 0.620875 0.063313 0.103072 0.600931
6 0.089740 0.688802 0.058667 0.289686 0.584199
6 0.243590 0.609944 0.022354 0.080591 0.471646
6 0.107674 0.592370 0.020386 0.077881 0.440212
8 0.892452 0.411315 0.023258 0.050083 0.407757