2 0.573104 0.682959 0.274999 0.582294 0.880454
6 0.288190 0.678216 0.057904 0.281047 0.874836
6 0.245815 0.716977 0.060459 0.300416 0.853646
0 0.189346 0.676878 0.155390 0.234592 0.829615
6 0.124098 0.673452 0.062665 0.248696 0.819886
3 0.875523 0.726979 0.199358 0.282295 0.776193
6 0.824912 0.670703 0.070159 0.247442 0.749573
6 0.380380 0.579943 0.016741 0.074685 0.602945
6 0.889436 0.689209 0.070930 0.275502 0.602273
0 0.344926 0.592991 0.056596 0.102505 0.586948
6 0.725303 0.646257 0.056107 0.187841 0.586580
0 0.411788 0.651172 0.054988 0.185544 0.574741
3 0.742460 0.684804 0.052347 0.149023 0.542041