1 0.835898 0.524795 0.328038 0.213253 0.925146
6 0.515334 0.501891 0.055847 0.240089 0.889990
6 0.452262 0.498493 0.075417 0.248393 0.882129
2 0.484789 0.663140 0.250953 0.456239 0.865781
6 0.125910 0.683685 0.051760 0.253742 0.804707
2 0.650420 0.571367 0.108159 0.159651 0.691403
2 0.273513 0.679255 0.138571 0.307371 0.658516
6 0.936367 0.576475 0.030992 0.106703 0.618886
6 0.967828 0.576145 0.030649 0.096972 0.582784
6 0.181597 0.574504 0.020692 0.061111 0.502027
3 0.941072 0.585248 0.117640 0.138626 0.424874