2 0.309497 0.701402 0.332793 0.594076 0.932563
6 0.822134 0.654767 0.064670 0.244278 0.851841
6 0.947791 0.656095 0.075123 0.263248 0.755674
3 0.839339 0.698024 0.156185 0.209034 0.745493
6 0.939544 0.245103 0.048453 0.109342 0.724561
0 0.116538 0.615652 0.080674 0.093806 0.722604
6 0.899752 0.580900 0.042667 0.133521 0.695984
3 0.934545 0.681099 0.130910 0.195294 0.686950
6 0.849978 0.548055 0.022257 0.130939 0.594311
6 0.984332 0.572344 0.031336 0.119138 0.434860
0 0.014221 0.606319 0.028442 0.099214 0.407045