2 0.900816 0.720074 0.198369 0.554797 0.869243
6 0.077732 0.681212 0.041881 0.127234 0.833407
6 0.055449 0.671273 0.032241 0.144232 0.761061
3 0.594268 0.637800 0.041188 0.106043 0.712759
2 0.130255 0.750503 0.256316 0.472735 0.632666
6 0.598570 0.596092 0.034302 0.125252 0.595897
6 0.569661 0.579797 0.028905 0.122076 0.513091
3 0.565596 0.627680 0.033118 0.088653 0.485535
2 0.345829 0.755521 0.343492 0.486479 0.466630
3 0.701920 0.619252 0.095128 0.190576 0.425492
1 0.527105 0.564291 0.057365 0.151813 0.413211