6 0.434933 0.681220 0.117893 0.406210 0.892672
3 0.224456 0.540864 0.080225 0.086810 0.817323
3 0.104310 0.534649 0.076308 0.094321 0.778073
6 0.097387 0.517803 0.028451 0.126187 0.768784
6 0.226920 0.512847 0.042709 0.118578 0.765301
3 0.427797 0.821918 0.132612 0.355101 0.734844
6 0.124805 0.475164 0.018251 0.093048 0.637862
3 0.717390 0.588178 0.138114 0.259972 0.568048
0 0.018531 0.522643 0.037062 0.127771 0.544891
0 0.335877 0.536366 0.056938 0.167612 0.535456
0 0.417924 0.614668 0.196546 0.313414 0.534645
2 0.514715 0.450924 0.021655 0.051458 0.508072
0 0.984182 0.830685 0.031637 0.337467 0.480109