6 0.194873 0.751258 0.139574 0.467380 0.928208
1 0.393356 0.526766 0.096195 0.187033 0.902778
6 0.575458 0.631889 0.051077 0.234766 0.856730
6 0.551346 0.604273 0.031859 0.182528 0.809432
6 0.397036 0.653350 0.075242 0.238228 0.809275
3 0.305895 0.642928 0.048181 0.134072 0.748525
3 0.480675 0.621195 0.040780 0.133895 0.734091
6 0.235788 0.584379 0.030780 0.132303 0.713351
6 0.306831 0.600707 0.040787 0.161951 0.692622
0 0.786800 0.559023 0.039418 0.062122 0.659209
3 0.389197 0.745177 0.076695 0.223166 0.570851
3 0.351716 0.672787 0.043837 0.139346 0.556867
6 0.253430 0.570521 0.014843 0.103947 0.423363