6 0.845452 0.758012 0.098039 0.482002 0.902500
3 0.670532 0.814031 0.126901 0.319032 0.863146
6 0.059110 0.800065 0.118220 0.396683 0.837050
6 0.925034 0.731544 0.091695 0.422188 0.836299
6 0.225193 0.336975 0.046935 0.100974 0.812126
6 0.674681 0.697855 0.113848 0.324912 0.790275
6 0.084440 0.286023 0.048420 0.116899 0.770474
6 0.181225 0.317311 0.038046 0.105056 0.755652
6 0.032180 0.269851 0.052665 0.126325 0.754907
6 0.217063 0.204018 0.051380 0.116502 0.726974
6 0.135908 0.302492 0.041181 0.117669 0.687429
6 0.972808 0.570120 0.040591 0.125464 0.681375
6 0.731929 0.667032 0.040352 0.186613 0.673046
6 0.941546 0.516428 0.048271 0.100786 0.660531
6 0.054137 0.621191 0.066144 0.264636 0.660224
3 0.516522 0.630630 0.041957 0.108191 0.653984
3 0.459838 0.565360 0.022280 0.056580 0.631958
6 0.609874 0.552047 0.017221 0.082267 0.586357
6 0.243395 0.109475 0.030149 0.055594 0.584639
3 0.568354 0.585853 0.024332 0.058160 0.580023
6 0.517410 0.585565 0.039771 0.136827 0.539632
6 0.793944 0.619823 0.036817 0.186725 0.533035
6 0.765478 0.642447 0.039610 0.206582 0.486407
6 0.048440 0.137172 0.096518 0.156237 0.443917
6 0.212688 0.102143 0.032228 0.065222 0.410633