2 0.389856 0.543340 0.214338 0.403763 0.918086
6 0.586964 0.678648 0.077589 0.305164 0.885907
6 0.799996 0.617749 0.024842 0.126628 0.749837
3 0.717089 0.649812 0.036558 0.109547 0.740821
3 0.773280 0.633024 0.028346 0.072141 0.672530
6 0.776174 0.609382 0.024238 0.097410 0.669194
3 0.079103 0.693923 0.054673 0.134846 0.655558
6 0.094511 0.613564 0.055975 0.181018 0.655466
6 0.716526 0.606219 0.033676 0.121527 0.604023
6 0.738566 0.603637 0.024827 0.112974 0.518164
6 0.821705 0.601074 0.013791 0.063046 0.494045