1 0.203825 0.536229 0.322894 0.252759 0.936137
0 0.185416 0.690919 0.212773 0.251507 0.910441
0 0.550942 0.638449 0.097174 0.173670 0.847670
6 0.387662 0.642777 0.036554 0.170350 0.824682
3 0.653197 0.640327 0.044122 0.117801 0.775034
3 0.467642 0.608642 0.025096 0.072988 0.702183
6 0.649968 0.603227 0.038554 0.132068 0.656170
8 0.121860 0.259979 0.088214 0.079308 0.635409
6 0.102226 0.721163 0.052049 0.230718 0.620150
3 0.433731 0.581592 0.015028 0.051803 0.553444
0 0.377216 0.568561 0.030638 0.051993 0.535644