3 0.262654 0.800984 0.188390 0.248250 0.873332
4 0.917466 0.671245 0.102321 0.148386 0.863532
6 0.263186 0.697919 0.091504 0.257338 0.826079
6 0.039322 0.669626 0.062194 0.190596 0.787374
6 0.412339 0.700369 0.096435 0.269837 0.770612
6 0.913698 0.620163 0.047207 0.199990 0.751132
2 0.609154 0.630807 0.109728 0.212283 0.680023
6 0.303456 0.596853 0.032847 0.103686 0.661408
2 0.486961 0.660791 0.124798 0.263501 0.628478
3 0.960010 0.866327 0.079981 0.266466 0.614299
6 0.383348 0.563153 0.010960 0.048285 0.593911
2 0.333441 0.581845 0.076484 0.126195 0.535427
3 0.871642 0.628723 0.052359 0.109810 0.507306
3 0.416479 0.869480 0.085570 0.228162 0.506409
3 0.315874 0.648782 0.054823 0.104864 0.505354