0 0.405699 0.705458 0.224316 0.314055 0.896462
0 0.611217 0.623068 0.133919 0.199900 0.847361
6 0.609410 0.670383 0.075224 0.299387 0.831954
6 0.697733 0.595142 0.100496 0.246658 0.776941
0 0.526589 0.542963 0.039006 0.062683 0.716995
6 0.314554 0.587656 0.031737 0.114289 0.603464
0 0.154085 0.750416 0.308170 0.497336 0.517097
3 0.750176 0.624987 0.050110 0.120410 0.486129
6 0.445700 0.533102 0.021891 0.033711 0.474691
6 0.498013 0.540298 0.017179 0.068487 0.413895
6 0.285229 0.588049 0.032623 0.157320 0.409409