3 0.092810 0.848280 0.184697 0.302834 0.843817
6 0.356612 0.556290 0.068748 0.183337 0.784924
3 0.359465 0.631219 0.076777 0.194857 0.754045
3 0.210291 0.580229 0.067953 0.128783 0.734034
3 0.981932 0.545885 0.036136 0.085750 0.656021
1 0.402012 0.444444 0.070465 0.087604 0.628685
3 0.871632 0.533700 0.049583 0.060289 0.621194
0 0.669955 0.659662 0.256338 0.318749 0.589375
0 0.324060 0.557803 0.133976 0.172508 0.521888
0 0.959817 0.740781 0.080366 0.334252 0.473815
0 0.395096 0.502727 0.053786 0.071418 0.442603
0 0.455050 0.552715 0.093064 0.151933 0.435388