0 0.488802 0.649542 0.088655 0.141694 0.927281
0 0.629702 0.699617 0.135996 0.229043 0.919263
2 0.815002 0.576566 0.202673 0.295399 0.917252
0 0.068672 0.792720 0.137331 0.384890 0.913365
3 0.331424 0.820488 0.120045 0.294145 0.869790
0 0.950032 0.668830 0.099485 0.158795 0.865513
6 0.855050 0.644972 0.049289 0.200997 0.854405
6 0.332433 0.715305 0.087451 0.305628 0.848766
0 0.314384 0.638730 0.147759 0.169861 0.739926
3 0.156861 0.634667 0.064634 0.100213 0.712287
2 0.577132 0.566112 0.084787 0.206723 0.704513
8 0.211298 0.450544 0.069019 0.087384 0.675347
2 0.395601 0.605698 0.059756 0.146057 0.644221
8 0.697279 0.469482 0.024012 0.019842 0.591360
2 0.680527 0.577495 0.071666 0.110615 0.542512
1 0.515842 0.571546 0.042593 0.132869 0.541862
8 0.636289 0.426246 0.021491 0.048053 0.507502
6 0.148630 0.599764 0.030083 0.122377 0.432861