0 0.602580 0.750105 0.248044 0.378069 0.918804
6 0.030544 0.644118 0.061086 0.233999 0.872404
0 0.416872 0.599567 0.089291 0.150830 0.863881
3 0.035241 0.714785 0.070483 0.206764 0.849716
6 0.319985 0.634992 0.066954 0.207140 0.830973
6 0.184600 0.627949 0.068510 0.201117 0.809204
0 0.859545 0.661538 0.148814 0.236824 0.774179
3 0.122856 0.659846 0.066921 0.139701 0.758001
6 0.228615 0.592137 0.038854 0.130098 0.711982
3 0.201319 0.692004 0.082102 0.170917 0.675296
6 0.126221 0.602104 0.043593 0.165694 0.657658
3 0.319403 0.708959 0.067168 0.171933 0.633966
6 0.351417 0.589469 0.029359 0.111648 0.537110
6 0.206073 0.621755 0.029930 0.183013 0.438641
3 0.229322 0.631601 0.045557 0.105425 0.411431
3 0.469410 0.660653 0.040110 0.103578 0.410595