6 0.697804 0.583720 0.061901 0.234399 0.922110
6 0.903336 0.599312 0.074266 0.289392 0.896444
6 0.803551 0.633019 0.049801 0.259848 0.880769
3 0.538245 0.621994 0.075597 0.210716 0.851157
3 0.221945 0.535469 0.080048 0.135505 0.782813
6 0.536050 0.557466 0.071701 0.202260 0.754820
3 0.439422 0.540955 0.040518 0.111403 0.675415
6 0.284212 0.500203 0.024853 0.128257 0.669254
3 0.366526 0.490135 0.020245 0.051912 0.656675
3 0.302304 0.503220 0.023991 0.053000 0.458731
6 0.438771 0.497505 0.039972 0.130537 0.432703