6 0.658686 0.757579 0.188999 0.480377 0.941753
3 0.027625 0.809705 0.055251 0.340204 0.834150
6 0.403377 0.774749 0.128118 0.447975 0.817032
6 0.258736 0.706168 0.113991 0.335125 0.816722
2 0.329523 0.513340 0.232463 0.165971 0.787265
6 0.166243 0.769709 0.167271 0.451764 0.784470
2 0.556533 0.532922 0.046361 0.086110 0.757549
6 0.090366 0.618767 0.052479 0.166772 0.726073
6 0.945093 0.734621 0.109733 0.403773 0.707013
6 0.486906 0.735948 0.103242 0.414036 0.706927
3 0.419511 0.813268 0.230964 0.372571 0.600147
3 0.884765 0.779994 0.100403 0.293982 0.583872
6 0.723340 0.629381 0.064024 0.215380 0.576323
3 0.767890 0.780860 0.056778 0.187239 0.552219
7 0.694728 0.286054 0.033826 0.016391 0.476684
6 0.225366 0.771476 0.145223 0.447947 0.474654
6 0.763646 0.610485 0.060231 0.190069 0.450796
0 0.499815 0.544571 0.022364 0.028010 0.433210