6 0.659524 0.757961 0.189546 0.480067 0.936152
6 0.388363 0.773494 0.145823 0.450369 0.917084
6 0.168751 0.769460 0.176135 0.448701 0.791203
3 0.040797 0.806666 0.081510 0.290643 0.783325
6 0.942959 0.735367 0.114081 0.435766 0.751915
3 0.475449 0.806485 0.123991 0.352896 0.711406
2 0.815851 0.570106 0.040443 0.069188 0.705337
3 0.902913 0.586397 0.037842 0.084003 0.687139
3 0.304690 0.601146 0.055360 0.082893 0.673299
6 0.027949 0.515986 0.021769 0.071579 0.654855
6 0.257917 0.706502 0.109756 0.321980 0.628159
6 0.757039 0.604077 0.055673 0.178072 0.626450
6 0.725658 0.633454 0.060691 0.206354 0.623151
1 0.537149 0.525153 0.086216 0.125101 0.614938
3 0.762643 0.772138 0.053624 0.193183 0.566683
7 0.694724 0.286059 0.033546 0.016664 0.503474
3 0.888006 0.778464 0.098576 0.300793 0.438135
6 0.086321 0.611782 0.058710 0.147399 0.413745