6 0.855094 0.721388 0.102590 0.523851 0.925408
6 0.180449 0.762411 0.097303 0.449837 0.918812
6 0.958171 0.751642 0.083657 0.446349 0.890708
6 0.787780 0.662459 0.057399 0.264406 0.882112
6 0.718466 0.643012 0.059620 0.318644 0.873987
3 0.627195 0.714269 0.067910 0.215999 0.848784
3 0.261226 0.718490 0.120474 0.183798 0.809420
6 0.253555 0.675793 0.052320 0.215878 0.773766
6 0.027813 0.412111 0.054160 0.147770 0.761997
6 0.061541 0.808332 0.089056 0.378596 0.748363
6 0.398259 0.696957 0.031209 0.188886 0.747148
6 0.534698 0.672941 0.110373 0.313995 0.736602
3 0.530490 0.763444 0.106118 0.275372 0.710847
6 0.364727 0.692418 0.035871 0.190284 0.703700
6 0.035446 0.796026 0.070893 0.406282 0.678489
6 0.431582 0.603060 0.021856 0.138017 0.627807
6 0.344376 0.701630 0.030637 0.171501 0.606392
6 0.497041 0.624991 0.041886 0.170071 0.556649