3 0.492703 0.649714 0.047858 0.131214 0.772632
6 0.022377 0.668270 0.044754 0.222019 0.742158
2 0.537401 0.550699 0.036723 0.070512 0.702906
3 0.037014 0.737505 0.074014 0.206106 0.702294
3 0.336626 0.646187 0.053218 0.144996 0.665969
6 0.205099 0.472463 0.027938 0.089635 0.632016
6 0.244025 0.491681 0.025540 0.050396 0.629469
6 0.487947 0.605584 0.048953 0.156257 0.601086
3 0.269349 0.647530 0.062468 0.132619 0.565354
6 0.263500 0.493774 0.020284 0.043667 0.563338
6 0.345752 0.400386 0.024718 0.052832 0.482349
6 0.284831 0.492719 0.022290 0.042298 0.481738
6 0.326106 0.463455 0.025733 0.053761 0.447034
6 0.315687 0.413245 0.019160 0.037362 0.428649
6 0.333174 0.411731 0.015306 0.037322 0.420565
6 0.230182 0.400606 0.022992 0.046642 0.412566