3 0.260625 0.737328 0.137775 0.223852 0.877513
6 0.465734 0.650963 0.076237 0.217292 0.827805
6 0.268564 0.699988 0.061771 0.271503 0.774772
3 0.167504 0.693359 0.108924 0.156750 0.732634
3 0.863226 0.629809 0.034951 0.118533 0.723490
2 0.944149 0.769762 0.111701 0.378886 0.667108
2 0.646178 0.655360 0.129910 0.276812 0.638710
6 0.627217 0.611141 0.025351 0.070081 0.623290
6 0.610329 0.606211 0.024122 0.075748 0.568773
2 0.557035 0.620059 0.076207 0.198112 0.508561
6 0.961104 0.558726 0.022798 0.074861 0.498158
2 0.789552 0.618618 0.119234 0.267629 0.476691
6 0.938798 0.553137 0.027377 0.079575 0.435767