6 0.740664 0.794926 0.129388 0.410148 0.896891
0 0.202348 0.765512 0.346573 0.392611 0.813095
6 0.708795 0.647460 0.045750 0.148432 0.721028
0 0.819179 0.587655 0.055173 0.059066 0.716267
0 0.892634 0.798115 0.214733 0.401133 0.701561
0 0.392033 0.629317 0.084548 0.117529 0.662111
0 0.322624 0.619562 0.061228 0.077589 0.601780
0 0.598684 0.657667 0.103135 0.171071 0.580677
6 0.019883 0.685175 0.039753 0.192808 0.534744
3 0.710093 0.683523 0.069878 0.131761 0.413267
0 0.680607 0.627013 0.084081 0.144577 0.410181
2 0.465866 0.629167 0.071505 0.151643 0.408930
6 0.044105 0.634580 0.034500 0.079448 0.401756