6 0.293491 0.732170 0.074536 0.411940 0.921393
3 0.631215 0.612125 0.036158 0.087916 0.710771
2 0.300528 0.645462 0.154808 0.255206 0.679535
2 0.416138 0.566501 0.049640 0.088822 0.586732
6 0.744651 0.662556 0.057383 0.199685 0.575696
6 0.633427 0.583575 0.027123 0.088342 0.538221
3 0.193583 0.612689 0.074965 0.123468 0.495469
2 0.535794 0.562216 0.030844 0.065482 0.437287
0 0.506261 0.549844 0.013983 0.021423 0.418581
3 0.893918 0.601661 0.045629 0.082111 0.412266
6 0.193363 0.575906 0.022938 0.123116 0.400005