0 0.560688 0.759315 0.183115 0.298488 0.931305
6 0.091022 0.806589 0.129235 0.384955 0.889828
6 0.188256 0.804517 0.134067 0.387270 0.869224
1 0.515982 0.589521 0.138458 0.258290 0.864556
6 0.187445 0.642872 0.037013 0.159952 0.828734
3 0.150658 0.890590 0.249399 0.217663 0.817295
3 0.325391 0.757289 0.067528 0.223039 0.699140
2 0.855943 0.506883 0.288113 0.984420 0.686040
8 0.104911 0.453280 0.066480 0.085764 0.638045
2 0.674481 0.591786 0.094476 0.155854 0.577634
3 0.431806 0.711008 0.054068 0.123113 0.535290
6 0.396373 0.661359 0.041925 0.132829 0.532688
3 0.702097 0.676717 0.033873 0.137221 0.496248
6 0.651083 0.652402 0.035984 0.121088 0.490416
3 0.392640 0.699608 0.031927 0.091695 0.421277