0 0.739459 0.791004 0.520964 0.417992 0.911386
6 0.858272 0.546431 0.056343 0.082807 0.783631
6 0.826684 0.552902 0.025638 0.073414 0.661391
6 0.511491 0.640116 0.049888 0.262634 0.599490
6 0.121966 0.755335 0.123081 0.489331 0.587573
6 0.379431 0.714262 0.039202 0.200655 0.569261
6 0.656539 0.545377 0.019913 0.080010 0.561969
6 0.456987 0.673039 0.027828 0.159024 0.523060
6 0.586419 0.639545 0.051538 0.196275 0.504826
6 0.281343 0.704376 0.050028 0.301042 0.491322
6 0.337665 0.732751 0.054526 0.310094 0.475363
6 0.387839 0.664679 0.029630 0.195743 0.473199
6 0.623747 0.612243 0.038341 0.153001 0.471516
3 0.675462 0.598182 0.077475 0.096816 0.448085