1 0.223588 0.475591 0.447176 0.729069 0.948794
1 0.478743 0.507970 0.072207 0.159794 0.924725
6 0.503421 0.572880 0.039692 0.114068 0.776044
6 0.091440 0.372835 0.071679 0.105087 0.725721
0 0.592370 0.610377 0.092950 0.167650 0.721348
3 0.501072 0.625235 0.036181 0.101922 0.694659
0 0.759927 0.711132 0.337283 0.420841 0.681678
6 0.030256 0.386873 0.045984 0.076503 0.634252
4 0.921147 0.608490 0.029111 0.065763 0.594793
6 0.918777 0.579048 0.020223 0.090699 0.418565
6 0.054354 0.654369 0.044903 0.152551 0.409636