2 0.502417 0.730161 0.247222 0.536221 0.916228
6 0.182648 0.791819 0.205887 0.415070 0.914097
3 0.902856 0.718867 0.105738 0.234931 0.847485
6 0.240230 0.730281 0.087860 0.361935 0.845914
6 0.899494 0.649522 0.071992 0.240486 0.834424
6 0.957335 0.609719 0.026519 0.155552 0.787659
3 0.759058 0.659984 0.069703 0.131980 0.780751
6 0.318650 0.673477 0.051090 0.290491 0.778244
6 0.370560 0.629277 0.052799 0.187723 0.768514
6 0.757387 0.603174 0.058051 0.162753 0.733600
3 0.813799 0.629884 0.055137 0.122838 0.712205
3 0.359041 0.773267 0.066157 0.167496 0.651523