6 0.849140 0.792831 0.222732 0.413709 0.919410
2 0.540974 0.546173 0.115946 0.257710 0.895987
6 0.119242 0.699812 0.092833 0.365683 0.882983
6 0.322806 0.693678 0.085770 0.328207 0.858640
6 0.448852 0.591082 0.035885 0.167273 0.826323
6 0.960570 0.673789 0.078807 0.268341 0.788122
2 0.257675 0.517512 0.172649 0.110175 0.748937
6 0.347230 0.538294 0.021025 0.098861 0.701824
6 0.127578 0.524577 0.028630 0.093202 0.525010
6 0.384388 0.609496 0.052490 0.169393 0.515858
6 0.752860 0.580245 0.026292 0.141482 0.459650
6 0.779065 0.550947 0.029431 0.129129 0.425635
6 0.937629 0.565593 0.034762 0.129136 0.414263