6 0.525678 0.665789 0.058153 0.238103 0.833678
3 0.700984 0.687637 0.055831 0.163503 0.829933
6 0.698899 0.635610 0.052689 0.173861 0.801469
3 0.642160 0.647839 0.045120 0.118859 0.769258
3 0.335484 0.671458 0.053321 0.144094 0.735582
6 0.484200 0.616409 0.038392 0.128750 0.722904
6 0.638100 0.603897 0.038994 0.140487 0.714535
6 0.360220 0.617040 0.026378 0.174873 0.670873
3 0.483015 0.658902 0.036915 0.119931 0.667079
3 0.396202 0.653795 0.061740 0.144787 0.637841
6 0.451102 0.614012 0.027201 0.136649 0.595981
3 0.084722 0.838126 0.123428 0.251687 0.540244
3 0.244879 0.649682 0.042323 0.086222 0.518168
6 0.242681 0.571905 0.023395 0.081007 0.516175
2 0.836393 0.610394 0.124887 0.165912 0.497861
6 0.322665 0.591174 0.019952 0.107813 0.438716
2 0.506962 0.561814 0.040496 0.072242 0.402772