0 0.503420 0.569025 0.070291 0.069825 0.882748
3 0.877239 0.839458 0.199553 0.319365 0.882277
6 0.861477 0.747006 0.121545 0.373941 0.827957
3 0.977245 0.682159 0.045509 0.139850 0.819409
2 0.647223 0.737925 0.262120 0.520428 0.708120
6 0.798980 0.706736 0.048998 0.331462 0.694108
6 0.422457 0.574636 0.027301 0.080791 0.688709
6 0.163156 0.576494 0.037747 0.124749 0.669140
3 0.340102 0.674766 0.077240 0.212828 0.643979
6 0.203294 0.576716 0.050003 0.126480 0.545503
6 0.308047 0.577559 0.024445 0.118611 0.519423
6 0.912853 0.665995 0.045094 0.213907 0.513841
6 0.246616 0.550738 0.028303 0.047428 0.504561