1 0.466180 0.506907 0.205843 0.383358 0.947592
6 0.214455 0.582612 0.037462 0.167230 0.878642
6 0.914038 0.647887 0.066436 0.278001 0.750167
6 0.850457 0.594671 0.037529 0.123241 0.733588
3 0.306086 0.668763 0.059789 0.189792 0.700133
6 0.790327 0.569171 0.027742 0.127807 0.696397
3 0.856991 0.622830 0.052593 0.092143 0.593284
6 0.709057 0.563246 0.025490 0.080286 0.465757
0 0.753068 0.555535 0.049378 0.067966 0.458549
0 0.645133 0.548482 0.042012 0.058770 0.440340
2 0.718265 0.520462 0.063429 0.080383 0.431949