6 0.684186 0.612606 0.035440 0.162815 0.889302
6 0.123422 0.772153 0.148263 0.452805 0.861744
6 0.297235 0.721141 0.042153 0.214779 0.859411
6 0.215913 0.681766 0.040105 0.206945 0.830355
3 0.427295 0.674848 0.048415 0.141461 0.814671
2 0.902739 0.637523 0.194522 0.441125 0.770239
6 0.581721 0.591020 0.022080 0.121263 0.751738
6 0.604310 0.577674 0.020708 0.109182 0.750438
6 0.254208 0.720692 0.036577 0.224034 0.748490
0 0.474008 0.605838 0.064007 0.108924 0.743489
6 0.703929 0.565298 0.017477 0.122756 0.734625
6 0.514844 0.606190 0.033758 0.143114 0.734579
6 0.427216 0.622622 0.046176 0.159532 0.732791
6 0.721135 0.566995 0.025230 0.097383 0.706547
6 0.168493 0.733231 0.057226 0.402033 0.671447
6 0.268445 0.707640 0.025393 0.203166 0.450628