2 0.855762 0.595961 0.287855 0.365087 0.923490
6 0.730023 0.433514 0.026204 0.075895 0.727811
3 0.650305 0.625513 0.051489 0.138390 0.704493
0 0.530296 0.537140 0.031006 0.041732 0.647062
3 0.555336 0.557636 0.016432 0.060502 0.623325
3 0.683844 0.552759 0.020736 0.053403 0.562187
0 0.622052 0.537817 0.062615 0.076249 0.558207
2 0.270448 0.503071 0.094887 0.116901 0.475210
6 0.581818 0.537620 0.013079 0.050861 0.455546
0 0.495952 0.523268 0.026150 0.043075 0.448720
0 0.345076 0.547530 0.091797 0.145870 0.436538