1 0.748066 0.513321 0.229128 0.206737 0.868471
0 0.808396 0.701681 0.311773 0.315605 0.855952
6 0.592488 0.627755 0.065573 0.201479 0.824578
0 0.616247 0.591181 0.108520 0.138267 0.737586
0 0.031485 0.743470 0.062970 0.353867 0.713360
6 0.377962 0.374124 0.014756 0.075418 0.662802
0 0.315758 0.722616 0.352559 0.551981 0.621716
0 0.504892 0.580057 0.070585 0.131292 0.620777
3 0.954420 0.890804 0.091160 0.218213 0.612854
3 0.598494 0.714925 0.069241 0.165623 0.549851
6 0.413925 0.381281 0.016123 0.078129 0.535902
3 0.490926 0.652200 0.034899 0.139864 0.521510
0 0.560812 0.566365 0.054683 0.102335 0.473813
0 0.977013 0.658955 0.045973 0.189770 0.469865