6 0.181737 0.753319 0.112812 0.492069 0.893338
6 0.028845 0.803470 0.057671 0.392689 0.886003
3 0.703708 0.741849 0.112654 0.275053 0.873002
6 0.691139 0.666374 0.069329 0.252926 0.698022
2 0.551832 0.561913 0.097508 0.214733 0.690811
6 0.654486 0.566618 0.022369 0.115997 0.643024
6 0.125888 0.584765 0.040226 0.207355 0.578829
3 0.447121 0.585049 0.046063 0.066927 0.575208
0 0.620315 0.538336 0.052794 0.051590 0.567894
3 0.969712 0.887156 0.060111 0.224787 0.435195
6 0.409708 0.543558 0.020008 0.067709 0.406823