0 0.620328 0.799929 0.227224 0.370970 0.929663
1 0.561425 0.580976 0.152259 0.272263 0.907409
3 0.252397 0.808744 0.093274 0.251631 0.897008
6 0.275470 0.658585 0.036786 0.168545 0.823043
3 0.351399 0.823197 0.084341 0.256176 0.772052
6 0.749729 0.684661 0.053562 0.172879 0.766795
3 0.437482 0.718616 0.057655 0.143721 0.736889
6 0.473315 0.622363 0.018065 0.086964 0.720747
6 0.351742 0.740388 0.077544 0.240003 0.685600
6 0.801001 0.678194 0.039391 0.155030 0.652448
8 0.194259 0.473366 0.045650 0.072149 0.582433
3 0.755688 0.733207 0.064844 0.148915 0.485642
0 0.695333 0.653966 0.083319 0.118561 0.437686