6 0.582295 0.647889 0.056737 0.258100 0.899199
0 0.485714 0.644011 0.120891 0.182140 0.878484
0 0.410319 0.607166 0.071554 0.100324 0.871544
6 0.041795 0.380838 0.037938 0.125019 0.781674
6 0.084793 0.231067 0.063620 0.123447 0.778016
0 0.706817 0.633179 0.174206 0.218000 0.763761
6 0.853310 0.598033 0.028453 0.109887 0.760844
3 0.314759 0.630638 0.043720 0.089709 0.716384
6 0.011801 0.380509 0.023567 0.121189 0.707431
0 0.092768 0.619522 0.050844 0.037251 0.594521
6 0.797768 0.621079 0.023873 0.161831 0.558988
7 0.986376 0.197636 0.015411 0.095934 0.495005