6 0.188985 0.785834 0.123269 0.426522 0.948961
3 0.805873 0.861341 0.208004 0.276404 0.888473
3 0.281034 0.692125 0.069148 0.206372 0.853664
6 0.792589 0.758834 0.113416 0.465699 0.835937
3 0.359538 0.657379 0.048590 0.160547 0.811626
6 0.615201 0.619893 0.055136 0.170774 0.793424
6 0.900121 0.735808 0.052390 0.320242 0.786097
6 0.031052 0.732741 0.062104 0.247250 0.780605
3 0.617906 0.671820 0.060976 0.166320 0.762121
6 0.410848 0.564892 0.015420 0.066584 0.596635
3 0.486127 0.587576 0.017730 0.042744 0.538749
6 0.823935 0.641815 0.041022 0.188232 0.518898