6 0.809060 0.643984 0.060159 0.267165 0.878041
0 0.889283 0.678524 0.221339 0.269557 0.877280
6 0.407534 0.621606 0.062850 0.188571 0.864063
2 0.129801 0.578720 0.259593 0.586481 0.851456
2 0.621899 0.531260 0.086034 0.162317 0.794193
0 0.379109 0.539443 0.029255 0.063765 0.753060
6 0.691875 0.614294 0.033780 0.183017 0.750979
2 0.332693 0.527422 0.071391 0.162669 0.750309
3 0.749430 0.604331 0.071102 0.131727 0.713484
6 0.651246 0.594805 0.029131 0.144811 0.711345
3 0.466462 0.554353 0.027428 0.049481 0.629457
3 0.501319 0.528796 0.013613 0.046060 0.520536
2 0.430061 0.521624 0.033302 0.053654 0.412481