2 0.723053 0.565009 0.204933 0.321709 0.897032
3 0.242017 0.770262 0.097712 0.253935 0.865424
6 0.245681 0.679507 0.078346 0.267030 0.859151
3 0.357642 0.676734 0.072562 0.162883 0.788723
3 0.454961 0.685366 0.059082 0.146898 0.709915
3 0.869070 0.623066 0.061485 0.083730 0.683031
6 0.455325 0.625615 0.055446 0.185913 0.682984
6 0.481850 0.578174 0.019452 0.090293 0.655734
8 0.235799 0.352527 0.022636 0.029920 0.497412
6 0.433270 0.582782 0.025660 0.111189 0.475659
3 0.604741 0.600110 0.025075 0.071788 0.431781
0 0.408525 0.554620 0.043744 0.078730 0.413457