3 0.183772 0.807910 0.146302 0.378539 0.929180
1 0.333454 0.510243 0.110081 0.163403 0.881097
6 0.193848 0.694416 0.108934 0.316714 0.870673
0 0.443364 0.573130 0.068510 0.106828 0.858303
3 0.932506 0.541268 0.046090 0.082640 0.825254
0 0.629764 0.517541 0.037293 0.051709 0.745436
0 0.491245 0.528916 0.023515 0.035038 0.665765
6 0.931270 0.519889 0.028555 0.101244 0.644520
0 0.690800 0.510109 0.036823 0.053850 0.605630
1 0.890513 0.453988 0.218215 0.131362 0.513857
3 0.853666 0.522034 0.019054 0.053361 0.477416