2 0.412029 0.538501 0.237956 0.445727 0.938133
6 0.666998 0.743410 0.159038 0.433058 0.921672
3 0.263196 0.816887 0.142528 0.365551 0.915822
1 0.149029 0.521036 0.298005 0.747884 0.892085
3 0.678286 0.805057 0.255505 0.324244 0.877392
0 0.830295 0.714857 0.194107 0.324772 0.803638
3 0.045195 0.895212 0.090325 0.208472 0.757342
0 0.889841 0.634259 0.174530 0.192583 0.667987
6 0.919705 0.559837 0.018711 0.069567 0.648666
1 0.754580 0.508041 0.113611 0.097003 0.570189
6 0.941916 0.585203 0.041533 0.072419 0.505437