1 0.241408 0.483769 0.249291 0.308025 0.949104
1 0.832382 0.455618 0.335124 0.407209 0.931593
6 0.663944 0.529772 0.025390 0.133396 0.760961
6 0.451410 0.561591 0.036148 0.134833 0.726581
1 0.436752 0.479319 0.048246 0.073573 0.681920
1 0.610494 0.483147 0.121657 0.162153 0.643599
0 0.497286 0.518483 0.034651 0.047766 0.640424
6 0.549217 0.558552 0.021491 0.131882 0.631314
6 0.592549 0.527522 0.020241 0.135178 0.552794
0 0.043239 0.702894 0.086478 0.447868 0.531789
0 0.523502 0.511610 0.025653 0.051577 0.498162
6 0.625768 0.515438 0.028414 0.147345 0.478111
6 0.474319 0.524176 0.024788 0.091451 0.477613