6 0.359573 0.774313 0.162829 0.450330 0.932684
0 0.351746 0.685328 0.235940 0.291337 0.909290
3 0.069183 0.829890 0.138366 0.336543 0.902459
0 0.878729 0.715399 0.242492 0.364182 0.886892
6 0.218705 0.674464 0.033523 0.240044 0.843350
3 0.619601 0.716287 0.087633 0.210263 0.764124
6 0.727813 0.669890 0.059892 0.281235 0.745467
0 0.526371 0.596660 0.102836 0.181347 0.713118
6 0.112783 0.338387 0.033782 0.226490 0.536601
0 0.708176 0.641035 0.122806 0.213933 0.502164
6 0.600710 0.644141 0.046787 0.233357 0.429959
6 0.085766 0.329624 0.043288 0.216511 0.419065
6 0.042118 0.326622 0.045109 0.296478 0.415310