0 0.117730 0.705624 0.235460 0.285218 0.924346
2 0.933710 0.595170 0.132581 0.505121 0.837174
6 0.255220 0.621235 0.033584 0.201282 0.817727
6 0.316606 0.629657 0.038883 0.196038 0.750713
2 0.472960 0.554175 0.030197 0.067700 0.648806
6 0.346417 0.585430 0.021154 0.098650 0.606620
3 0.370332 0.583256 0.037208 0.058212 0.565246
3 0.433308 0.626963 0.073551 0.166175 0.550346
3 0.231823 0.629333 0.034270 0.139127 0.515732
3 0.736640 0.575008 0.053727 0.081379 0.505755
6 0.036855 0.547761 0.027234 0.074448 0.505582
2 0.527331 0.558441 0.029954 0.065678 0.411883