3 0.147046 0.695627 0.094919 0.170483 0.871925
6 0.471804 0.674871 0.085796 0.283489 0.869231
3 0.564841 0.782928 0.098017 0.347081 0.852876
6 0.566975 0.679264 0.099187 0.291601 0.849431
3 0.713091 0.760175 0.104637 0.317444 0.847919
3 0.347760 0.766355 0.102604 0.263574 0.826463
6 0.148195 0.638459 0.064825 0.188417 0.823460
6 0.038021 0.536051 0.023041 0.093072 0.811048
6 0.613556 0.640761 0.055514 0.223497 0.757741
3 0.414985 0.638514 0.037788 0.096089 0.633828
6 0.414476 0.596877 0.031008 0.124531 0.600608
3 0.287745 0.681546 0.062162 0.174246 0.588952
3 0.183749 0.596470 0.045228 0.077541 0.556743
7 0.685958 0.281090 0.035815 0.018392 0.527456
6 0.693939 0.569143 0.032198 0.085697 0.459648
3 0.623068 0.713853 0.052194 0.168197 0.421016
6 0.178494 0.560117 0.026670 0.083057 0.406743