3 0.838702 0.809197 0.214522 0.379764 0.904994
6 0.826306 0.703609 0.135556 0.366186 0.889938
6 0.062499 0.720351 0.110372 0.491857 0.828946
6 0.160009 0.688078 0.109652 0.453167 0.794792
3 0.528973 0.640292 0.061672 0.171642 0.750212
2 0.898777 0.542521 0.131322 0.159538 0.737406
2 0.457607 0.477940 0.054815 0.109989 0.638950
0 0.699572 0.532529 0.044621 0.051621 0.636856
6 0.525770 0.583892 0.056032 0.179565 0.634010
0 0.584799 0.563534 0.086258 0.139003 0.633817
6 0.450986 0.512690 0.017663 0.072966 0.419870
6 0.761849 0.536457 0.015244 0.061695 0.407964