3 0.383124 0.721206 0.088181 0.193954 0.831477
6 0.382579 0.628473 0.067720 0.197607 0.814216
3 0.597196 0.610214 0.029093 0.087569 0.765852
2 0.644014 0.556797 0.072313 0.121597 0.741602
2 0.825352 0.608522 0.111768 0.166935 0.684492
6 0.256835 0.624069 0.029859 0.165109 0.651978
3 0.502679 0.571184 0.015384 0.039572 0.624540
6 0.530884 0.554926 0.013358 0.055401 0.588413
6 0.184384 0.608935 0.024361 0.143413 0.555168
3 0.272197 0.623942 0.107684 0.098794 0.449921
6 0.502955 0.548681 0.013800 0.047478 0.432246
0 0.431426 0.554669 0.035478 0.066675 0.425583