3 0.166737 0.793165 0.187805 0.280433 0.930735
3 0.912394 0.644384 0.089041 0.141470 0.855330
3 0.292013 0.682605 0.073479 0.179454 0.818026
6 0.909702 0.599356 0.048086 0.156638 0.756512
3 0.659154 0.566629 0.020899 0.059746 0.745370
3 0.591022 0.651941 0.046523 0.137164 0.714763
2 0.711189 0.553324 0.041313 0.083747 0.711985
3 0.727072 0.591480 0.030530 0.072286 0.695337
3 0.843571 0.577376 0.066565 0.065394 0.658126
0 0.548713 0.562344 0.025963 0.032534 0.652519
2 0.588763 0.544918 0.054784 0.116620 0.602278
6 0.589477 0.600370 0.043802 0.119416 0.566609
2 0.442106 0.637194 0.105691 0.231210 0.551134
6 0.729058 0.561939 0.023385 0.071067 0.530764