3 0.264194 0.700843 0.087182 0.211863 0.848009
6 0.269569 0.635069 0.078090 0.216406 0.817346
6 0.333599 0.569645 0.031874 0.090231 0.784937
6 0.503123 0.578297 0.037454 0.133681 0.747743
3 0.333039 0.598546 0.034381 0.084476 0.723295
0 0.772520 0.557691 0.129346 0.090655 0.673127
0 0.718249 0.553960 0.084910 0.081281 0.672860
3 0.503715 0.617567 0.036910 0.110114 0.604078
0 0.919443 0.581362 0.161114 0.174575 0.590987
3 0.608330 0.549251 0.026396 0.046808 0.532130
2 0.411102 0.598228 0.084886 0.189785 0.485637
3 0.479826 0.562090 0.022401 0.081811 0.477787
0 0.204264 0.563873 0.077531 0.124189 0.476957