6 0.076549 0.777411 0.153098 0.445179 0.923547
6 0.545880 0.678067 0.056831 0.286824 0.802269
6 0.704529 0.656369 0.043343 0.216151 0.768726
6 0.906460 0.685951 0.068375 0.286088 0.709224
6 0.734836 0.683982 0.057069 0.255912 0.708428
6 0.641344 0.662827 0.057412 0.209685 0.646673
6 0.393049 0.676771 0.067681 0.291363 0.602492
6 0.493487 0.678420 0.057027 0.261791 0.590806
6 0.582247 0.641359 0.041073 0.161768 0.567610
6 0.942040 0.402572 0.039597 0.121643 0.554831
6 0.196166 0.687470 0.048057 0.220854 0.541441
6 0.358890 0.691294 0.049295 0.246340 0.537553
6 0.788136 0.711403 0.069730 0.307850 0.522264
6 0.906668 0.410725 0.031606 0.096201 0.486674
6 0.335782 0.671397 0.034805 0.214648 0.437241
7 0.906025 0.048463 0.040207 0.095103 0.428812
6 0.248742 0.684208 0.065606 0.237388 0.406169