6 0.854103 0.622509 0.038131 0.184771 0.857962
6 0.892167 0.629032 0.043474 0.194996 0.857019
6 0.365343 0.625046 0.056869 0.188426 0.830775
4 0.934873 0.677614 0.072679 0.147914 0.822068
6 0.259130 0.646676 0.038778 0.100166 0.803326
6 0.396473 0.603059 0.037364 0.157972 0.739014
3 0.367299 0.682565 0.057779 0.161023 0.730529
1 0.611091 0.566879 0.044951 0.120297 0.643100
6 0.558811 0.491993 0.027866 0.106520 0.639003
6 0.532660 0.489211 0.033644 0.103668 0.596002
3 0.507062 0.704318 0.096727 0.317260 0.566429
6 0.459606 0.588953 0.048451 0.148940 0.546464
2 0.569128 0.601863 0.041757 0.126163 0.519966
3 0.779247 0.634452 0.152084 0.259278 0.503694
6 0.437111 0.580035 0.027630 0.121807 0.425550