1 0.909818 0.403032 0.180314 0.161006 0.862438
0 0.720491 0.431930 0.083201 0.054621 0.855557
0 0.036548 0.680603 0.073096 0.393664 0.820529
3 0.464195 0.471021 0.044985 0.063807 0.791154
6 0.840633 0.472284 0.041531 0.122474 0.712792
6 0.465158 0.450324 0.018156 0.076144 0.683771
3 0.496651 0.446811 0.027311 0.051022 0.671067
6 0.160670 0.458948 0.016754 0.072527 0.642401
6 0.440139 0.432606 0.010993 0.048376 0.612914
3 0.818726 0.482868 0.088089 0.135755 0.511084
0 0.303755 0.445996 0.055740 0.056670 0.438257
2 0.642159 0.409016 0.068086 0.091522 0.412825
3 0.284987 0.458975 0.026421 0.045039 0.406059