3 0.957845 0.687712 0.084311 0.246855 0.874611
6 0.590390 0.597462 0.034759 0.190311 0.871470
0 0.427837 0.571061 0.059404 0.125622 0.793694
6 0.177290 0.593848 0.044248 0.189819 0.784595
6 0.395867 0.594903 0.053107 0.175691 0.775521
3 0.394564 0.658441 0.051574 0.129209 0.730018
6 0.676431 0.558829 0.032489 0.138085 0.719492
8 0.184518 0.377360 0.065026 0.038596 0.703211
6 0.754430 0.603534 0.048544 0.111058 0.660779
6 0.699643 0.578897 0.036800 0.101859 0.626847
8 0.184027 0.303772 0.066865 0.078154 0.551479
8 0.983120 0.319080 0.033759 0.080906 0.526802
8 0.983756 0.389520 0.032487 0.045318 0.441968
6 0.352702 0.530289 0.021630 0.087052 0.415700