3 0.154802 0.813409 0.125471 0.287902 0.908104
3 0.324860 0.836370 0.098097 0.315260 0.907383
6 0.164223 0.741074 0.084964 0.296075 0.838397
6 0.752383 0.657305 0.036570 0.196993 0.776048
3 0.908295 0.662190 0.046059 0.115238 0.738041
3 0.013760 0.738823 0.027520 0.196067 0.732476
6 0.469901 0.612075 0.013514 0.048239 0.644823
6 0.244012 0.309940 0.076795 0.140827 0.625930
6 0.193060 0.635111 0.014830 0.067006 0.571412
6 0.409011 0.613604 0.015892 0.048030 0.569112
0 0.437852 0.609163 0.028524 0.040416 0.566856
6 0.801124 0.341693 0.048274 0.170669 0.463458