6 0.758951 0.618323 0.037156 0.197521 0.825377
6 0.295807 0.664657 0.055989 0.287243 0.811958
3 0.882506 0.636773 0.072504 0.115449 0.744681
0 0.044891 0.766736 0.089783 0.339588 0.721682
2 0.426125 0.647533 0.130811 0.285951 0.701175
6 0.249878 0.587508 0.028045 0.072064 0.642826
3 0.100174 0.643349 0.067857 0.143915 0.581184
3 0.145185 0.623745 0.037258 0.102914 0.568554
6 0.036190 0.624397 0.029882 0.087688 0.552904
2 0.951279 0.667702 0.097441 0.468900 0.458353
3 0.059532 0.655847 0.079579 0.151107 0.452901
0 0.529107 0.535132 0.018890 0.022969 0.450865
6 0.193095 0.596274 0.061548 0.117060 0.418435