6 0.638714 0.754702 0.159776 0.488443 0.929952
6 0.919191 0.749139 0.161328 0.498171 0.911219
6 0.423689 0.769231 0.133024 0.460152 0.896917
0 0.835787 0.610055 0.124875 0.174760 0.867409
3 0.282741 0.731061 0.104989 0.253311 0.837981
6 0.206505 0.676310 0.059775 0.271412 0.798500
3 0.352393 0.557776 0.042646 0.056753 0.737531
7 0.990657 0.241384 0.018685 0.205328 0.735019
2 0.466979 0.540025 0.084229 0.074724 0.734037
3 0.195361 0.722962 0.089078 0.226506 0.720989
6 0.885116 0.597381 0.102533 0.190969 0.674384
1 0.514556 0.532463 0.042843 0.075391 0.638236
2 0.042168 0.469134 0.084336 0.169981 0.579242
3 0.746131 0.746979 0.055395 0.172962 0.570391
3 0.485639 0.761320 0.097567 0.294272 0.526653
6 0.702724 0.616751 0.055782 0.206344 0.473057
6 0.741375 0.593919 0.055134 0.172071 0.459066