2 0.911527 0.598211 0.176945 0.460304 0.912729
3 0.264340 0.729792 0.102126 0.262445 0.879617
0 0.681917 0.599662 0.117811 0.152644 0.781581
6 0.484289 0.625687 0.056658 0.180995 0.772985
6 0.437609 0.591356 0.042312 0.166794 0.766824
3 0.435253 0.644181 0.041198 0.105990 0.643755
0 0.022919 0.745941 0.045837 0.504346 0.564131
3 0.584801 0.601714 0.092957 0.194867 0.527761
3 0.481264 0.689613 0.056120 0.152998 0.499636
1 0.473384 0.545802 0.055101 0.095309 0.489740
2 0.641927 0.530838 0.059908 0.103904 0.424614
2 0.568302 0.492904 0.033988 0.035125 0.411263