6 0.944380 0.764000 0.094929 0.469449 0.918934
3 0.248284 0.754382 0.164495 0.400567 0.870332
6 0.409198 0.789566 0.156657 0.418782 0.866189
2 0.901642 0.703995 0.195038 0.499226 0.849878
0 0.606899 0.609608 0.059325 0.128965 0.803162
6 0.743511 0.636883 0.043372 0.179975 0.757776
6 0.662989 0.586974 0.033197 0.115784 0.751970
6 0.223472 0.601849 0.066474 0.109982 0.556810
6 0.576720 0.635772 0.029183 0.225873 0.462558
6 0.543185 0.721140 0.071888 0.371458 0.406803
3 0.148700 0.763773 0.100684 0.339349 0.403543