6 0.659982 0.759446 0.189245 0.477401 0.937457
6 0.392282 0.773663 0.150873 0.449852 0.893315
3 0.474139 0.789188 0.112320 0.325426 0.842311
2 0.512167 0.528960 0.113846 0.128789 0.783286
1 0.016580 0.508301 0.033102 0.101908 0.743288
6 0.944575 0.735930 0.110850 0.435311 0.736279
6 0.173944 0.769954 0.183430 0.448842 0.662697
3 0.262110 0.752434 0.108548 0.256962 0.639731
1 0.660875 0.509581 0.189567 0.222910 0.625891
0 0.111380 0.557607 0.135955 0.088156 0.564820
6 0.761410 0.603662 0.057001 0.184670 0.513132
3 0.889537 0.780645 0.100717 0.298589 0.512096
3 0.766071 0.779274 0.054355 0.187811 0.508794
6 0.728325 0.686717 0.070942 0.336024 0.450751
7 0.694854 0.286266 0.033466 0.016601 0.415354