6 0.032517 0.692609 0.058161 0.238618 0.935558
0 0.090286 0.596958 0.100584 0.122216 0.890162
3 0.344869 0.704932 0.053156 0.124613 0.783635
0 0.305965 0.614529 0.060336 0.091371 0.778276
0 0.372002 0.624579 0.061369 0.091815 0.777194
6 0.346127 0.659904 0.045392 0.164601 0.752011
0 0.522517 0.595576 0.020853 0.030031 0.698990
3 0.476987 0.626491 0.016868 0.035739 0.628068
0 0.793893 0.628391 0.047916 0.066392 0.619226
6 0.432560 0.607462 0.014871 0.060581 0.591271
6 0.477706 0.609797 0.014926 0.060351 0.586425
0 0.232876 0.615966 0.106244 0.151042 0.525908
8 0.645874 0.330834 0.032288 0.071770 0.484714