0 0.598210 0.611506 0.142242 0.180061 0.916935
0 0.047866 0.805507 0.095688 0.387569 0.840895
3 0.939947 0.782250 0.120106 0.276989 0.822569
3 0.317496 0.694787 0.154864 0.195948 0.817538
6 0.325032 0.630024 0.068695 0.213822 0.782444
0 0.372649 0.551139 0.042145 0.076574 0.720221
6 0.938623 0.688862 0.109318 0.286513 0.667089
6 0.442200 0.548632 0.027730 0.092071 0.604152
3 0.694031 0.615783 0.041919 0.118596 0.426995
6 0.752087 0.618117 0.027812 0.157665 0.420372
0 0.663526 0.568051 0.034994 0.089952 0.406091