0 0.138539 0.806935 0.277079 0.385100 0.938657
0 0.450900 0.718540 0.153174 0.242343 0.916404
0 0.325751 0.655285 0.103538 0.130689 0.915194
0 0.531887 0.623908 0.046089 0.078586 0.787277
3 0.559109 0.656905 0.030798 0.095605 0.732203
3 0.266348 0.694511 0.060593 0.122759 0.723287
2 0.457525 0.557903 0.060511 0.089071 0.599536
8 0.025128 0.343403 0.050096 0.069473 0.540919
2 0.530586 0.557944 0.057839 0.091741 0.506880
2 0.359777 0.590667 0.061970 0.122449 0.431664
6 0.271097 0.654955 0.039280 0.137104 0.408703