6 0.741272 0.670607 0.039197 0.235236 0.866295
0 0.452114 0.551588 0.032204 0.048231 0.728380
3 0.266368 0.729643 0.084370 0.237277 0.715025
3 0.740928 0.693788 0.086087 0.154046 0.686906
6 0.507103 0.574090 0.018138 0.087681 0.673624
3 0.598882 0.618192 0.028371 0.084943 0.659455
3 0.368746 0.614687 0.106512 0.119162 0.557501
3 0.213105 0.644103 0.095055 0.131132 0.521032
3 0.986075 0.778995 0.027849 0.199042 0.487817
6 0.599528 0.587808 0.030012 0.099765 0.480435
6 0.490095 0.557424 0.015201 0.056405 0.472684