0 0.632146 0.790204 0.356562 0.417778 0.889344
3 0.314806 0.698808 0.053338 0.174081 0.735843
2 0.700753 0.515657 0.225932 0.202161 0.720463
2 0.121421 0.627416 0.242843 0.742487 0.646580
1 0.842021 0.528361 0.059344 0.107787 0.634285
3 0.415421 0.710249 0.049276 0.122356 0.618229
6 0.414936 0.656750 0.048588 0.143159 0.596821
0 0.866276 0.768583 0.258860 0.386398 0.578006
1 0.932509 0.616543 0.134981 0.396455 0.535106
2 0.529133 0.594135 0.130011 0.258157 0.525766
3 0.977276 0.860992 0.045449 0.274861 0.474307