0 0.530119 0.756785 0.191762 0.306175 0.920879
6 0.028760 0.705965 0.057465 0.318253 0.894018
3 0.251545 0.845296 0.175699 0.303333 0.814382
1 0.498063 0.566688 0.141302 0.227679 0.782100
6 0.382959 0.657483 0.041466 0.135648 0.731543
2 0.827619 0.558570 0.344763 0.882032 0.650392
8 0.013371 0.407617 0.026742 0.104201 0.637544
3 0.323879 0.721468 0.064426 0.168316 0.524873
6 0.290062 0.770556 0.071889 0.345250 0.505767
6 0.231064 0.795965 0.098358 0.390117 0.476422
6 0.029849 0.915347 0.059698 0.167301 0.473691
6 0.454298 0.679341 0.043543 0.183543 0.421738
3 0.416316 0.646619 0.021232 0.053935 0.418636