6 0.678972 0.713597 0.091004 0.388634 0.918329
3 0.693655 0.836364 0.152931 0.325517 0.917526
6 0.917446 0.752091 0.075171 0.492425 0.910038
6 0.348627 0.779316 0.156131 0.406067 0.876025
6 0.177309 0.699830 0.065636 0.302972 0.859391
6 0.460763 0.612920 0.057892 0.192479 0.823768
6 0.427307 0.586383 0.032063 0.133949 0.769662
3 0.465736 0.676212 0.052319 0.162281 0.735068
3 0.426751 0.627169 0.031270 0.100025 0.699625
6 0.313046 0.594714 0.074020 0.148943 0.654666
6 0.872208 0.610577 0.049982 0.200005 0.638154
6 0.343541 0.589894 0.044724 0.141959 0.629978
6 0.704986 0.539109 0.018562 0.100141 0.629107
2 0.519163 0.570642 0.057653 0.116772 0.594451
3 0.554175 0.577481 0.020016 0.071961 0.550639
6 0.980360 0.582948 0.039280 0.193572 0.435987
3 0.113065 0.686362 0.081456 0.231090 0.422056