6 0.657654 0.757766 0.188192 0.480398 0.939906
6 0.403412 0.774521 0.125918 0.447471 0.838320
6 0.260740 0.705617 0.109026 0.329959 0.824920
3 0.811592 0.579460 0.021181 0.051654 0.816991
6 0.085618 0.617033 0.056799 0.165548 0.798640
3 0.039701 0.811731 0.079265 0.285451 0.752959
6 0.166763 0.769547 0.171043 0.450893 0.696110
2 0.355275 0.515525 0.227638 0.164664 0.672034
6 0.944607 0.736012 0.110646 0.410805 0.655278
6 0.722783 0.631219 0.063474 0.215738 0.651401
6 0.486630 0.736097 0.101710 0.415723 0.594157
3 0.422782 0.812802 0.232120 0.373124 0.590740
3 0.884103 0.780766 0.099629 0.294277 0.587909
2 0.553334 0.532174 0.052608 0.085995 0.584595
3 0.768015 0.779890 0.056811 0.187519 0.516722
6 0.763899 0.615185 0.059637 0.198753 0.469642
7 0.694730 0.285910 0.033503 0.016190 0.463098
7 0.723194 0.431369 0.016327 0.035996 0.406174