0 0.255264 0.676046 0.209914 0.226712 0.922066
0 0.581711 0.772120 0.355263 0.454494 0.918964
1 0.100772 0.540808 0.201543 0.354944 0.917250
6 0.390086 0.666455 0.071552 0.223313 0.880459
3 0.817227 0.772694 0.124444 0.313360 0.855365
6 0.067266 0.769701 0.134532 0.438789 0.854279
1 0.445268 0.545067 0.088864 0.192474 0.801526
6 0.902428 0.593084 0.025281 0.091907 0.788658
6 0.166591 0.303256 0.050051 0.120349 0.743009
6 0.976406 0.585148 0.025025 0.067647 0.706506
6 0.163116 0.418607 0.023603 0.073863 0.675283
1 0.630638 0.534239 0.157150 0.179300 0.620993
6 0.795259 0.697013 0.075045 0.283904 0.582605
6 0.137851 0.405945 0.024016 0.051071 0.575376
0 0.719875 0.561585 0.024759 0.045298 0.474311