2 0.097582 0.732491 0.194905 0.459107 0.866815
3 0.635242 0.701039 0.078241 0.171847 0.855355
6 0.514470 0.656518 0.080511 0.242680 0.848990
6 0.628307 0.633854 0.056723 0.189568 0.820126
0 0.309318 0.608005 0.104783 0.136671 0.819200
6 0.365687 0.634900 0.060306 0.185968 0.816804
0 0.919244 0.662424 0.161346 0.225077 0.800526
3 0.365041 0.693709 0.061848 0.147972 0.753109
3 0.803920 0.635319 0.062018 0.111686 0.749792
6 0.680130 0.589745 0.015902 0.069560 0.685512
1 0.593290 0.570164 0.045015 0.086635 0.621681
1 0.564422 0.553347 0.031035 0.061339 0.590435
6 0.470510 0.561807 0.012786 0.060367 0.580422
3 0.389083 0.582674 0.030312 0.058548 0.498865
6 0.844313 0.603854 0.022032 0.098570 0.418590
6 0.694311 0.579966 0.014189 0.057325 0.415320