2 0.638725 0.431468 0.137797 0.220689 0.906770
6 0.160403 0.106606 0.073831 0.169818 0.885848
6 0.430123 0.489094 0.036422 0.112819 0.826827
3 0.870193 0.552680 0.067691 0.122890 0.810135
6 0.343641 0.477697 0.017241 0.089122 0.767434
3 0.430241 0.526611 0.035490 0.093573 0.750938
6 0.388825 0.471700 0.026320 0.083867 0.736454
2 0.518185 0.425123 0.035945 0.062435 0.609141
6 0.183430 0.518750 0.026912 0.137504 0.590050
3 0.229791 0.465841 0.022571 0.038628 0.586983
6 0.867916 0.514272 0.053338 0.142507 0.581359
0 0.460939 0.437720 0.017437 0.029758 0.564453