6 0.950849 0.789990 0.098303 0.417953 0.957332
3 0.067098 0.849636 0.134196 0.297574 0.928144
6 0.822735 0.795438 0.085506 0.407713 0.920031
0 0.131999 0.648676 0.092999 0.137501 0.897980
0 0.509794 0.648244 0.098281 0.139556 0.867217
0 0.585938 0.615534 0.046632 0.071614 0.750105
3 0.385811 0.686904 0.056451 0.114686 0.734528
0 0.372003 0.644757 0.127118 0.128098 0.711368
0 0.438852 0.621598 0.055680 0.098713 0.710662
6 0.272969 0.622654 0.015668 0.082973 0.654927
6 0.187177 0.649092 0.028477 0.152660 0.517354
0 0.414530 0.639947 0.049605 0.108500 0.514370
2 0.744561 0.570472 0.126132 0.210597 0.493114