6 0.372314 0.684485 0.060902 0.258526 0.924326
6 0.126580 0.728491 0.118189 0.513913 0.902897
0 0.852958 0.753424 0.293602 0.365853 0.893247
3 0.209321 0.859303 0.128867 0.278603 0.803027
3 0.451976 0.704716 0.075883 0.169037 0.802405
3 0.536206 0.667638 0.053289 0.144607 0.754190
3 0.059581 0.810761 0.119163 0.378477 0.744416
6 0.535421 0.623532 0.044749 0.156169 0.690051
6 0.439592 0.642286 0.048151 0.197525 0.608987
3 0.632434 0.666140 0.082274 0.140163 0.575716
6 0.395737 0.575185 0.011075 0.061965 0.459271
6 0.613815 0.591092 0.033716 0.098173 0.453495
6 0.485403 0.606571 0.027486 0.131621 0.415057