3 0.813409 0.861107 0.232776 0.275966 0.870749
6 0.908640 0.693302 0.070611 0.337165 0.865244
3 0.247888 0.655640 0.179991 0.299888 0.828185
6 0.797416 0.762015 0.127532 0.470288 0.825594
6 0.537932 0.556826 0.026047 0.143726 0.764863
3 0.657210 0.685910 0.073111 0.247255 0.761785
6 0.599314 0.558480 0.038158 0.133051 0.757465
6 0.466675 0.689535 0.089529 0.456054 0.751652
3 0.590443 0.589548 0.058598 0.089000 0.724934
3 0.407250 0.673646 0.058937 0.226316 0.713722
6 0.513466 0.642441 0.041205 0.235014 0.635959
3 0.362024 0.576413 0.070479 0.094815 0.591562
6 0.246298 0.542644 0.047065 0.086043 0.573643
0 0.563436 0.560872 0.043564 0.118946 0.532160
6 0.361712 0.545427 0.022494 0.106364 0.508766
6 0.701846 0.548453 0.029348 0.087537 0.437094
3 0.697941 0.584472 0.023078 0.091404 0.403643