0 0.736630 0.623636 0.141686 0.164358 0.898752
3 0.898658 0.855623 0.202685 0.287603 0.883254
6 0.290787 0.671786 0.043339 0.234793 0.857587
6 0.448674 0.639365 0.060363 0.217939 0.840572
3 0.578618 0.643940 0.042663 0.112292 0.803100
6 0.576513 0.603792 0.036741 0.129816 0.776541
6 0.033747 0.627107 0.046066 0.175443 0.766874
3 0.393340 0.640844 0.039690 0.101095 0.744592
6 0.393702 0.601408 0.035315 0.134633 0.737960
3 0.801003 0.673091 0.072932 0.129210 0.737343
6 0.074453 0.595926 0.037222 0.120856 0.703613
6 0.953349 0.658511 0.060437 0.263990 0.690350
6 0.066538 0.316913 0.019692 0.069660 0.612571
2 0.596827 0.564792 0.057773 0.121858 0.600203
0 0.794350 0.589478 0.038002 0.073522 0.591023
6 0.877213 0.562786 0.034251 0.132326 0.535945
6 0.264738 0.589996 0.029899 0.114575 0.501245
6 0.923864 0.598628 0.039786 0.102924 0.400720