6 0.805681 0.690772 0.088854 0.279012 0.856254
3 0.793613 0.769616 0.124337 0.249282 0.845818
6 0.068048 0.667814 0.075334 0.359058 0.843221
3 0.623430 0.663835 0.053058 0.159252 0.786277
6 0.962102 0.656656 0.054637 0.243962 0.774084
6 0.012566 0.647403 0.025119 0.326604 0.759979
3 0.703434 0.636802 0.031925 0.101748 0.720575
3 0.557900 0.607090 0.032165 0.089400 0.658998
6 0.624063 0.606785 0.048492 0.149138 0.654969
2 0.368059 0.574228 0.045736 0.097489 0.614455
6 0.558036 0.573582 0.030052 0.107292 0.599929
3 0.528890 0.596117 0.021899 0.065590 0.490826