1 0.448939 0.520605 0.141861 0.264025 0.933685
6 0.081691 0.755270 0.163382 0.486373 0.915759
1 0.690126 0.512377 0.135892 0.157036 0.897152
2 0.940907 0.531488 0.118107 0.238615 0.883446
3 0.199664 0.752864 0.120034 0.236601 0.764804
0 0.814322 0.584332 0.074078 0.104048 0.746209
2 0.575198 0.555607 0.056411 0.101278 0.568650
6 0.193735 0.676133 0.077246 0.285381 0.553215
6 0.254225 0.572094 0.021038 0.093603 0.529024
2 0.305717 0.587481 0.065593 0.136369 0.516298
0 0.085907 0.543916 0.041793 0.056086 0.504709
0 0.176862 0.620392 0.138252 0.210853 0.466153
0 0.860274 0.566202 0.053952 0.086133 0.448854