0 0.879100 0.662061 0.144652 0.163531 0.905619
0 0.722434 0.697536 0.200224 0.270357 0.884106
0 0.207573 0.803772 0.392925 0.390740 0.872892
6 0.515331 0.700828 0.076817 0.227774 0.796127
1 0.581826 0.566566 0.051042 0.094020 0.651015
6 0.579550 0.619035 0.036654 0.103975 0.628714
0 0.615246 0.617327 0.058493 0.099976 0.608251
3 0.579847 0.653243 0.033608 0.082121 0.542400
0 0.456962 0.704106 0.100841 0.231569 0.456435
3 0.508724 0.831116 0.070742 0.160610 0.441056
1 0.499894 0.548163 0.100185 0.125987 0.417081
1 0.636698 0.556239 0.044998 0.065802 0.406679