6 0.759950 0.776593 0.136797 0.429120 0.882146
3 0.795460 0.859463 0.260153 0.276443 0.863794
6 0.621286 0.700666 0.045953 0.246732 0.854789
6 0.834626 0.753879 0.123701 0.420267 0.841163
6 0.714079 0.665106 0.034513 0.151203 0.834114
0 0.583552 0.630613 0.044409 0.075720 0.829810
0 0.273036 0.691556 0.117090 0.216651 0.824658
6 0.552841 0.703402 0.050783 0.244790 0.818158
6 0.171089 0.611820 0.017079 0.070196 0.615753
2 0.214402 0.624674 0.059919 0.126810 0.577350
2 0.085503 0.649066 0.080705 0.180641 0.482416
0 0.046495 0.592384 0.092979 0.092507 0.479758