3 0.193788 0.781383 0.130754 0.267071 0.877729
6 0.097520 0.606678 0.047392 0.205158 0.865864
1 0.587550 0.469490 0.071256 0.078522 0.742379
6 0.241492 0.585988 0.040391 0.110455 0.738607
0 0.492402 0.588276 0.046818 0.148727 0.670068
6 0.708309 0.596006 0.041084 0.163869 0.650851
3 0.712717 0.653951 0.065898 0.156107 0.614403
1 0.506750 0.486453 0.043535 0.049330 0.604340
6 0.391227 0.531157 0.016288 0.085629 0.596057
6 0.438924 0.540346 0.016118 0.087075 0.503764
6 0.426599 0.530554 0.014404 0.070799 0.477240
6 0.677517 0.583259 0.034323 0.149065 0.458254
1 0.897739 0.534876 0.204522 0.514269 0.418778
2 0.585287 0.675885 0.161452 0.340325 0.409939
6 0.352797 0.546387 0.015824 0.110482 0.401437