0 0.073160 0.897424 0.146283 0.203240 0.912387
6 0.289936 0.665108 0.058343 0.207218 0.880620
3 0.469006 0.763882 0.089831 0.297471 0.870356
3 0.974137 0.566544 0.039018 0.068687 0.802037
3 0.290088 0.721185 0.069900 0.183351 0.801171
6 0.385710 0.603966 0.035374 0.112368 0.788186
6 0.970119 0.547613 0.024631 0.091546 0.639197
0 0.931330 0.538812 0.065821 0.066784 0.616006
8 0.392983 0.268236 0.290545 0.107421 0.595354
3 0.889893 0.596936 0.041887 0.114772 0.591685
6 0.434727 0.609832 0.028299 0.111896 0.496860