6 0.149524 0.769513 0.080771 0.421032 0.922709
6 0.077525 0.752049 0.073177 0.433951 0.895755
0 0.694032 0.569813 0.057172 0.086363 0.864582
6 0.210977 0.578308 0.029386 0.168433 0.849327
6 0.873905 0.575906 0.030339 0.142884 0.816290
0 0.625041 0.558355 0.052550 0.079748 0.809346
2 0.551384 0.636186 0.137434 0.256613 0.763495
3 0.022683 0.809776 0.045365 0.329818 0.753386
6 0.458214 0.582333 0.029514 0.112698 0.730476
3 0.909175 0.605309 0.063864 0.115287 0.602821
3 0.744313 0.565635 0.016816 0.056882 0.519929
6 0.108119 0.585616 0.036018 0.196782 0.500825
0 0.660216 0.554252 0.025048 0.041545 0.486761