3 0.271450 0.755603 0.145014 0.275635 0.843102
3 0.843745 0.796454 0.174986 0.293850 0.827032
6 0.301170 0.677946 0.078139 0.272676 0.778130
3 0.400537 0.723162 0.072351 0.216836 0.766626
6 0.331070 0.578284 0.024195 0.139253 0.716372
6 0.808015 0.708444 0.091040 0.352328 0.715535
3 0.163434 0.707247 0.069697 0.276101 0.677209
6 0.361848 0.590768 0.040804 0.116573 0.502127
3 0.357399 0.652305 0.035722 0.103021 0.478843
6 0.423652 0.552693 0.022574 0.076132 0.451870
1 0.389047 0.520979 0.073398 0.108929 0.450918