6 0.218569 0.648042 0.066750 0.200402 0.859021
3 0.216154 0.712483 0.076191 0.176005 0.855661
0 0.296936 0.583834 0.073008 0.082728 0.851588
0 0.344316 0.569173 0.044175 0.064646 0.822766
0 0.424738 0.587017 0.072593 0.108913 0.804859
6 0.486703 0.605234 0.046968 0.150695 0.779651
6 0.260791 0.606471 0.022114 0.114409 0.769528
3 0.038545 0.693803 0.077091 0.159929 0.768626
0 0.926835 0.550731 0.144864 0.130584 0.765870
3 0.486912 0.652647 0.044509 0.133832 0.652010
0 0.372136 0.560449 0.033485 0.053011 0.614931
0 0.846465 0.536652 0.051886 0.095820 0.598191
0 0.015500 0.602368 0.030968 0.105613 0.565238
6 0.187618 0.606526 0.025284 0.122572 0.532921
1 0.485371 0.522791 0.027331 0.057981 0.525272
6 0.788526 0.551224 0.036869 0.108631 0.494780
0 0.086009 0.586658 0.035397 0.041168 0.457979
6 0.395362 0.552578 0.014164 0.049812 0.436865
0 0.171180 0.635550 0.125376 0.158849 0.416349