0 0.408095 0.560670 0.067807 0.106469 0.880639
2 0.484086 0.511616 0.072917 0.146931 0.807518
3 0.285875 0.657925 0.069750 0.186778 0.782818
6 0.335641 0.552387 0.020098 0.085323 0.758836
3 0.136470 0.538468 0.057315 0.061344 0.729438
3 0.081838 0.527516 0.051084 0.069591 0.710109
0 0.370190 0.533546 0.033040 0.058991 0.709431
6 0.288371 0.611616 0.048486 0.183584 0.613869
0 0.290632 0.546689 0.057380 0.099789 0.583694
6 0.790958 0.545622 0.014528 0.067451 0.519402
6 0.238567 0.520261 0.015337 0.076354 0.500009
2 0.257172 0.510784 0.024668 0.079417 0.419501