1 0.632219 0.490089 0.273470 0.378162 0.938672
1 0.404978 0.520846 0.178092 0.350985 0.932459
6 0.092329 0.766443 0.157148 0.466885 0.930970
3 0.950008 0.799642 0.099826 0.373639 0.901112
6 0.493213 0.659579 0.075217 0.264000 0.865758
0 0.739240 0.767300 0.324834 0.435285 0.837828
6 0.346723 0.650293 0.080096 0.251242 0.835145
3 0.267048 0.690336 0.096019 0.206240 0.792709
6 0.179274 0.549308 0.029242 0.167876 0.750393
6 0.959290 0.708684 0.081138 0.331920 0.723480
6 0.203612 0.543033 0.022405 0.145948 0.511129
6 0.215598 0.549599 0.023837 0.150883 0.405067