3 0.355933 0.765940 0.213357 0.231529 0.911123
6 0.340780 0.686422 0.111295 0.313241 0.872936
3 0.052488 0.652073 0.104976 0.159054 0.820294
6 0.152622 0.582968 0.023272 0.093134 0.794708
6 0.276014 0.603157 0.053566 0.132981 0.786565
6 0.051478 0.620209 0.048443 0.167368 0.782969
3 0.122319 0.650543 0.095618 0.121980 0.772701
6 0.116126 0.607994 0.038292 0.142526 0.757695
3 0.444974 0.597006 0.040240 0.095431 0.685456
6 0.189365 0.599113 0.018563 0.110616 0.674837
0 0.525117 0.630409 0.085816 0.171200 0.663459
6 0.717125 0.657296 0.052775 0.240399 0.637011
3 0.691600 0.666749 0.277523 0.332851 0.622760
6 0.246844 0.560932 0.014803 0.081200 0.599365
0 0.897739 0.643079 0.204522 0.320132 0.550809
6 0.799439 0.550700 0.034163 0.092418 0.481806
3 0.401342 0.567704 0.041641 0.060575 0.481388
6 0.376061 0.555536 0.014184 0.059229 0.416559
3 0.256346 0.691649 0.086935 0.159359 0.407367