3 0.238826 0.693561 0.118583 0.309313 0.907609
6 0.226375 0.522004 0.038636 0.169615 0.840888
6 0.284451 0.512745 0.025039 0.164565 0.821127
6 0.876394 0.627989 0.065459 0.335016 0.803777
3 0.354680 0.606592 0.080429 0.181827 0.790623
6 0.912598 0.684146 0.061193 0.236824 0.744517
3 0.625190 0.533928 0.026981 0.076285 0.719752
6 0.626512 0.501251 0.028102 0.080841 0.619686
6 0.344248 0.476041 0.019512 0.119556 0.471374
3 0.722606 0.561967 0.033395 0.101714 0.461410
6 0.506575 0.497431 0.015309 0.059566 0.438535