6 0.013657 0.588738 0.027314 0.249975 0.839648
6 0.049761 0.594270 0.040402 0.234260 0.825386
6 0.540326 0.644910 0.063742 0.235386 0.802360
1 0.225823 0.549966 0.166648 0.288233 0.783992
0 0.403813 0.629539 0.132901 0.225221 0.762026
3 0.205126 0.773603 0.146022 0.247223 0.758173
0 0.820197 0.592021 0.098659 0.102815 0.728836
6 0.161292 0.631778 0.043157 0.217102 0.706776
2 0.768432 0.559767 0.068395 0.078269 0.534465
0 0.583133 0.612553 0.078191 0.159729 0.503457
6 0.231688 0.638221 0.060073 0.174687 0.451961
2 0.608474 0.524812 0.034363 0.061114 0.438709
6 0.342171 0.578429 0.020370 0.117378 0.414451