0 0.555019 0.591443 0.075241 0.106815 0.865054
6 0.133061 0.575190 0.040709 0.203288 0.825335
0 0.470339 0.611620 0.098067 0.172630 0.819049
6 0.630993 0.639355 0.058637 0.197314 0.815341
6 0.391058 0.560726 0.021115 0.084995 0.638255
6 0.301228 0.603447 0.041940 0.157908 0.555488
6 0.778845 0.561867 0.012572 0.045813 0.505187
6 0.865857 0.578412 0.013348 0.071210 0.504876
2 0.424847 0.534227 0.031620 0.078436 0.464249
6 0.829461 0.571425 0.016563 0.069703 0.447981
6 0.928295 0.593977 0.026748 0.078676 0.414312
3 0.932903 0.615417 0.053857 0.060819 0.402726