0 0.504394 0.783625 0.328531 0.432750 0.932078
3 0.081888 0.843546 0.163729 0.311994 0.896920
1 0.296525 0.482004 0.153344 0.101935 0.863949
6 0.492468 0.535682 0.042938 0.069250 0.767955
3 0.302491 0.752499 0.102506 0.304356 0.719175
6 0.522362 0.536970 0.034044 0.069035 0.680214
6 0.413743 0.559403 0.042908 0.106082 0.620324
6 0.440604 0.536380 0.026472 0.073856 0.612954
3 0.366593 0.624171 0.041984 0.113903 0.517022
7 0.719551 0.288235 0.029480 0.083511 0.496556
3 0.240747 0.710401 0.051260 0.158873 0.475150
6 0.302162 0.506035 0.020995 0.053405 0.459517
6 0.251826 0.494505 0.020240 0.054594 0.433218
6 0.242494 0.590090 0.067680 0.160295 0.421204
2 0.927011 0.723852 0.145979 0.393481 0.407596
6 0.271200 0.520031 0.030494 0.078316 0.404555