0 0.237328 0.690231 0.251611 0.328428 0.890109
0 0.913461 0.711285 0.173077 0.284211 0.837585
0 0.359114 0.540332 0.034415 0.048758 0.793651
6 0.570906 0.635986 0.066873 0.213374 0.778608
3 0.573782 0.707252 0.073601 0.191581 0.772139
2 0.454174 0.521342 0.047407 0.087838 0.659395
6 0.438807 0.559483 0.018905 0.070553 0.600698
0 0.625571 0.576356 0.032291 0.094932 0.587600
3 0.441265 0.582046 0.027405 0.067225 0.556445
8 0.916888 0.436589 0.039700 0.135830 0.519125
3 0.485696 0.550545 0.015712 0.063531 0.491879
0 0.600430 0.557507 0.028880 0.056102 0.409112