0 0.427923 0.570640 0.072511 0.111279 0.895857
6 0.146491 0.621555 0.046710 0.238396 0.838816
6 0.506024 0.574439 0.039632 0.135881 0.815102
3 0.360557 0.627733 0.047631 0.147579 0.795417
0 0.960196 0.534205 0.079607 0.101904 0.782796
2 0.068650 0.542635 0.137301 0.407656 0.715017
0 0.849766 0.530520 0.095909 0.086794 0.708605
1 0.469623 0.519338 0.039681 0.092173 0.691912
6 0.755739 0.545817 0.024649 0.098830 0.640344
3 0.987960 0.610003 0.023951 0.179063 0.532883
6 0.269586 0.552256 0.016912 0.090031 0.476996