6 0.443177 0.657357 0.070702 0.254420 0.836986
2 0.549893 0.623795 0.083725 0.177241 0.799781
3 0.827678 0.656618 0.057012 0.123764 0.710015
0 0.270901 0.600268 0.131012 0.141585 0.708537
3 0.229046 0.650451 0.054935 0.125021 0.708415
0 0.359377 0.585706 0.091802 0.089232 0.661318
3 0.444299 0.748081 0.069377 0.197878 0.630580
2 0.502787 0.589205 0.040760 0.114338 0.565634
2 0.123837 0.648458 0.170392 0.289461 0.541766
6 0.827007 0.625799 0.029253 0.129811 0.499780
2 0.648291 0.586725 0.045471 0.096258 0.499013
2 0.720813 0.623967 0.097540 0.183236 0.414052