6 0.147812 0.654195 0.040464 0.192616 0.884565
6 0.200154 0.655511 0.037432 0.185954 0.860307
0 0.950843 0.610442 0.098314 0.141805 0.834517
6 0.573179 0.630539 0.044232 0.176856 0.813494
6 0.920461 0.602285 0.030732 0.154796 0.789893
3 0.302469 0.667329 0.036155 0.121779 0.786627
6 0.339352 0.611128 0.029676 0.145227 0.786212
6 0.758075 0.632254 0.039992 0.166476 0.785878
6 0.239849 0.612620 0.020009 0.115454 0.771233
3 0.801109 0.627535 0.047236 0.104108 0.765103
6 0.479665 0.652089 0.036583 0.196338 0.753949
3 0.377346 0.664975 0.038047 0.123374 0.703898
3 0.479309 0.656265 0.078243 0.134575 0.695117
6 0.220677 0.629242 0.013071 0.084851 0.679688
3 0.043109 0.661330 0.086218 0.228190 0.649684
6 0.736999 0.627566 0.049537 0.166927 0.615819
6 0.310658 0.618917 0.022823 0.133053 0.524701
6 0.010424 0.656834 0.020848 0.163930 0.522494