0 0.606939 0.601770 0.143491 0.163298 0.927884
6 0.203294 0.732709 0.085923 0.447313 0.925141
1 0.473847 0.535429 0.157148 0.125264 0.907504
0 0.876635 0.584049 0.127517 0.084713 0.885491
6 0.070823 0.601172 0.064049 0.264722 0.840865
6 0.357583 0.627799 0.046494 0.231653 0.810546
6 0.393048 0.612427 0.032504 0.167139 0.803590
6 0.114699 0.607490 0.057530 0.274289 0.796624
6 0.167344 0.601383 0.044890 0.230147 0.700050
6 0.334221 0.593911 0.016934 0.120124 0.560792
0 0.735455 0.574628 0.065427 0.074819 0.554829
6 0.314338 0.593713 0.022233 0.118793 0.517038
6 0.281676 0.593261 0.028145 0.121571 0.482190