6 0.388896 0.783212 0.118357 0.429965 0.835337
6 0.080342 0.570037 0.033529 0.179209 0.823983
0 0.866812 0.795314 0.266120 0.408623 0.749342
6 0.450496 0.634348 0.069519 0.206835 0.719358
6 0.305808 0.785141 0.198037 0.421389 0.697106
3 0.342078 0.874506 0.213378 0.248730 0.626201
3 0.153937 0.591069 0.110421 0.132940 0.591635
2 0.891715 0.493297 0.150358 0.232514 0.589506
0 0.753981 0.678270 0.261044 0.350470 0.585031
0 0.615132 0.603333 0.076124 0.140994 0.584555
6 0.413096 0.611802 0.048765 0.193441 0.578063
6 0.491460 0.585299 0.033974 0.118932 0.543786
3 0.542686 0.727256 0.057118 0.148447 0.487415
3 0.126304 0.591835 0.061631 0.126426 0.478600
6 0.550547 0.657615 0.098306 0.230454 0.443072
2 0.695129 0.474849 0.071424 0.079948 0.426654
6 0.577613 0.646719 0.044370 0.247938 0.420993