0 0.208312 0.775126 0.224951 0.353456 0.845369
3 0.735757 0.748388 0.126392 0.209246 0.800454
0 0.685629 0.669380 0.176546 0.223421 0.765624
0 0.303811 0.664886 0.097552 0.187058 0.683870
6 0.570936 0.670046 0.058196 0.199759 0.661732
3 0.573089 0.735544 0.053751 0.159462 0.649373
0 0.487854 0.644876 0.099512 0.205769 0.624166
6 0.722653 0.705243 0.049332 0.241315 0.613588
2 0.551877 0.518021 0.084129 0.143654 0.553126
2 0.422622 0.522426 0.051115 0.063603 0.546309
0 0.936345 0.946268 0.127310 0.107463 0.541161
6 0.752527 0.706426 0.048505 0.204135 0.471774
6 0.537896 0.605815 0.019168 0.105344 0.420335