6 0.073469 0.761877 0.090814 0.452480 0.938147
6 0.870105 0.796283 0.237156 0.404964 0.885345
0 0.610770 0.685123 0.101836 0.188451 0.864290
3 0.453881 0.739718 0.069586 0.170746 0.815733
6 0.653213 0.732756 0.083823 0.274294 0.754510
3 0.833796 0.917161 0.332407 0.165092 0.728542
6 0.017629 0.612878 0.035257 0.195688 0.696776
3 0.658353 0.823496 0.095049 0.282213 0.671911
3 0.404568 0.638887 0.046644 0.080138 0.600023
8 0.399773 0.450577 0.031893 0.029129 0.569751
4 0.153165 0.650762 0.046408 0.108207 0.472704
1 0.783960 0.604657 0.056909 0.230125 0.444715
3 0.717310 0.760048 0.048879 0.193613 0.436948
8 0.500979 0.480208 0.024714 0.034377 0.400365