0 0.066030 0.611486 0.132061 0.146036 0.894646
1 0.960948 0.613939 0.078104 0.157798 0.862861
0 0.460857 0.612167 0.108809 0.178906 0.844102
3 0.153148 0.622110 0.066723 0.121122 0.824088
6 0.398637 0.666474 0.074952 0.254640 0.783128
3 0.384079 0.752114 0.104662 0.214742 0.754941
3 0.271117 0.682396 0.059737 0.162552 0.754878
2 0.522401 0.565456 0.052518 0.105597 0.746385
6 0.271680 0.631000 0.053233 0.185411 0.734182
3 0.878149 0.628973 0.037663 0.069045 0.717899
3 0.229207 0.644511 0.036605 0.098279 0.687658
3 0.348673 0.648997 0.040819 0.118239 0.517033
1 0.563982 0.522779 0.028427 0.033107 0.503242
2 0.339754 0.598717 0.071475 0.142096 0.499620
8 0.566382 0.439994 0.020692 0.038500 0.456715
6 0.231334 0.593485 0.034922 0.103159 0.428779
0 0.664507 0.555518 0.036962 0.036453 0.410882