0 0.335933 0.502075 0.112097 0.147764 0.870899
0 0.568750 0.571036 0.195432 0.323489 0.834533
6 0.127424 0.449689 0.023536 0.114899 0.804894
6 0.166801 0.453781 0.022777 0.114186 0.782900
1 0.470449 0.417292 0.095741 0.182420 0.726787
6 0.409047 0.452572 0.018250 0.069717 0.702172
2 0.765339 0.466727 0.065889 0.119037 0.658892
2 0.834485 0.449203 0.040224 0.102274 0.532835
6 0.251159 0.443490 0.013607 0.075771 0.525709
6 0.958960 0.460877 0.018056 0.087668 0.448310
6 0.977383 0.489331 0.019176 0.101259 0.405567