0 0.773265 0.604948 0.085367 0.104757 0.907860
0 0.314061 0.626895 0.117286 0.152651 0.890895
6 0.935139 0.716793 0.087165 0.280271 0.880282
3 0.934391 0.808269 0.131214 0.276067 0.879100
0 0.966624 0.607494 0.066751 0.121189 0.854551
4 0.664345 0.660873 0.104328 0.097705 0.836101
3 0.514721 0.598209 0.059973 0.067669 0.758348
6 0.391112 0.612473 0.024443 0.142034 0.730452
3 0.606621 0.602451 0.020352 0.059998 0.727463
6 0.660310 0.625110 0.031266 0.160913 0.688253
0 0.475006 0.569442 0.052201 0.066048 0.656786
3 0.416066 0.611566 0.028128 0.074785 0.595483
6 0.509235 0.585623 0.022694 0.086002 0.584059
0 0.406565 0.581642 0.050333 0.084358 0.495672