1 0.804300 0.569592 0.252769 0.235139 0.926354
0 0.748409 0.732047 0.263127 0.362341 0.883556
6 0.971066 0.732112 0.057710 0.311903 0.871914
0 0.401001 0.776634 0.287749 0.438166 0.811279
6 0.958330 0.373802 0.041436 0.138167 0.785972
0 0.132166 0.770326 0.264332 0.419259 0.690080
0 0.590162 0.622601 0.116441 0.165646 0.665734
0 0.276192 0.617822 0.098125 0.131106 0.511782
6 0.943213 0.621614 0.017333 0.071400 0.474068
1 0.020919 0.494667 0.041706 0.170635 0.420900
0 0.519637 0.587594 0.057311 0.093847 0.410720