3 0.943320 0.697649 0.113359 0.214205 0.813024
6 0.120065 0.772464 0.233312 0.454413 0.812112
0 0.270232 0.594328 0.122331 0.147810 0.804781
6 0.217182 0.794505 0.146613 0.407321 0.790475
3 0.486095 0.590847 0.032911 0.066743 0.625820
3 0.843653 0.667555 0.058018 0.172566 0.553345
6 0.487642 0.571615 0.023507 0.083070 0.525655
6 0.655045 0.551100 0.016746 0.046008 0.448242
0 0.369869 0.571412 0.041371 0.073660 0.447696
3 0.522071 0.567789 0.012888 0.059391 0.438898
3 0.651405 0.596157 0.045907 0.073649 0.416237