2 0.101404 0.539428 0.202807 0.914283 0.891025
6 0.719499 0.609330 0.083885 0.348210 0.868924
6 0.866534 0.542767 0.061173 0.226344 0.762539
3 0.571861 0.526585 0.056459 0.145283 0.752901
6 0.137113 0.496561 0.071723 0.097649 0.746193
3 0.526033 0.504479 0.029991 0.092890 0.735861
6 0.616924 0.483465 0.034032 0.156772 0.735129
6 0.263643 0.466113 0.022573 0.107437 0.678771
2 0.389840 0.645936 0.208243 0.457701 0.643213
3 0.498750 0.479418 0.028477 0.068488 0.576835
6 0.683974 0.502881 0.026486 0.172013 0.508722