6 0.252810 0.696582 0.115795 0.353826 0.922575
3 0.121807 0.633978 0.152282 0.195772 0.903774
0 0.505995 0.589492 0.102988 0.159075 0.902140
0 0.843779 0.496297 0.058206 0.065497 0.883482
3 0.239052 0.823961 0.153218 0.349972 0.881669
6 0.118145 0.594291 0.060264 0.182314 0.851336
0 0.957603 0.512994 0.076061 0.115371 0.830027
0 0.740115 0.502044 0.049774 0.056903 0.763853
1 0.523032 0.488110 0.049093 0.091263 0.685706
3 0.396541 0.621647 0.046341 0.124575 0.659526
6 0.304509 0.577566 0.041995 0.146362 0.646091
3 0.307698 0.619425 0.073323 0.132969 0.632729
0 0.474236 0.521046 0.037636 0.071809 0.625173
3 0.720317 0.622051 0.027618 0.178588 0.574698
6 0.426149 0.526539 0.012420 0.070158 0.508016
6 0.291204 0.524436 0.020557 0.071855 0.453669