0 0.884810 0.699499 0.201904 0.212040 0.816431
3 0.774452 0.634538 0.033834 0.053776 0.684501
0 0.525486 0.588633 0.035694 0.052087 0.677543
0 0.825088 0.612624 0.080101 0.069799 0.665595
0 0.340925 0.600628 0.044299 0.085526 0.635427
6 0.395295 0.593453 0.018769 0.087017 0.624640
6 0.774954 0.615636 0.026036 0.084389 0.619001
0 0.579459 0.583282 0.036020 0.042950 0.516861
8 0.401332 0.518463 0.032144 0.051544 0.515441
0 0.482939 0.575535 0.027057 0.038602 0.482051
2 0.428304 0.593848 0.054583 0.096166 0.474450
0 0.630419 0.592416 0.041765 0.057936 0.459556
0 0.980103 0.739003 0.039793 0.297413 0.448830