0 0.599130 0.581156 0.098526 0.156418 0.939169
6 0.255459 0.853342 0.119730 0.292145 0.931106
6 0.890463 0.750021 0.217564 0.498162 0.930429
6 0.759457 0.740807 0.101818 0.516392 0.899051
3 0.321132 0.699526 0.119747 0.265372 0.894146
3 0.843410 0.872919 0.311742 0.254163 0.808931
6 0.681074 0.579044 0.030322 0.139593 0.768239
6 0.500395 0.576924 0.033609 0.150045 0.693385
3 0.039490 0.802814 0.078979 0.389356 0.685417
2 0.410971 0.569081 0.090260 0.201410 0.651143
6 0.162760 0.868830 0.071742 0.259346 0.608261