0 0.730760 0.786842 0.296378 0.411156 0.909877
2 0.443405 0.583592 0.111525 0.164554 0.899850
3 0.888813 0.721906 0.113814 0.184543 0.845210
6 0.527775 0.643471 0.048852 0.157892 0.810576
3 0.527409 0.689349 0.051525 0.123001 0.761639
2 0.738671 0.562186 0.036081 0.055318 0.709510
2 0.567127 0.582883 0.031936 0.068826 0.668378
6 0.912596 0.635293 0.035349 0.100702 0.540344
0 0.392876 0.581896 0.033511 0.053776 0.493267
3 0.615714 0.589122 0.014330 0.048442 0.485049
6 0.870446 0.661771 0.051500 0.158977 0.452968