6 0.085347 0.787595 0.114386 0.423097 0.941108
0 0.353398 0.648351 0.120232 0.159755 0.876795
0 0.420115 0.616286 0.067524 0.118023 0.831857
2 0.592066 0.565488 0.032764 0.088224 0.826346
0 0.708131 0.603909 0.098591 0.090897 0.785342
0 0.456073 0.600730 0.033597 0.080344 0.746063
6 0.484710 0.599014 0.016837 0.080572 0.662793
0 0.494383 0.580583 0.036328 0.049728 0.515759
1 0.554585 0.558056 0.027413 0.044353 0.486736
1 0.514450 0.559162 0.038394 0.060747 0.475114
0 0.617048 0.567916 0.018319 0.030816 0.455144