0 0.205468 0.788499 0.410877 0.423003 0.910509
6 0.521405 0.761372 0.118666 0.469647 0.891278
6 0.657847 0.612827 0.045435 0.289694 0.773411
6 0.626904 0.607471 0.037274 0.289355 0.769743
6 0.418273 0.566700 0.025499 0.134630 0.769573
6 0.797203 0.750699 0.113206 0.497479 0.761205
6 0.692028 0.602823 0.046861 0.269835 0.748121
6 0.865172 0.582266 0.068230 0.272024 0.680969
6 0.597851 0.541345 0.027130 0.152566 0.566251
6 0.384285 0.568853 0.025629 0.134642 0.491388
6 0.812194 0.510487 0.049847 0.167482 0.428609
2 0.521072 0.640443 0.145528 0.331806 0.424213
6 0.334684 0.582008 0.040165 0.115139 0.418661