0 0.277304 0.461872 0.086734 0.088663 0.859084
3 0.343142 0.635732 0.107991 0.234432 0.856808
0 0.681008 0.554884 0.070175 0.217495 0.850338
3 0.751962 0.534572 0.065725 0.119349 0.779777
2 0.859159 0.450751 0.274452 0.212838 0.769971
6 0.749514 0.498203 0.035245 0.157406 0.677183
6 0.731587 0.485813 0.020401 0.132422 0.594154
6 0.374106 0.510185 0.042680 0.148526 0.588836
2 0.116385 0.464732 0.089843 0.088849 0.565106
6 0.360567 0.452147 0.022838 0.069067 0.527227
0 0.530587 0.683406 0.279675 0.537502 0.475963