6 0.657566 0.757972 0.188457 0.480076 0.938722
6 0.260756 0.709218 0.109538 0.325643 0.819607
3 0.806108 0.578646 0.021443 0.050427 0.794025
6 0.402740 0.773190 0.124673 0.445585 0.789738
6 0.086558 0.617892 0.054653 0.166796 0.780547
3 0.037171 0.807148 0.074289 0.304633 0.767921
6 0.166433 0.769944 0.168590 0.450817 0.753872
2 0.351927 0.515412 0.227690 0.164487 0.713228
2 0.556366 0.532614 0.047840 0.086043 0.655436
6 0.487340 0.735502 0.103122 0.413396 0.642815
6 0.945208 0.733868 0.109442 0.407070 0.630510
6 0.723009 0.631818 0.064194 0.216825 0.615561
3 0.884573 0.780573 0.100602 0.294337 0.592837
3 0.766650 0.780734 0.060292 0.187601 0.555744
3 0.420968 0.815014 0.232808 0.368460 0.529986
7 0.694795 0.285976 0.033303 0.016340 0.446157
6 0.764646 0.612792 0.061209 0.195078 0.416004
0 0.500843 0.544469 0.019648 0.028449 0.414503