3 0.842651 0.754622 0.193832 0.223288 0.916766
6 0.836320 0.686162 0.089021 0.238434 0.898701
1 0.478583 0.532392 0.070633 0.125609 0.823274
3 0.150021 0.611498 0.048789 0.082076 0.795872
3 0.591812 0.655967 0.066119 0.119924 0.774002
6 0.600269 0.612249 0.048062 0.146517 0.741997
6 0.395047 0.573336 0.022024 0.075651 0.677392
3 0.396674 0.594290 0.024485 0.063697 0.634662
0 0.558285 0.596899 0.054620 0.090137 0.623559
6 0.149030 0.581812 0.026437 0.113558 0.555372
0 0.766065 0.574916 0.027040 0.030491 0.470156