0 0.484303 0.679211 0.134674 0.227587 0.928339
3 0.852205 0.668515 0.139694 0.197620 0.906238
6 0.041860 0.792297 0.083678 0.414479 0.837951
3 0.687704 0.780589 0.119222 0.294946 0.830046
3 0.143767 0.710228 0.137336 0.192522 0.810409
6 0.291218 0.670660 0.046870 0.246191 0.667077
6 0.262463 0.657888 0.043946 0.258501 0.655494
3 0.755481 0.661883 0.049565 0.169135 0.654872
6 0.544933 0.579685 0.032330 0.097951 0.592315
3 0.083842 0.796810 0.097735 0.176471 0.582632
3 0.549213 0.643267 0.028807 0.094886 0.554209
6 0.407932 0.658257 0.026446 0.132311 0.552864
6 0.665166 0.572584 0.030754 0.109332 0.552551
6 0.489972 0.555248 0.021727 0.028751 0.544378
6 0.614240 0.602518 0.018665 0.098433 0.536371
6 0.670435 0.693046 0.070551 0.301684 0.533329
6 0.317400 0.664547 0.036254 0.217473 0.529923
6 0.166879 0.603270 0.031982 0.152831 0.512263
6 0.357634 0.649743 0.039197 0.200295 0.509111
3 0.219715 0.672213 0.070276 0.122609 0.458990
6 0.235858 0.583856 0.019485 0.106457 0.434005
6 0.637183 0.577077 0.029568 0.126557 0.400790