6 0.966219 0.742891 0.067548 0.514218 0.920094
0 0.552143 0.455958 0.068361 0.089107 0.836520
3 0.129061 0.497373 0.113147 0.140262 0.834445
6 0.317072 0.449660 0.030841 0.136233 0.815804
0 0.697031 0.468749 0.088181 0.120499 0.799623
3 0.649053 0.521852 0.048923 0.131659 0.792552
6 0.353964 0.456952 0.022807 0.123026 0.755786
3 0.930607 0.794635 0.138785 0.410730 0.716625
6 0.613288 0.465226 0.019640 0.101754 0.697164
6 0.430352 0.473207 0.024599 0.143067 0.693455
6 0.407650 0.462432 0.025239 0.124457 0.618085
6 0.476573 0.455291 0.024753 0.099956 0.546372
6 0.056805 0.371614 0.019853 0.050433 0.526373
0 0.588400 0.448251 0.030141 0.063150 0.523413
0 0.887625 0.542779 0.169522 0.199634 0.498163
6 0.631826 0.458537 0.018264 0.086073 0.401111