6 0.672246 0.664143 0.085311 0.247777 0.869913
3 0.676052 0.759750 0.091956 0.267824 0.836619
6 0.492698 0.597085 0.036029 0.122529 0.775093
6 0.628876 0.594021 0.023438 0.120261 0.743040
3 0.492900 0.632558 0.034198 0.097555 0.724872
6 0.934934 0.814762 0.128502 0.289919 0.704964
1 0.027537 0.669425 0.055075 0.529702 0.522468
3 0.741201 0.619286 0.102886 0.135167 0.465287
3 0.423230 0.601722 0.052130 0.087964 0.448618
0 0.606733 0.561249 0.036307 0.061246 0.432863
2 0.531357 0.581415 0.052999 0.121165 0.419334