0 0.451785 0.707434 0.204859 0.317196 0.927767
1 0.503440 0.510197 0.168682 0.298877 0.923982
6 0.278348 0.737139 0.122863 0.402456 0.894342
3 0.256533 0.846635 0.215103 0.301605 0.888497
6 0.510142 0.751656 0.198927 0.382127 0.870231
0 0.724732 0.655431 0.211188 0.272192 0.845012
6 0.305444 0.563530 0.021401 0.107442 0.707789
6 0.210531 0.562865 0.048577 0.108986 0.704805
0 0.867809 0.722614 0.264115 0.500041 0.686336
0 0.113826 0.660053 0.227652 0.368455 0.639274
6 0.176868 0.551614 0.027596 0.108220 0.416249