1 0.204315 0.440936 0.281112 0.505642 0.941205
3 0.604475 0.685999 0.127427 0.237937 0.859465
6 0.386826 0.564536 0.056275 0.165748 0.833194
3 0.763950 0.574088 0.083274 0.117966 0.720591
6 0.024937 0.588462 0.049873 0.197657 0.708089
3 0.960844 0.694637 0.078312 0.236138 0.655384
6 0.578704 0.607527 0.069386 0.263001 0.610897
3 0.869107 0.536880 0.061555 0.081165 0.607753
6 0.974475 0.621012 0.051051 0.230497 0.602171
0 0.467253 0.545370 0.098930 0.138390 0.521268
3 0.711961 0.535640 0.037629 0.058208 0.503483
6 0.760435 0.541571 0.035015 0.128686 0.440825