3 0.093284 0.814963 0.163862 0.365499 0.919447
6 0.307235 0.646966 0.044961 0.261641 0.914673
3 0.418176 0.637051 0.042072 0.117807 0.747230
6 0.606526 0.581141 0.016407 0.127586 0.722444
6 0.419248 0.592664 0.041983 0.143336 0.722077
0 0.454622 0.568165 0.056502 0.101146 0.712489
6 0.532793 0.553801 0.015864 0.072668 0.696425
0 0.725113 0.566043 0.022012 0.113384 0.585386
6 0.242579 0.525509 0.030666 0.139419 0.562148
6 0.947689 0.218549 0.034331 0.157410 0.468221
0 0.486215 0.540171 0.023775 0.030148 0.454899