3 0.481888 0.643951 0.099216 0.121312 0.827212
3 0.344992 0.649123 0.090713 0.104200 0.796963
6 0.484437 0.612370 0.038604 0.123596 0.792570
6 0.350963 0.614014 0.037267 0.116515 0.753634
3 0.738024 0.617667 0.089229 0.113719 0.722631
3 0.408908 0.638059 0.067290 0.095107 0.696403
6 0.739891 0.590992 0.032630 0.118810 0.579465
6 0.536656 0.597070 0.027361 0.121748 0.569268
3 0.555592 0.612932 0.068664 0.084478 0.532929
6 0.571296 0.298056 0.027269 0.136658 0.486013
6 0.122678 0.717407 0.085236 0.270867 0.474126
6 0.335127 0.585019 0.028623 0.059913 0.454766
6 0.660441 0.332591 0.020144 0.068528 0.446227
6 0.407240 0.607598 0.033866 0.099989 0.429490