6 0.129045 0.704430 0.076985 0.357774 0.912859
0 0.470071 0.588433 0.084554 0.133805 0.906105
0 0.781056 0.514346 0.073164 0.077197 0.900129
1 0.363816 0.512414 0.122645 0.138407 0.881193
6 0.357508 0.607117 0.053545 0.175110 0.828673
1 0.112734 0.551157 0.225438 0.673288 0.787725
0 0.963058 0.523989 0.073885 0.160872 0.751452
6 0.860541 0.504246 0.026675 0.085832 0.747880
0 0.621709 0.507001 0.023241 0.035422 0.694609
0 0.729584 0.501494 0.036166 0.050286 0.664215
1 0.232398 0.545090 0.045181 0.219362 0.660829
1 0.443526 0.506070 0.042042 0.069953 0.654937
6 0.649438 0.516091 0.017964 0.130041 0.632564
3 0.865481 0.535363 0.036257 0.068924 0.632208
1 0.505721 0.516618 0.039183 0.085679 0.565782
6 0.396639 0.561963 0.022349 0.087708 0.555228
3 0.394439 0.595427 0.025691 0.068702 0.466929