3 0.787849 0.790578 0.135250 0.313066 0.895300
0 0.744896 0.610199 0.131855 0.166259 0.828163
6 0.773551 0.703915 0.074661 0.339670 0.789757
0 0.270999 0.618328 0.160629 0.220727 0.741301
1 0.904184 0.595508 0.191399 0.521799 0.699476
6 0.403227 0.579475 0.032680 0.122464 0.698499
2 0.655201 0.548326 0.104403 0.196494 0.651739
3 0.443059 0.594124 0.027246 0.088245 0.639702
3 0.402142 0.614042 0.032477 0.094929 0.637864
0 0.484350 0.551561 0.046208 0.061555 0.467274
7 0.888592 0.354109 0.048581 0.052026 0.418454
2 0.365263 0.555665 0.037154 0.082345 0.416207