3 0.094339 0.809918 0.188678 0.378070 0.897003
6 0.295219 0.572289 0.095900 0.245143 0.846715
0 0.477025 0.733679 0.356161 0.491234 0.835087
6 0.396355 0.485267 0.036011 0.106875 0.786348
3 0.285638 0.715349 0.141153 0.307305 0.755998
0 0.866090 0.771991 0.267820 0.455881 0.754366
6 0.359046 0.528221 0.064738 0.164739 0.744868
6 0.668919 0.526596 0.029902 0.120899 0.692378
6 0.421597 0.478680 0.020658 0.064178 0.648457
2 0.599650 0.463337 0.123171 0.234726 0.628373
0 0.537190 0.477498 0.111343 0.046872 0.471342
2 0.738192 0.484645 0.106217 0.177210 0.445299
0 0.805935 0.661872 0.173253 0.311053 0.432315