2 0.686271 0.536403 0.172309 0.319157 0.879045
6 0.648795 0.633405 0.033469 0.211197 0.852293
3 0.911485 0.712388 0.130656 0.193945 0.811410
6 0.296134 0.701207 0.088532 0.338380 0.796149
6 0.923794 0.666281 0.077747 0.289455 0.751260
6 0.234486 0.642641 0.050153 0.280812 0.706943
6 0.183455 0.618923 0.037783 0.193508 0.611991
3 0.504535 0.550931 0.016573 0.050168 0.552356
6 0.985251 0.660171 0.029497 0.282692 0.483982
4 0.841365 0.710586 0.092865 0.136559 0.450586
4 0.197609 0.673016 0.050508 0.114246 0.450243
6 0.343262 0.560001 0.019458 0.098936 0.435312
0 0.485961 0.528007 0.023339 0.035562 0.428534
6 0.394349 0.554257 0.016552 0.085939 0.409932