6 0.438318 0.625813 0.025904 0.141451 0.848212
3 0.487649 0.674676 0.086638 0.125717 0.835897
6 0.536303 0.641972 0.032540 0.167579 0.805789
3 0.265449 0.652466 0.030121 0.091769 0.699788
6 0.288384 0.592890 0.015770 0.057886 0.568161
3 0.974207 0.613926 0.051586 0.102639 0.542277
6 0.103022 0.732014 0.065436 0.243412 0.541325
3 0.223148 0.606891 0.033599 0.053991 0.522624
3 0.144383 0.778140 0.288509 0.443589 0.462968
6 0.322943 0.598718 0.012927 0.061296 0.445009
6 0.481725 0.636092 0.031590 0.129444 0.414231