3 0.750352 0.670104 0.079606 0.163300 0.801654
3 0.644989 0.628739 0.081424 0.096778 0.753593
3 0.502256 0.656658 0.064344 0.137074 0.742844
0 0.940231 0.529330 0.043776 0.061631 0.660943
3 0.871879 0.586530 0.038229 0.093624 0.659618
3 0.601702 0.635306 0.064059 0.108437 0.653407
6 0.767161 0.616182 0.039637 0.183689 0.561363
2 0.987364 0.537272 0.025272 0.086440 0.561117
3 0.801427 0.580500 0.054178 0.076094 0.532142
6 0.903544 0.548548 0.017754 0.086486 0.531616
6 0.966694 0.520371 0.009598 0.047944 0.466899
3 0.563618 0.644022 0.060247 0.129676 0.406547