6 0.824427 0.624375 0.052302 0.246157 0.831766
3 0.602510 0.658722 0.067966 0.162818 0.813323
3 0.688991 0.666800 0.076512 0.174578 0.796789
6 0.683895 0.601821 0.066234 0.191548 0.795448
6 0.358075 0.650765 0.058758 0.300136 0.746837
6 0.268015 0.451132 0.057749 0.136953 0.646109
3 0.515233 0.587169 0.032701 0.099064 0.564684
6 0.491084 0.603172 0.030775 0.142026 0.504629
6 0.315514 0.668849 0.036280 0.253015 0.490599
6 0.455603 0.581064 0.024804 0.159282 0.481004
2 0.820148 0.488061 0.067715 0.076296 0.433561
6 0.070751 0.676269 0.056190 0.356384 0.404996