6 0.084366 0.753325 0.168494 0.492413 0.925504
6 0.184911 0.776877 0.096174 0.444402 0.892381
6 0.785719 0.659142 0.052530 0.244787 0.834204
3 0.610901 0.842698 0.128327 0.313396 0.831593
6 0.955569 0.745323 0.088663 0.465459 0.809995
6 0.641468 0.743747 0.079682 0.392732 0.789411
6 0.494326 0.585081 0.037585 0.096037 0.761195
6 0.437313 0.603175 0.033171 0.124507 0.682477
6 0.590134 0.731476 0.079840 0.372547 0.667811
3 0.435991 0.641932 0.036102 0.109310 0.666839
3 0.494860 0.627676 0.035171 0.101330 0.645946
3 0.910048 0.675391 0.082763 0.212152 0.542819
6 0.849118 0.682487 0.062994 0.259669 0.507815
2 0.592475 0.594504 0.068216 0.141172 0.445700