3 0.756276 0.699746 0.083986 0.178280 0.871996
2 0.412073 0.636352 0.142451 0.270126 0.777862
6 0.758313 0.641781 0.061721 0.196608 0.724842
6 0.348226 0.566134 0.023739 0.092561 0.715821
3 0.312936 0.607055 0.033927 0.078816 0.692090
3 0.182228 0.645896 0.100016 0.142593 0.678159
3 0.030291 0.808505 0.060568 0.250965 0.649341
6 0.728115 0.632270 0.024848 0.178849 0.649142
6 0.308655 0.576262 0.027672 0.109626 0.632964
2 0.573064 0.561847 0.065034 0.077302 0.554800
1 0.476452 0.571305 0.025720 0.106021 0.466590