3 0.225516 0.682186 0.134612 0.163236 0.847429
3 0.824822 0.684063 0.063383 0.169837 0.818278
3 0.729582 0.593332 0.023639 0.084773 0.790591
6 0.150439 0.628944 0.032813 0.185670 0.786617
6 0.961346 0.664480 0.031895 0.203472 0.750536
6 0.431249 0.567782 0.011638 0.053560 0.617367
6 0.822597 0.617901 0.050897 0.154068 0.523712
6 0.366547 0.602435 0.024456 0.124006 0.513624
3 0.989514 0.865005 0.020972 0.263668 0.512478
6 0.986668 0.622601 0.026665 0.189700 0.474558
3 0.312138 0.665075 0.055932 0.125479 0.409215