0 0.860484 0.644044 0.139713 0.147369 0.903230
3 0.097943 0.776653 0.104815 0.361010 0.829159
3 0.711305 0.682517 0.064822 0.175530 0.815988
6 0.492444 0.607014 0.050288 0.157541 0.807207
6 0.579974 0.619262 0.055607 0.179890 0.802532
6 0.712304 0.632959 0.055980 0.172129 0.743365
6 0.431849 0.589853 0.021879 0.107706 0.709498
6 0.533228 0.594352 0.037074 0.130441 0.690345
3 0.965010 0.674440 0.069671 0.178367 0.684895
3 0.532560 0.640398 0.036485 0.093101 0.645424
3 0.491643 0.665897 0.050502 0.131062 0.626031
0 0.757086 0.617257 0.069834 0.148932 0.602084