6 0.246216 0.770009 0.137733 0.452576 0.940697
6 0.458801 0.771551 0.140062 0.453516 0.910639
6 0.568676 0.737846 0.102861 0.415411 0.848999
0 0.770557 0.739531 0.244820 0.394198 0.822838
3 0.589526 0.822469 0.148099 0.324723 0.804897
0 0.349700 0.679992 0.164579 0.256791 0.803058
6 0.039046 0.529246 0.017442 0.041529 0.721873
0 0.931945 0.673457 0.136110 0.288560 0.719172
6 0.539605 0.602008 0.026862 0.065869 0.606528
0 0.653716 0.623756 0.096511 0.183068 0.594365
2 0.112609 0.761491 0.225114 0.471505 0.568312