6 0.294909 0.690679 0.059534 0.256520 0.885315
3 0.704455 0.648596 0.052418 0.131778 0.835860
6 0.702284 0.607664 0.045056 0.146276 0.792156
6 0.365956 0.607801 0.036843 0.159474 0.773963
3 0.069074 0.827431 0.138147 0.326843 0.743408
2 0.951478 0.740665 0.097043 0.517206 0.719915
2 0.503870 0.582258 0.054323 0.120227 0.706188
3 0.571267 0.629602 0.032727 0.104803 0.703721
3 0.629013 0.586071 0.028326 0.071724 0.660800
6 0.390242 0.607442 0.023463 0.137989 0.653896
3 0.534432 0.683858 0.057952 0.122861 0.637480
3 0.119729 0.729995 0.092220 0.217064 0.488639
3 0.772990 0.609540 0.034579 0.067749 0.463745
6 0.572474 0.584455 0.029781 0.112794 0.405557