0 0.101897 0.724226 0.203512 0.440475 0.915081
3 0.844450 0.813293 0.289203 0.373414 0.892094
6 0.802611 0.738598 0.167575 0.464263 0.871668
6 0.892268 0.715095 0.132998 0.456205 0.782528
0 0.259513 0.517178 0.049824 0.073061 0.750041
6 0.179667 0.560023 0.068227 0.201574 0.740245
6 0.153763 0.513333 0.034126 0.109733 0.721263
6 0.220442 0.559722 0.032090 0.194956 0.717028
0 0.077733 0.476326 0.037017 0.039291 0.677089
6 0.340099 0.576665 0.039257 0.111249 0.641852
6 0.993893 0.546772 0.012214 0.130687 0.420970