3 0.911206 0.831205 0.177588 0.337589 0.928426
3 0.492034 0.728646 0.089822 0.193400 0.899845
6 0.947914 0.776242 0.104171 0.446138 0.841582
6 0.485686 0.659402 0.073320 0.225071 0.834163
1 0.464373 0.529402 0.053686 0.100918 0.833485
3 0.367945 0.623886 0.046166 0.106275 0.773522
6 0.374185 0.588009 0.037098 0.118124 0.749043
3 0.172536 0.592753 0.037607 0.071951 0.712780
3 0.400668 0.563551 0.015221 0.058741 0.645914
6 0.171618 0.569252 0.030597 0.099730 0.588375
0 0.901437 0.589830 0.073854 0.060527 0.541847