6 0.535035 0.838326 0.201364 0.320938 0.934175
6 0.297109 0.758134 0.094934 0.467294 0.912881
6 0.424291 0.786187 0.154439 0.424539 0.849774
6 0.355758 0.782089 0.093292 0.433006 0.836195
6 0.914149 0.749581 0.116299 0.496664 0.830869
0 0.650564 0.760080 0.342938 0.478055 0.796819
6 0.500443 0.605853 0.056501 0.184202 0.703408
6 0.861419 0.670065 0.058553 0.335312 0.693055
6 0.242732 0.107374 0.054936 0.175815 0.531760
6 0.589746 0.467853 0.032405 0.089005 0.520704
6 0.787067 0.672278 0.058743 0.297867 0.460416