6 0.463093 0.717982 0.098354 0.340033 0.851898
6 0.282788 0.560643 0.023257 0.120260 0.822249
3 0.036457 0.855332 0.072915 0.289336 0.774993
6 0.499238 0.624890 0.045543 0.156287 0.705489
6 0.309671 0.607625 0.023770 0.138030 0.696470
3 0.262309 0.651146 0.056997 0.134415 0.691795
3 0.226176 0.671878 0.062718 0.202983 0.673995
6 0.344178 0.668864 0.072408 0.224151 0.659622
3 0.514709 0.749555 0.061858 0.155684 0.584755
0 0.565114 0.653279 0.144040 0.218109 0.570009
6 0.379437 0.570589 0.024323 0.093360 0.557058
6 0.188864 0.623935 0.049488 0.294997 0.427552