6 0.589527 0.677811 0.081574 0.292286 0.884109
6 0.868081 0.683260 0.131151 0.266332 0.816887
6 0.446063 0.601972 0.042569 0.133808 0.779228
3 0.893673 0.862749 0.210401 0.271381 0.747082
3 0.591273 0.780636 0.087157 0.268735 0.724098
3 0.446772 0.645076 0.038430 0.109879 0.707609
2 0.705935 0.630856 0.211005 0.321245 0.706105
3 0.390372 0.626269 0.035300 0.094324 0.659549
3 0.065832 0.805781 0.131663 0.276006 0.628679
6 0.391193 0.595540 0.034240 0.097268 0.625932
2 0.527670 0.639740 0.112641 0.240243 0.466943