0 0.773163 0.787081 0.453632 0.424585 0.918430
3 0.555166 0.639690 0.046447 0.113828 0.793094
6 0.274754 0.616765 0.023324 0.130004 0.732587
6 0.646839 0.619742 0.038799 0.136407 0.721254
6 0.180956 0.198224 0.054189 0.117592 0.690844
6 0.367604 0.601666 0.026154 0.119178 0.683614
3 0.310190 0.613192 0.050902 0.087171 0.648036
6 0.181028 0.606435 0.022720 0.123648 0.562335
6 0.161772 0.627011 0.030489 0.133848 0.552508
2 0.462351 0.665297 0.131628 0.270668 0.526010
3 0.007449 0.633916 0.014899 0.123924 0.521949
6 0.199044 0.596596 0.021895 0.118863 0.468082
3 0.640477 0.648302 0.060761 0.098938 0.427827
6 0.678324 0.576381 0.025021 0.096051 0.408802