3 0.592929 0.734198 0.097113 0.262644 0.841483
0 0.033584 0.663086 0.067134 0.209807 0.828952
6 0.942970 0.660662 0.074046 0.288770 0.798989
3 0.337243 0.669551 0.116013 0.139354 0.732142
6 0.582189 0.653134 0.073650 0.256991 0.725646
6 0.143127 0.641561 0.034133 0.226319 0.685690
3 0.657713 0.621146 0.032581 0.096189 0.676375
6 0.519469 0.598555 0.023323 0.119566 0.648392
1 0.792777 0.527507 0.099843 0.075433 0.617312
6 0.494260 0.602526 0.028407 0.147739 0.615125
3 0.232977 0.697009 0.116097 0.185491 0.609627
6 0.476157 0.637504 0.024359 0.180734 0.591819
6 0.194603 0.590414 0.045269 0.150992 0.514199
6 0.457577 0.632995 0.022093 0.185945 0.513965
6 0.319078 0.636879 0.049469 0.211885 0.499978
6 0.659245 0.592175 0.029512 0.095482 0.483675
0 0.115782 0.645014 0.113413 0.179091 0.474172