6 0.059846 0.622334 0.029049 0.151195 0.889232
6 0.105830 0.627221 0.020724 0.149777 0.824082
6 0.203246 0.572528 0.017607 0.105987 0.781858
3 0.012806 0.651932 0.025611 0.111454 0.780687
0 0.856537 0.624384 0.188807 0.236687 0.767838
1 0.860923 0.484574 0.161467 0.125046 0.728276
6 0.415830 0.552903 0.014463 0.073332 0.652026
6 0.506337 0.560369 0.017321 0.067119 0.560069
3 0.390286 0.581688 0.051411 0.071828 0.546145
2 0.446429 0.564185 0.035569 0.075585 0.474534
6 0.791883 0.518674 0.019389 0.044605 0.470258
6 0.546580 0.551384 0.010704 0.034060 0.448632