3 0.386787 0.758295 0.087762 0.235306 0.872884
3 0.208284 0.739546 0.072234 0.243231 0.855862
6 0.627960 0.640739 0.062896 0.215166 0.853235
6 0.273311 0.698712 0.042403 0.315234 0.836085
3 0.566506 0.668682 0.047336 0.139499 0.792244
6 0.388222 0.671749 0.075106 0.255338 0.770539
6 0.564355 0.625737 0.040721 0.158171 0.713760
6 0.465179 0.589041 0.024786 0.084591 0.711123
6 0.501523 0.593441 0.030769 0.095237 0.705504
3 0.501873 0.630092 0.030066 0.078408 0.647047
3 0.462498 0.624309 0.026562 0.067526 0.599212
2 0.504819 0.547357 0.076599 0.172662 0.463913