1 0.662362 0.569778 0.227166 0.388750 0.941536
0 0.774494 0.804588 0.378624 0.389886 0.936158
6 0.368622 0.701882 0.048890 0.285161 0.878492
6 0.929785 0.677361 0.062671 0.225885 0.776374
6 0.496245 0.638633 0.048748 0.129125 0.728720
0 0.803728 0.595969 0.062725 0.066934 0.695999
3 0.495395 0.707922 0.049103 0.144248 0.659246
3 0.361543 0.709920 0.169704 0.226979 0.527357
6 0.426658 0.565931 0.014783 0.065599 0.461861
6 0.230066 0.595226 0.025344 0.152724 0.442403
6 0.983714 0.607133 0.022972 0.089257 0.414351