6 0.677013 0.692236 0.085044 0.283260 0.906397
0 0.478306 0.723577 0.222776 0.328345 0.902696
6 0.224227 0.712926 0.099416 0.309698 0.902623
6 0.087157 0.774129 0.174278 0.449440 0.890514
3 0.683748 0.795943 0.102687 0.281323 0.881136
6 0.946097 0.748137 0.106601 0.310589 0.804175
3 0.203816 0.832370 0.146755 0.324779 0.791947
0 0.844595 0.669506 0.270038 0.215403 0.740638
6 0.457858 0.544889 0.028070 0.039826 0.638154
0 0.925415 0.768951 0.149169 0.461994 0.630370
6 0.282202 0.644429 0.070571 0.247392 0.629778
3 0.288093 0.719334 0.059311 0.189180 0.604806
6 0.360119 0.606811 0.047660 0.177016 0.479833
0 0.616882 0.586158 0.111604 0.158339 0.477625
2 0.545502 0.541446 0.069184 0.147900 0.473297
3 0.355147 0.650362 0.061747 0.144827 0.438317