3 0.405028 0.797610 0.205917 0.403872 0.915893
6 0.424963 0.684294 0.135776 0.484869 0.914486
6 0.143306 0.700504 0.145529 0.433449 0.888623
6 0.027724 0.608612 0.055428 0.299148 0.885180
3 0.129022 0.826594 0.198738 0.344171 0.854977
1 0.478741 0.461347 0.214080 0.462606 0.813081
8 0.041023 0.255934 0.026978 0.025874 0.638188
6 0.224589 0.594355 0.048818 0.250384 0.627531
6 0.189603 0.564327 0.051106 0.187759 0.587808
6 0.345602 0.513222 0.056275 0.140062 0.543054
6 0.356864 0.120291 0.031801 0.112548 0.519623
3 0.311681 0.586553 0.036360 0.147851 0.516135
6 0.314159 0.504305 0.038789 0.130380 0.440787
6 0.383035 0.089771 0.040193 0.179541 0.414636