1 0.559449 0.491984 0.177842 0.143613 0.885604
3 0.351969 0.740195 0.117086 0.228293 0.879726
0 0.606069 0.715231 0.262208 0.392943 0.871890
6 0.365240 0.646196 0.084439 0.259833 0.865104
0 0.068862 0.530481 0.079851 0.085717 0.851377
0 0.452864 0.593497 0.094780 0.165262 0.834331
0 0.147017 0.537135 0.078766 0.076318 0.819607
0 0.813827 0.686489 0.199561 0.243850 0.717840
0 0.940622 0.933499 0.118702 0.133001 0.666285
0 0.015746 0.536709 0.031459 0.112030 0.572620
6 0.382097 0.553513 0.018231 0.075207 0.559525