3 0.172036 0.756856 0.124639 0.278407 0.908380
6 0.176001 0.687959 0.083484 0.265253 0.878718
0 0.907355 0.747021 0.185289 0.499624 0.859611
2 0.252764 0.550896 0.097053 0.107958 0.859312
3 0.018784 0.755234 0.037567 0.255243 0.758889
3 0.481035 0.594227 0.017978 0.054069 0.687113
0 0.015619 0.608271 0.031238 0.140953 0.657537
0 0.112155 0.580918 0.046198 0.035223 0.625536
3 0.421716 0.573093 0.012774 0.044673 0.612982
3 0.384720 0.581960 0.019214 0.045545 0.549079
6 0.338385 0.584398 0.022012 0.064078 0.539809
2 0.520415 0.578919 0.056020 0.156216 0.525436