2 0.284247 0.571486 0.083367 0.130671 0.847697
6 0.127665 0.779201 0.129339 0.438496 0.769228
2 0.531257 0.587814 0.052513 0.118109 0.737274
6 0.921112 0.614516 0.018007 0.081797 0.696074
6 0.392772 0.571283 0.011989 0.058617 0.691078
2 0.086701 0.692823 0.173363 0.365650 0.676497
3 0.456080 0.605703 0.029123 0.052223 0.653728
2 0.810524 0.610220 0.090332 0.139214 0.565018
0 0.497342 0.579684 0.021919 0.050565 0.505490
6 0.452772 0.580173 0.020661 0.071239 0.495144
1 0.640132 0.573517 0.027409 0.054161 0.463106