0 0.323518 0.621820 0.130296 0.177756 0.807568
3 0.020633 0.668642 0.041240 0.196127 0.753535
3 0.470328 0.624870 0.039702 0.108348 0.750400
3 0.825475 0.637911 0.045636 0.097376 0.745472
0 0.277330 0.569263 0.065838 0.097873 0.741462
3 0.124068 0.566836 0.056728 0.120923 0.651911
3 0.857804 0.618965 0.029784 0.092441 0.640957
3 0.409478 0.583401 0.025406 0.062478 0.611840
6 0.410263 0.561266 0.022469 0.076932 0.576466
3 0.046562 0.597427 0.044258 0.102626 0.576412
2 0.464281 0.521201 0.049651 0.090628 0.551387
8 0.483969 0.379171 0.041599 0.037227 0.530543
3 0.527326 0.588933 0.041247 0.081699 0.508577
8 0.598436 0.198024 0.035408 0.086406 0.433807
6 0.520041 0.568974 0.024896 0.101341 0.433300
6 0.821256 0.606588 0.031697 0.106190 0.417823
3 0.868534 0.599890 0.058716 0.097404 0.409733