6 0.060011 0.774111 0.104494 0.450912 0.934503
0 0.652919 0.626803 0.119235 0.172059 0.912413
6 0.735303 0.616446 0.027522 0.145713 0.838695
3 0.836979 0.680609 0.056565 0.139348 0.781407
6 0.519984 0.512994 0.045823 0.122315 0.729490
3 0.418836 0.692404 0.052343 0.138886 0.687310
6 0.421453 0.637599 0.052601 0.182263 0.671524
6 0.555271 0.517541 0.034140 0.127290 0.659138
3 0.510187 0.770757 0.107710 0.398664 0.624036
6 0.351827 0.643302 0.054424 0.201717 0.586431
2 0.923540 0.756437 0.152682 0.457601 0.486668
3 0.334873 0.702445 0.087006 0.180381 0.454505
6 0.387440 0.592345 0.032077 0.079606 0.450745
6 0.310256 0.613272 0.038979 0.102641 0.423365