6 0.192908 0.795199 0.126369 0.407194 0.923305
6 0.717738 0.754775 0.146826 0.443352 0.920049
3 0.450681 0.759036 0.134273 0.333332 0.907813
3 0.751319 0.866689 0.223946 0.265721 0.888889
6 0.252706 0.717259 0.091911 0.380126 0.886434
0 0.875017 0.759312 0.249145 0.473318 0.876397
6 0.585436 0.689631 0.089288 0.309738 0.855686
6 0.754495 0.529634 0.041660 0.073084 0.744254
4 0.056456 0.894712 0.112781 0.208947 0.687207
3 0.259898 0.835665 0.105388 0.326783 0.680550
2 0.090336 0.628261 0.134320 0.226175 0.616061
6 0.939875 0.525111 0.029283 0.082544 0.578998
3 0.327880 0.692335 0.078141 0.128513 0.574571
6 0.173325 0.623420 0.055006 0.176772 0.520402
8 0.488119 0.389861 0.023877 0.067522 0.495142
6 0.981156 0.566679 0.037687 0.147132 0.490661
6 0.973704 0.521037 0.025981 0.068636 0.434165