0 0.298018 0.653781 0.130063 0.191706 0.911942
3 0.693638 0.785855 0.105067 0.260120 0.866902
6 0.693516 0.693940 0.097854 0.307361 0.808383
2 0.493883 0.673748 0.151743 0.332474 0.774612
6 0.082150 0.753982 0.082891 0.489985 0.767755
3 0.753372 0.697364 0.070749 0.210066 0.747860
3 0.571803 0.595324 0.025173 0.066452 0.669354
6 0.750901 0.642008 0.056683 0.209299 0.619904
8 0.207133 0.239990 0.039589 0.080934 0.514257
8 0.580611 0.490172 0.020113 0.034506 0.487904
6 0.575594 0.570687 0.022040 0.065582 0.438096
8 0.415194 0.450345 0.019750 0.036952 0.412718