6 0.138863 0.547584 0.033585 0.254696 0.855272
6 0.440401 0.460031 0.021069 0.084799 0.790834
6 0.603987 0.497346 0.042062 0.132435 0.777851
3 0.978379 0.488765 0.018715 0.063830 0.765512
3 0.354989 0.484669 0.059522 0.074655 0.750678
3 0.499976 0.480305 0.025414 0.073051 0.730449
3 0.868984 0.468750 0.027674 0.041963 0.728368
0 0.540361 0.446579 0.052662 0.047950 0.700342
3 0.706995 0.525639 0.059028 0.120008 0.673469
3 0.439632 0.483683 0.021707 0.058141 0.671636
6 0.198394 0.465269 0.016573 0.076229 0.554614
6 0.678167 0.483133 0.026395 0.101220 0.540296
0 0.751828 0.459168 0.044757 0.048555 0.523927
6 0.160449 0.478872 0.020279 0.097627 0.487687
6 0.720031 0.488949 0.030925 0.109356 0.462180
6 0.370375 0.456685 0.017723 0.084521 0.456473
2 0.319582 0.456005 0.056543 0.078048 0.423643
4 0.175519 0.497142 0.055031 0.067855 0.416851