2 0.808065 0.734825 0.338732 0.471572 0.909975
6 0.555190 0.599412 0.048684 0.143940 0.856392
2 0.464962 0.620035 0.099888 0.208952 0.752361
3 0.553338 0.679726 0.042608 0.109067 0.724668
2 0.214589 0.747719 0.362614 0.504563 0.718143
3 0.403437 0.634785 0.031721 0.093067 0.645896
3 0.021349 0.788917 0.042698 0.204728 0.637466
6 0.339028 0.769401 0.084962 0.377089 0.614110
6 0.404890 0.599805 0.030666 0.102737 0.528196
1 0.559445 0.584823 0.094281 0.140539 0.471815
2 0.633571 0.628903 0.079790 0.239653 0.412939