0 0.099673 0.815955 0.199345 0.366478 0.835639
0 0.549441 0.661970 0.112314 0.162341 0.794090
6 0.974929 0.649410 0.050143 0.306844 0.774091
0 0.174045 0.723304 0.108921 0.204447 0.731529
0 0.488620 0.630103 0.058831 0.108089 0.723240
0 0.422410 0.650094 0.071823 0.139974 0.617968
6 0.122130 0.645375 0.031586 0.105243 0.583669
6 0.924335 0.642981 0.044383 0.246769 0.538210
2 0.305147 0.757597 0.183604 0.382596 0.531814
6 0.052517 0.614442 0.030540 0.047158 0.496605
6 0.586224 0.582752 0.014866 0.053514 0.408317