1 0.698607 0.532661 0.266643 0.181152 0.926468
0 0.349200 0.761194 0.282520 0.414501 0.907582
3 0.532002 0.614764 0.095094 0.100769 0.860653
6 0.713260 0.609285 0.032237 0.147028 0.854001
0 0.213405 0.613035 0.190005 0.175956 0.841369
6 0.045300 0.785410 0.090601 0.425083 0.823939
0 0.045100 0.596943 0.090200 0.156594 0.816358
6 0.535233 0.585981 0.041691 0.132162 0.816189
6 0.060929 0.534941 0.025238 0.052469 0.727131
6 0.491019 0.576979 0.016804 0.108709 0.636905
8 0.976576 0.313416 0.046847 0.096893 0.420677