3 0.644817 0.757652 0.146867 0.261627 0.877954
6 0.738686 0.590020 0.020234 0.092707 0.742100
6 0.632770 0.690900 0.085590 0.268356 0.731025
2 0.158325 0.742879 0.268108 0.510287 0.716256
6 0.280303 0.657558 0.031327 0.234128 0.673555
6 0.576028 0.584251 0.014232 0.087319 0.513695
6 0.960690 0.594327 0.018164 0.090175 0.480399
3 0.977045 0.670235 0.045909 0.231613 0.463757
2 0.902976 0.599204 0.128117 0.143337 0.461647
4 0.594111 0.592916 0.027248 0.051939 0.419844
6 0.564831 0.584557 0.016401 0.092479 0.411948