0 0.644999 0.621726 0.142391 0.177010 0.810904
0 0.045846 0.764265 0.091693 0.390338 0.802350
1 0.717902 0.508529 0.199355 0.180689 0.794401
0 0.346870 0.702796 0.285704 0.494902 0.778706
6 0.512875 0.599752 0.047450 0.165251 0.762474
3 0.516479 0.661624 0.059481 0.141533 0.753468
0 0.889991 0.787059 0.220019 0.425668 0.751933
6 0.375819 0.375139 0.015012 0.071967 0.628050
0 0.166411 0.645617 0.124999 0.238379 0.547732
6 0.915211 0.541789 0.014013 0.032033 0.540038
0 0.820756 0.598144 0.114158 0.137952 0.534357
0 0.580453 0.569690 0.077593 0.116363 0.507337
6 0.411417 0.382479 0.017944 0.081610 0.412098