0 0.777526 0.730706 0.266657 0.365457 0.912235
6 0.253746 0.639093 0.046507 0.238700 0.875729
6 0.988007 0.640266 0.023987 0.229742 0.850238
6 0.286473 0.624181 0.024561 0.151597 0.775471
3 0.609659 0.597588 0.027192 0.073849 0.698331
6 0.560128 0.552524 0.016829 0.088215 0.697978
2 0.098693 0.625720 0.197386 0.397571 0.677067
6 0.607796 0.567058 0.029321 0.089478 0.667958
6 0.488776 0.598761 0.044071 0.148314 0.664314
3 0.454357 0.595041 0.028323 0.073420 0.622274
3 0.968066 0.684860 0.063647 0.130701 0.564109
6 0.821651 0.572914 0.026913 0.069005 0.561525
2 0.364694 0.637964 0.138951 0.280175 0.527700
3 0.488852 0.643894 0.039990 0.121891 0.505676
3 0.214460 0.598356 0.048185 0.122002 0.474564
6 0.654236 0.601712 0.022280 0.102126 0.471610