2 0.153793 0.694867 0.307587 0.609192 0.826256
6 0.411311 0.546111 0.061214 0.192765 0.820902
0 0.699669 0.468667 0.029040 0.066815 0.776381
0 0.788688 0.497019 0.090357 0.089674 0.768915
3 0.463858 0.547461 0.034674 0.105606 0.758357
6 0.463865 0.500477 0.038361 0.118804 0.750623
2 0.890681 0.475067 0.087256 0.132891 0.716173
6 0.335719 0.462397 0.016714 0.063785 0.683979
6 0.304849 0.475981 0.022462 0.080888 0.618188
0 0.395067 0.468140 0.045315 0.078635 0.595461
3 0.300972 0.510721 0.025424 0.079036 0.450360