2 0.564614 0.573668 0.144472 0.231583 0.905839
3 0.804232 0.651926 0.105426 0.131084 0.869348
6 0.018984 0.698622 0.037967 0.367872 0.838801
6 0.752713 0.623810 0.040031 0.180577 0.825057
3 0.108275 0.811580 0.133873 0.334038 0.820538
6 0.216262 0.795743 0.123627 0.402050 0.815304
6 0.156819 0.630709 0.069199 0.238445 0.763209
6 0.809360 0.626980 0.040609 0.157608 0.752444
0 0.396578 0.680727 0.213366 0.385891 0.728622
6 0.280898 0.598641 0.048165 0.138258 0.699969
3 0.273000 0.692835 0.043267 0.139438 0.613044
2 0.939105 0.593549 0.092580 0.179709 0.556645