0 0.072808 0.658321 0.145615 0.200713 0.911842
0 0.661589 0.596211 0.127070 0.151183 0.905094
0 0.260136 0.621640 0.157401 0.205435 0.870855
2 0.521690 0.596139 0.070286 0.154666 0.786368
0 0.120282 0.620689 0.132432 0.138739 0.759365
6 0.483061 0.602344 0.046078 0.161967 0.753866
3 0.570184 0.602290 0.034420 0.106894 0.725459
3 0.485531 0.648407 0.046335 0.125206 0.717660
3 0.424780 0.633896 0.044205 0.106051 0.640385
2 0.905883 0.674264 0.188234 0.335010 0.619960
6 0.427144 0.590227 0.036890 0.114839 0.605128
3 0.352042 0.581986 0.038251 0.060945 0.567742