6 0.278701 0.762888 0.124632 0.385651 0.936526
0 0.894771 0.669845 0.210457 0.263404 0.924401
0 0.473155 0.580438 0.061630 0.103971 0.867268
3 0.265640 0.860256 0.142624 0.276308 0.806438
6 0.352055 0.655821 0.064164 0.208396 0.802950
6 0.403871 0.594534 0.032505 0.111018 0.767999
0 0.656889 0.577717 0.064189 0.085883 0.754308
0 0.617115 0.552000 0.034878 0.058295 0.692126
3 0.403229 0.627144 0.035237 0.097377 0.663746
6 0.809938 0.552320 0.025137 0.054552 0.656148
3 0.701637 0.601682 0.037236 0.084799 0.648128
0 0.557968 0.603968 0.112018 0.205871 0.636703
3 0.345892 0.713488 0.082888 0.197750 0.551742