6 0.284388 0.798519 0.175391 0.401974 0.908912
0 0.262122 0.780296 0.374566 0.360436 0.842199
0 0.070388 0.751063 0.140776 0.341120 0.790242
6 0.547490 0.655873 0.053230 0.174091 0.701167
3 0.545999 0.714657 0.053347 0.163577 0.664011
0 0.461474 0.660303 0.140920 0.143788 0.605655
4 0.766006 0.660999 0.044638 0.099297 0.551845
3 0.620910 0.658708 0.032115 0.078574 0.537296
6 0.374760 0.290864 0.074911 0.144329 0.523615
6 0.990446 0.312881 0.019107 0.213397 0.485501
6 0.091064 0.631229 0.022328 0.080299 0.463871
7 0.168978 0.311122 0.028386 0.040362 0.441261
6 0.759887 0.628911 0.034376 0.125633 0.440516
3 0.662986 0.620060 0.029548 0.063016 0.414416