6 0.066612 0.702649 0.078979 0.289421 0.899607
3 0.816343 0.688649 0.104503 0.195826 0.855049
6 0.137598 0.666480 0.079211 0.267447 0.843541
3 0.705637 0.630498 0.058393 0.131940 0.799912
0 0.556864 0.538098 0.051402 0.061192 0.738667
6 0.315956 0.581713 0.017544 0.105595 0.722390
6 0.808195 0.620068 0.059952 0.206742 0.691229
6 0.592888 0.553253 0.029421 0.092869 0.670667
3 0.268914 0.631241 0.039794 0.124729 0.656169
3 0.594528 0.578098 0.036179 0.076707 0.617215
0 0.467159 0.618320 0.105979 0.219119 0.522305
3 0.750592 0.568707 0.028830 0.082625 0.424158