3 0.249846 0.833296 0.181264 0.332976 0.893570
0 0.421613 0.629822 0.104218 0.174336 0.879978
3 0.800956 0.740528 0.117231 0.237616 0.847332
6 0.794870 0.677041 0.055408 0.203814 0.794050
6 0.506682 0.638392 0.059422 0.201786 0.765784
3 0.508318 0.706294 0.061907 0.168603 0.753096
6 0.284325 0.620496 0.026892 0.176340 0.740939
2 0.602396 0.619249 0.117872 0.186180 0.584991
6 0.009653 0.183143 0.019307 0.064626 0.583242
3 0.862217 0.670630 0.094020 0.157995 0.475236
3 0.347835 0.587716 0.020234 0.049668 0.463094