0 0.724266 0.652299 0.132432 0.187811 0.928144
6 0.038248 0.800298 0.076495 0.399401 0.899347
2 0.549179 0.616512 0.167373 0.333652 0.877562
3 0.207194 0.691442 0.105964 0.182315 0.858393
6 0.584204 0.507531 0.045051 0.171267 0.842634
6 0.977329 0.727973 0.045342 0.361338 0.840476
6 0.792092 0.605038 0.027479 0.120571 0.838070
6 0.539132 0.499061 0.055066 0.173535 0.800689
6 0.917642 0.666839 0.070925 0.217125 0.783068
3 0.912328 0.729246 0.090485 0.178031 0.774735
6 0.365468 0.655661 0.086395 0.217286 0.753332
3 0.964770 0.833404 0.070460 0.327149 0.723904
3 0.376111 0.733753 0.090356 0.161260 0.717834
6 0.433593 0.606764 0.040525 0.137971 0.707957
3 0.432196 0.652087 0.040125 0.112700 0.583542
6 0.883958 0.654464 0.027333 0.179382 0.559299
6 0.392747 0.610298 0.044475 0.117754 0.516921
6 0.935328 0.594743 0.028952 0.090446 0.513337
3 0.279711 0.666786 0.094116 0.138294 0.501209
3 0.635621 0.585083 0.014507 0.056483 0.490721
6 0.836896 0.590586 0.017796 0.100014 0.404533
0 0.463703 0.607707 0.015134 0.056340 0.401095