0 0.869778 0.775229 0.260443 0.447781 0.909786
2 0.785093 0.596253 0.201894 0.291808 0.894788
6 0.506070 0.695863 0.102448 0.297065 0.887634
6 0.580332 0.650724 0.055159 0.197028 0.862863
6 0.143388 0.804719 0.120432 0.388238 0.859692
6 0.235863 0.787729 0.131603 0.420731 0.858529
0 0.449733 0.643958 0.080307 0.168468 0.778734
6 0.341673 0.622273 0.034525 0.123727 0.695018
3 0.582151 0.716920 0.052907 0.156102 0.684988
0 0.656991 0.623793 0.066132 0.099333 0.601808
3 0.504317 0.828659 0.073106 0.215650 0.576166
6 0.897481 0.543785 0.024293 0.050743 0.562600