3 0.790608 0.618343 0.148027 0.169194 0.879310
0 0.427536 0.748407 0.297658 0.499667 0.872361
6 0.118662 0.555068 0.068003 0.204383 0.859826
6 0.585596 0.526054 0.032055 0.142560 0.836425
6 0.025404 0.496348 0.050589 0.119267 0.817816
6 0.048783 0.562332 0.097566 0.155945 0.778939
6 0.969945 0.584628 0.058174 0.203576 0.760775
3 0.950548 0.629492 0.098713 0.168920 0.757827
6 0.779506 0.562868 0.063239 0.195779 0.754197
0 0.651935 0.537570 0.125763 0.117750 0.718653
3 0.064287 0.755404 0.128575 0.344633 0.536823
0 0.160243 0.479868 0.065689 0.122087 0.479904
3 0.109117 0.603687 0.054341 0.132168 0.455361