0 0.356047 0.575410 0.063370 0.087329 0.918573
6 0.045784 0.650749 0.033280 0.087552 0.865533
4 0.136765 0.674188 0.057757 0.136055 0.842665
3 0.227795 0.631550 0.086756 0.123674 0.841422
6 0.275130 0.565052 0.021289 0.093588 0.833119
6 0.075103 0.643543 0.032225 0.080803 0.829429
0 0.661485 0.581491 0.079024 0.127006 0.778485
3 0.418679 0.577817 0.021362 0.053841 0.639611
3 0.455957 0.578758 0.022908 0.060504 0.616477
3 0.878093 0.577320 0.050644 0.092901 0.591821
3 0.980213 0.599217 0.039574 0.112894 0.479301
0 0.741026 0.549806 0.034697 0.074913 0.465915
3 0.931502 0.588937 0.067916 0.093600 0.425244