6 0.043092 0.761352 0.086183 0.406056 0.923642
0 0.634170 0.612508 0.113090 0.148670 0.861520
3 0.129823 0.702986 0.122438 0.165837 0.811512
2 0.444915 0.563199 0.060116 0.155427 0.787119
6 0.259046 0.574726 0.024795 0.107224 0.713842
3 0.275867 0.642382 0.052697 0.119976 0.652457
3 0.552603 0.565502 0.023285 0.073728 0.554519
6 0.081231 0.589162 0.047536 0.201069 0.544952
6 0.159517 0.577211 0.021987 0.155414 0.516879
3 0.805856 0.582024 0.039497 0.096559 0.506816
6 0.196459 0.565883 0.025567 0.099264 0.505251
0 0.906085 0.762482 0.187814 0.465900 0.492607
3 0.761120 0.587266 0.054800 0.089129 0.414893