6 0.295825 0.627852 0.054828 0.165022 0.869052
3 0.295893 0.684717 0.055009 0.161314 0.858596
2 0.445061 0.680022 0.154279 0.335312 0.845954
0 0.597721 0.588779 0.085666 0.115971 0.826190
3 0.826226 0.648687 0.083739 0.126419 0.783370
6 0.877211 0.641792 0.030039 0.211885 0.769522
3 0.682208 0.604843 0.035629 0.069778 0.716110
4 0.011051 0.861469 0.022086 0.253903 0.526961
0 0.543398 0.555880 0.019050 0.026294 0.505973
0 0.517787 0.554405 0.018942 0.028502 0.485950
6 0.680121 0.585980 0.023950 0.085634 0.401951
6 0.829910 0.629075 0.035578 0.091359 0.400904