6 0.112732 0.595826 0.028220 0.186214 0.837050
3 0.357569 0.722146 0.059275 0.168641 0.833980
6 0.357827 0.663262 0.055975 0.198196 0.822939
0 0.435522 0.684425 0.066628 0.210562 0.797753
6 0.153034 0.601745 0.029723 0.177877 0.796955
6 0.694555 0.675545 0.066379 0.222644 0.741168
0 0.923680 0.800612 0.152639 0.398777 0.670722
6 0.284076 0.599417 0.034550 0.153895 0.652611
6 0.173978 0.602769 0.024451 0.162082 0.645167
0 0.813242 0.688011 0.180550 0.222685 0.499257
0 0.639988 0.662760 0.053006 0.178979 0.443191
0 0.544313 0.770080 0.197843 0.433859 0.440444