6 0.102977 0.769961 0.140855 0.458847 0.944032
6 0.829441 0.783688 0.102170 0.432624 0.888136
0 0.876295 0.793022 0.246962 0.411892 0.869912
0 0.453364 0.591090 0.075575 0.117454 0.863540
3 0.347908 0.772715 0.112476 0.295025 0.848641
6 0.505956 0.607913 0.062993 0.172203 0.813493
6 0.351636 0.691112 0.091629 0.292785 0.767841
6 0.925133 0.159305 0.055298 0.157435 0.722271
3 0.182313 0.742204 0.098727 0.323924 0.709295
3 0.617774 0.617748 0.080849 0.127658 0.708676
6 0.972287 0.120378 0.053222 0.170628 0.663013
3 0.213123 0.706374 0.139360 0.238049 0.452456
3 0.745181 0.713194 0.075355 0.134727 0.450173