1 0.382122 0.401928 0.172630 0.326000 0.927716
0 0.255827 0.691837 0.308933 0.450644 0.884640
0 0.612306 0.524889 0.127118 0.177701 0.852305
3 0.522358 0.576054 0.051901 0.130903 0.802517
6 0.521513 0.523507 0.050083 0.160921 0.794187
6 0.173372 0.447957 0.014808 0.093045 0.741699
0 0.490926 0.453929 0.035379 0.062214 0.703372
0 0.830152 0.671594 0.339404 0.656360 0.627633
6 0.150860 0.441610 0.014112 0.065120 0.605358
0 0.550217 0.465017 0.042569 0.070671 0.576086
2 0.542329 0.416067 0.037170 0.061774 0.481241
0 0.470498 0.456937 0.010446 0.073383 0.431836