0 0.483291 0.771259 0.371266 0.456120 0.904751
6 0.689587 0.626418 0.042272 0.220263 0.838977
6 0.608330 0.593059 0.035770 0.187575 0.818495
6 0.099362 0.711290 0.078269 0.163676 0.805390
6 0.294814 0.470468 0.020577 0.103637 0.743453
6 0.272701 0.469767 0.023581 0.105159 0.743371
3 0.937752 0.674614 0.124496 0.219867 0.735531
6 0.114799 0.630551 0.037054 0.238105 0.729407
6 0.315490 0.472187 0.024216 0.102961 0.708556
6 0.335474 0.469470 0.019402 0.093186 0.683895
6 0.254970 0.452916 0.019318 0.136816 0.682196
3 0.646185 0.571157 0.026808 0.091608 0.593846
6 0.237351 0.456302 0.022843 0.124641 0.579214
0 0.916657 0.865576 0.166686 0.266760 0.487550
6 0.776123 0.602692 0.021816 0.150282 0.438462