0 0.552522 0.588422 0.060129 0.112377 0.489276
0 0.408293 0.662168 0.124364 0.275617 0.445531
1 0.293981 0.557156 0.148208 0.192342 0.381883
1 0.629547 0.628448 0.110434 0.193661 0.371178
3 0.632342 0.780660 0.105088 0.275287 0.766004
3 0.520458 0.623488 0.035401 0.092786 0.685265
3 0.711363 0.668468 0.051362 0.155383 0.687208
3 0.901729 0.902606 0.195796 0.193410 0.623955
3 0.480064 0.642841 0.032487 0.084958 0.649714
3 0.799282 0.757954 0.123578 0.232140 0.708739
5 0.200561 0.758654 0.312419 0.478692 0.559458
6 0.032601 0.732601 0.064940 0.391616 0.819138
6 0.931686 0.793471 0.136296 0.410305 0.707855
6 0.181334 0.715330 0.036218 0.086005 0.719229
6 0.791921 0.686664 0.093974 0.265123 0.698804
6 0.709826 0.625612 0.046703 0.165594 0.650897
6 0.122622 0.714154 0.035379 0.084043 0.653951
6 0.629833 0.693455 0.062647 0.266889 0.661690
6 0.478980 0.600157 0.033521 0.126829 0.554620
6 0.516687 0.588403 0.027970 0.106312 0.539989
6 0.819751 0.596254 0.022863 0.113823 0.526163