0 0.343660 0.598360 0.041931 0.111401 0.419341
0 0.439656 0.630328 0.043717 0.190410 0.517396
1 0.674700 0.750667 0.299841 0.495966 0.738947
1 0.518282 0.670375 0.130445 0.343905 0.642476
1 0.169879 0.751643 0.319110 0.494158 0.703734
3 0.370991 0.741007 0.087679 0.222316 0.737999
3 0.911335 0.702134 0.106193 0.147209 0.466161
6 0.490091 0.616835 0.032816 0.096037 0.716719
6 0.373527 0.688350 0.093472 0.278963 0.574676
6 0.909837 0.661211 0.077080 0.243694 0.698142
6 0.958957 0.847813 0.081604 0.300968 0.622253
6 0.389016 0.632641 0.051037 0.195066 0.368703