0 0.714592 0.649002 0.183695 0.219791 0.688348
0 0.789757 0.571976 0.072154 0.085035 0.438579
1 0.229170 0.684584 0.141204 0.331840 0.654472
1 0.390836 0.735188 0.209189 0.465953 0.645660
1 0.504989 0.581987 0.046981 0.139444 0.354095
3 0.136280 0.703791 0.055915 0.148087 0.667961
3 0.937373 0.791768 0.124728 0.290049 0.726547
3 0.544214 0.673740 0.050909 0.148713 0.445829
3 0.589855 0.646084 0.047086 0.128561 0.424525
3 0.606852 0.617619 0.021571 0.104961 0.454355
6 0.944164 0.700808 0.103731 0.297072 0.761462
6 0.140030 0.643683 0.046712 0.178189 0.735627
6 0.522472 0.613980 0.038307 0.162995 0.630304
6 0.919145 0.593089 0.013137 0.030171 0.501319
6 0.530935 0.411794 0.024915 0.056028 0.558179
6 0.335060 0.678479 0.032653 0.084631 0.457496
6 0.834266 0.612519 0.023666 0.113670 0.533492
6 0.584342 0.598517 0.038636 0.143756 0.545035
6 0.827448 0.551445 0.014188 0.065092 0.603539
6 0.028010 0.737587 0.055688 0.239057 0.420777
6 0.632027 0.388028 0.024079 0.083347 0.553055
6 0.567089 0.551157 0.018986 0.040744 0.372333
6 0.904975 0.418584 0.011813 0.036323 0.436533
6 0.602955 0.551577 0.013153 0.030635 0.359818
6 0.812627 0.547395 0.016379 0.041350 0.388690
6 0.538326 0.549581 0.014828 0.049402 0.357336