2 0.391946 0.533373 0.037442 0.168978 0.457084
2 0.866995 0.480364 0.265304 0.959474 0.410495
2 0.448318 0.526046 0.031917 0.044121 0.375614
2 0.613805 0.520517 0.031249 0.090826 0.362043
3 0.572676 0.578262 0.015213 0.048466 0.768752
3 0.601486 0.590873 0.020908 0.068712 0.745918
3 0.543703 0.551099 0.009362 0.025678 0.580951
5 0.192407 0.521216 0.382797 0.845270 0.514571
5 0.662819 0.580705 0.084184 0.130522 0.443738
6 0.528754 0.534177 0.006845 0.027655 0.451737
8 0.416242 0.381363 0.009301 0.022650 0.375730