0 0.067308 0.836186 0.134459 0.326104 0.576016
0 0.696395 0.567632 0.070104 0.078152 0.499703
2 0.489013 0.618700 0.096230 0.217485 0.489867
3 0.355111 0.663673 0.055949 0.144566 0.818565
3 0.764603 0.718605 0.096401 0.191775 0.713675
3 0.687366 0.621795 0.056350 0.125255 0.520427
4 0.933921 0.660368 0.073890 0.133165 0.652492
5 0.607686 0.648416 0.168830 0.349184 0.649152
6 0.929539 0.607310 0.043730 0.179173 0.849526
6 0.151730 0.280049 0.019263 0.037370 0.572621
6 0.351251 0.601991 0.053410 0.135160 0.741546
6 0.689284 0.560046 0.037346 0.065807 0.466882
6 0.745915 0.644056 0.067153 0.236661 0.469887
6 0.184198 0.313210 0.009213 0.023539 0.466352
6 0.742476 0.548382 0.011097 0.046916 0.415702
6 0.171324 0.316956 0.009667 0.025617 0.449028
6 0.159901 0.319702 0.010236 0.024989 0.470983
6 0.148005 0.321908 0.010493 0.023851 0.443129
6 0.148521 0.349333 0.009745 0.021753 0.357798
6 0.160946 0.346465 0.008386 0.023223 0.353087
6 0.171931 0.344607 0.009509 0.020828 0.353182
6 0.185259 0.341187 0.008324 0.019835 0.356644