0 0.583915 0.569810 0.066604 0.098600 0.758302
2 0.820130 0.615170 0.280574 0.452449 0.669145
3 0.257110 0.625126 0.045203 0.105582 0.851925
3 0.499520 0.571211 0.010323 0.036997 0.459367
3 0.688062 0.535164 0.021739 0.034642 0.373278
5 0.430670 0.501906 0.137555 0.343904 0.707787
6 0.366346 0.535739 0.009480 0.049179 0.634068
6 0.678702 0.384497 0.029923 0.063963 0.646279
6 0.497771 0.552823 0.017444 0.073623 0.516474
6 0.697655 0.401813 0.012495 0.035839 0.429525
6 0.710716 0.389083 0.017843 0.040124 0.405432
8 0.087230 0.341472 0.062524 0.156926 0.407425