0 0.095712 0.545422 0.190654 0.178948 0.659662
0 0.311288 0.539375 0.070696 0.093108 0.601867
0 0.227935 0.533376 0.128397 0.137557 0.537171
2 0.503815 0.581526 0.063266 0.134863 0.422930
2 0.423330 0.576310 0.050359 0.116999 0.358963
3 0.889266 0.811055 0.186849 0.307765 0.781151
3 0.548465 0.619353 0.034955 0.107567 0.598031
3 0.705122 0.610782 0.049223 0.111496 0.527154
3 0.453513 0.655251 0.039195 0.131227 0.765453
3 0.628093 0.563165 0.017114 0.051560 0.382053
3 0.752664 0.610735 0.053956 0.121265 0.393378
6 0.870985 0.683653 0.090961 0.331789 0.768492
6 0.133042 0.225762 0.024773 0.055465 0.540119
6 0.787655 0.643478 0.036745 0.223644 0.656041
6 0.276190 0.493811 0.013445 0.059878 0.592775
6 0.821856 0.666459 0.051067 0.288032 0.510897
6 0.452660 0.609141 0.041523 0.149427 0.782947
6 0.544121 0.588612 0.034653 0.125218 0.578794
6 0.595319 0.549393 0.012908 0.057116 0.465832
6 0.704276 0.561616 0.015040 0.044714 0.464587
8 0.141983 0.387229 0.027887 0.072188 0.425633
9 0.170083 0.767341 0.336355 0.397907 0.686473