0 0.403692 0.539122 0.034128 0.038595 0.420056
0 0.379734 0.546650 0.019535 0.057031 0.453682
1 0.513224 0.522774 0.031985 0.067333 0.502811
1 0.480794 0.543482 0.043315 0.099443 0.504064
3 0.538993 0.571487 0.017761 0.054735 0.727848
3 0.411861 0.572316 0.017137 0.052280 0.428858
3 0.263109 0.589489 0.063947 0.084770 0.427289
3 0.422029 0.565652 0.013154 0.038824 0.352239
4 0.066935 0.610574 0.116306 0.163153 0.556688
4 0.219280 0.598756 0.076495 0.094678 0.486484
4 0.934899 0.604121 0.101686 0.127605 0.367184
6 0.313900 0.664871 0.054999 0.216793 0.799689
6 0.576888 0.561233 0.017655 0.065803 0.743746