0 0.498820 0.651804 0.206090 0.301180 0.692830
0 0.153497 0.782774 0.306467 0.432511 0.726078
0 0.821315 0.747165 0.356890 0.461677 0.714032
0 0.297233 0.559150 0.142613 0.181677 0.506634
0 0.384758 0.518387 0.058021 0.087135 0.482602
0 0.461507 0.522223 0.073075 0.081670 0.398923
0 0.522812 0.486342 0.028032 0.036067 0.358373
0 0.403582 0.497413 0.037283 0.059624 0.372202
1 0.621748 0.522931 0.111266 0.169972 0.417828
3 0.708507 0.502637 0.022316 0.036002 0.515036
6 0.155586 0.540781 0.050220 0.139234 0.513875
6 0.288075 0.514504 0.031910 0.056303 0.448057
6 0.212756 0.543397 0.038309 0.147830 0.390165
6 0.529241 0.488407 0.014829 0.031734 0.352638
6 0.736817 0.600228 0.033104 0.072665 0.373385
7 0.781869 0.431329 0.007230 0.024506 0.454828
7 0.322060 0.393850 0.008604 0.031316 0.425027