0 0.338748 0.466602 0.122382 0.095618 0.636628
0 0.669092 0.551061 0.146145 0.205530 0.726348
0 0.530271 0.443844 0.030848 0.046570 0.661441
0 0.488683 0.431426 0.027166 0.040313 0.575244
0 0.512869 0.437045 0.012231 0.025098 0.477277
3 0.552902 0.472779 0.019078 0.061517 0.608973
3 0.571047 0.484106 0.022543 0.073102 0.616960
3 0.286959 0.489767 0.050550 0.087343 0.475208
3 0.473783 0.455286 0.010442 0.025447 0.427461
6 0.473777 0.445386 0.012430 0.044408 0.601541
6 0.553812 0.459268 0.016134 0.064662 0.520562