0 0.466306 0.706653 0.153424 0.242624 0.746337
0 0.526481 0.649205 0.081242 0.153736 0.577562
3 0.843536 0.593624 0.057980 0.107719 0.607867
3 0.363465 0.676282 0.022245 0.107876 0.402061
3 0.393291 0.655245 0.027560 0.096674 0.472904
4 0.230874 0.703177 0.084664 0.105319 0.454661
6 0.306500 0.684583 0.038128 0.219937 0.771478
6 0.339150 0.681126 0.043064 0.211463 0.761291
6 0.160803 0.556436 0.047139 0.084856 0.521178
6 0.122752 0.453669 0.034121 0.091336 0.472758
6 0.581253 0.596600 0.011282 0.060265 0.537296