0 0.057326 0.551999 0.114236 0.238872 0.655375
0 0.736699 0.659975 0.274733 0.448725 0.650833
0 0.988128 0.564096 0.023521 0.168065 0.636904
0 0.883558 0.524233 0.056213 0.088618 0.482851
0 0.864833 0.494782 0.036572 0.056362 0.452306
0 0.092637 0.495483 0.073151 0.124400 0.354654
1 0.931477 0.462693 0.027457 0.041656 0.377579
3 0.440852 0.714210 0.205718 0.327884 0.837129
3 0.913499 0.580224 0.034081 0.090588 0.703240
3 0.329889 0.511273 0.059307 0.105268 0.648196
6 0.437810 0.654538 0.101680 0.421602 0.875203
6 0.916172 0.535397 0.037971 0.130281 0.754576
6 0.360732 0.499542 0.023960 0.063408 0.494335