0 0.724940 0.660804 0.320736 0.398788 0.689211
0 0.521822 0.484405 0.065981 0.106256 0.604911
0 0.199058 0.496965 0.180072 0.227212 0.506600
0 0.306344 0.474648 0.076888 0.098587 0.485459
0 0.394984 0.447509 0.040310 0.067844 0.394548
1 0.879371 0.459734 0.146590 0.165127 0.779315
2 0.052871 0.566420 0.105436 0.360091 0.412874
3 0.320204 0.519634 0.032269 0.080533 0.732304
6 0.373489 0.463585 0.017656 0.113016 0.619996
6 0.116281 0.579598 0.057376 0.303238 0.769237
6 0.318501 0.482618 0.032785 0.112776 0.579795
6 0.437121 0.423957 0.007854 0.044494 0.481210
6 0.354771 0.464565 0.018640 0.112792 0.617324
6 0.990823 0.516912 0.018286 0.098304 0.422613