0 0.096625 0.784465 0.192971 0.429102 0.678583
0 0.897253 0.769159 0.205107 0.459502 0.659352
0 0.511600 0.589491 0.129747 0.218845 0.511073
0 0.200252 0.500214 0.030875 0.079663 0.580765
0 0.571215 0.514441 0.062858 0.110986 0.362472
0 0.340039 0.595021 0.154781 0.256885 0.401949
1 0.407489 0.454473 0.108693 0.167262 0.725575
2 0.851754 0.467865 0.183634 0.224993 0.603890
2 0.725199 0.467171 0.056236 0.095054 0.485852
2 0.618932 0.496142 0.062180 0.103319 0.397439
3 0.667188 0.571964 0.054147 0.124443 0.557601
3 0.702495 0.551345 0.041687 0.101916 0.520909
3 0.386380 0.684676 0.095908 0.241647 0.662823
3 0.743169 0.507864 0.025173 0.062571 0.562554
3 0.574507 0.562071 0.028370 0.077785 0.450084
3 0.407740 0.537800 0.040912 0.133193 0.423928
6 0.380101 0.605891 0.073564 0.235251 0.671496
6 0.662799 0.524300 0.041896 0.148493 0.583772
6 0.698410 0.515893 0.032887 0.127436 0.560255
6 0.565168 0.498864 0.023393 0.069473 0.484802