2 0.695677 0.542561 0.112201 0.285892 0.549801
3 0.605129 0.856910 0.138124 0.284043 0.756854
3 0.453442 0.753314 0.103088 0.216305 0.728696
3 0.857310 0.672290 0.051026 0.129627 0.779984
3 0.325883 0.792507 0.157747 0.258025 0.703099
3 0.227495 0.892715 0.140223 0.212950 0.481145
6 0.055951 0.813973 0.111664 0.370197 0.812115
6 0.615440 0.757593 0.115939 0.368232 0.695003
6 0.532410 0.680527 0.053307 0.213321 0.720778
6 0.167079 0.817648 0.214172 0.362513 0.827844
6 0.811323 0.577125 0.020036 0.095986 0.568066
6 0.843877 0.616562 0.065100 0.139923 0.520705
6 0.696907 0.496161 0.027118 0.103052 0.451269
6 0.651952 0.507617 0.020072 0.090623 0.445953
6 0.718052 0.495928 0.020146 0.096255 0.398245
6 0.827155 0.584979 0.014591 0.065334 0.400209
6 0.624219 0.607861 0.028468 0.075911 0.421294
6 0.674041 0.500720 0.028012 0.098336 0.434460
8 0.492428 0.450392 0.031015 0.090089 0.387897