0 0.436077 0.600589 0.035280 0.049956 0.647177
0 0.531609 0.591865 0.019408 0.030960 0.603961
0 0.261656 0.576075 0.034841 0.047866 0.602301
0 0.405319 0.594306 0.023494 0.052525 0.477985
0 0.299429 0.587628 0.049533 0.062138 0.456112
2 0.135700 0.595209 0.209180 0.299975 0.667290
2 0.923465 0.610815 0.152464 0.407868 0.388102
3 0.372105 0.670232 0.037342 0.092546 0.824395
3 0.477116 0.615992 0.014246 0.035518 0.568818
6 0.289796 0.641068 0.021930 0.108621 0.818537
6 0.346234 0.616706 0.018346 0.088415 0.709327
6 0.372108 0.631764 0.033390 0.105771 0.604718
6 0.477761 0.603103 0.015254 0.054250 0.476429
6 0.460591 0.588560 0.007066 0.029265 0.355665
8 0.709792 0.175585 0.061886 0.142375 0.477689
9 0.735764 0.792301 0.351888 0.404743 0.422605