0 0.417418 0.613120 0.193762 0.317697 0.492736
0 0.984289 0.844209 0.031248 0.307464 0.530779
0 0.613840 0.498151 0.089265 0.136944 0.409588
0 0.478176 0.501566 0.068606 0.117109 0.380335
3 0.223822 0.540495 0.081434 0.088813 0.725483
3 0.104453 0.536046 0.074665 0.091327 0.747266
3 0.301712 0.552057 0.018912 0.072079 0.541862
3 0.565312 0.494286 0.015287 0.060056 0.514729
3 0.018506 0.540981 0.036777 0.080483 0.539050
3 0.427249 0.821276 0.130094 0.351976 0.479517
3 0.525891 0.470832 0.012339 0.042297 0.519257
5 0.717030 0.587200 0.140877 0.260631 0.556875
6 0.096549 0.519011 0.030261 0.127093 0.791760
6 0.225632 0.512247 0.039242 0.117076 0.793131
6 0.433194 0.669279 0.117242 0.382508 0.849158
6 0.125774 0.477481 0.020124 0.099741 0.675243
6 0.146621 0.166715 0.017093 0.045895 0.370845
6 0.547437 0.449579 0.008958 0.049968 0.420266
6 0.565242 0.463650 0.015203 0.031501 0.470753
6 0.011728 0.483690 0.015697 0.044771 0.401236
6 0.387382 0.442532 0.014681 0.023846 0.375269
9 0.881431 0.477496 0.104955 0.160949 0.375270