0 0.528845 0.511759 0.047857 0.038345 0.608100
2 0.177024 0.534328 0.181378 0.212862 0.582348
2 0.474504 0.533743 0.067030 0.090613 0.451581
2 0.654978 0.549488 0.076773 0.102401 0.429476
2 0.917904 0.549415 0.163177 0.197582 0.399468
3 0.028136 0.853036 0.055837 0.290986 0.529716
3 0.307077 0.565119 0.023959 0.072018 0.431202
5 0.372628 0.645150 0.157239 0.299620 0.723218
6 0.097595 0.598261 0.035412 0.181057 0.806516
6 0.268921 0.561690 0.021070 0.114352 0.568222
6 0.299639 0.549861 0.031715 0.116137 0.669951
6 0.335917 0.534004 0.016798 0.076017 0.566546
6 0.559665 0.511750 0.015290 0.044125 0.462618
6 0.021742 0.564492 0.015254 0.098112 0.432993
6 0.579059 0.510496 0.014934 0.045364 0.440944
6 0.464465 0.532820 0.012174 0.059692 0.370894