0 0.471844 0.618231 0.111587 0.183054 0.622243
0 0.405687 0.528792 0.037515 0.036556 0.475571
0 0.686271 0.643775 0.227506 0.278913 0.516866
0 0.072189 0.524371 0.143841 0.099107 0.549677
0 0.152014 0.517044 0.053919 0.071549 0.387051
0 0.872270 0.837574 0.255110 0.323465 0.386713
0 0.569600 0.588858 0.067107 0.131777 0.443885
1 0.501095 0.481214 0.054752 0.104499 0.421925
1 0.699837 0.490644 0.131681 0.049309 0.502091
1 0.534966 0.502798 0.019133 0.032340 0.351534
2 0.334222 0.541175 0.104530 0.243481 0.518510
3 0.161956 0.827248 0.215141 0.342506 0.704994
3 0.557208 0.613752 0.036293 0.088156 0.416596
6 0.849371 0.773891 0.208514 0.449872 0.813887
6 0.626899 0.713745 0.131193 0.337348 0.808863
6 0.251743 0.583647 0.034725 0.161519 0.697024
6 0.152574 0.736638 0.130103 0.380812 0.768135
6 0.203133 0.732609 0.120774 0.379380 0.682026
6 0.787488 0.513238 0.037087 0.079167 0.707654
6 0.234560 0.570303 0.020950 0.164935 0.582381
6 0.556019 0.574628 0.031364 0.115661 0.459006
6 0.433326 0.534625 0.021035 0.036318 0.357440
6 0.191248 0.556159 0.030824 0.172234 0.386910
8 0.571632 0.379467 0.029822 0.077281 0.369543
8 0.192511 0.318156 0.040317 0.079018 0.369341