0 0.576726 0.482403 0.060514 0.079654 0.500836
0 0.478907 0.470137 0.115195 0.080882 0.481919
1 0.251373 0.561981 0.146246 0.284236 0.502545
1 0.343406 0.514533 0.055446 0.182150 0.446742
1 0.632609 0.485403 0.065661 0.112641 0.432489
3 0.420250 0.485962 0.031021 0.060059 0.613308
3 0.483678 0.490527 0.041942 0.064298 0.757342
3 0.377040 0.480806 0.017049 0.058213 0.427499
4 0.171435 0.822657 0.224682 0.351811 0.767784
5 0.807777 0.546824 0.297298 0.523727 0.579629
6 0.164107 0.683236 0.130060 0.602710 0.845301
6 0.574140 0.502782 0.041426 0.148136 0.813079
6 0.483855 0.473317 0.022139 0.075976 0.568971
6 0.113088 0.466547 0.036693 0.111935 0.520821
6 0.418057 0.468275 0.021095 0.062548 0.430826
6 0.394355 0.469117 0.018521 0.059165 0.351569