0 0.461786 0.560973 0.017283 0.040657 0.376050
3 0.765714 0.642564 0.103628 0.125986 0.770473
3 0.180320 0.790635 0.134655 0.416249 0.781177
3 0.546753 0.600993 0.019619 0.062491 0.663905
3 0.452966 0.594974 0.021163 0.053488 0.617214
3 0.526884 0.574533 0.009896 0.032853 0.559250
3 0.589272 0.591584 0.022380 0.046508 0.417827
3 0.614846 0.604677 0.024556 0.069690 0.458442
3 0.678590 0.623152 0.073749 0.085262 0.394707
6 0.053271 0.691776 0.106126 0.587624 0.742361
6 0.509436 0.585971 0.016602 0.088467 0.670772
6 0.493332 0.587440 0.015991 0.085706 0.628981
6 0.474287 0.587880 0.014395 0.068963 0.521517
6 0.562515 0.579151 0.012311 0.053249 0.509891
6 0.546768 0.582974 0.019435 0.073118 0.582849
6 0.417772 0.583397 0.019320 0.105070 0.492959
8 0.286510 0.069657 0.075678 0.126914 0.547362