0 0.527446 0.513810 0.021056 0.019428 0.526162
0 0.570036 0.515656 0.035546 0.023032 0.502416
2 0.446033 0.509490 0.021429 0.041246 0.370796
3 0.115487 0.621846 0.078001 0.128539 0.806681
3 0.424809 0.600238 0.048575 0.089131 0.675184
3 0.935935 0.572839 0.069389 0.108619 0.614572
3 0.477506 0.572881 0.024419 0.084068 0.609621
3 0.458398 0.551301 0.013259 0.041249 0.496576
3 0.725816 0.560395 0.030474 0.065662 0.696360
3 0.860946 0.598306 0.065583 0.113503 0.555416
5 0.849272 0.574300 0.090243 0.161923 0.423806
6 0.424059 0.563947 0.031797 0.104676 0.626067
6 0.213017 0.532975 0.029090 0.074630 0.573302
6 0.987059 0.544286 0.020030 0.043891 0.366297
6 0.862612 0.557828 0.037505 0.119010 0.483685
9 0.567349 0.554266 0.168262 0.099376 0.515832