2 0.603729 0.630278 0.209182 0.486887 0.629481
2 0.251383 0.732806 0.218774 0.423100 0.593309
2 0.434991 0.596589 0.061145 0.138471 0.449411
3 0.742726 0.646203 0.046402 0.109664 0.736647
3 0.082443 0.711796 0.057330 0.158879 0.647455
3 0.480484 0.586015 0.015527 0.042790 0.569588
3 0.131209 0.692741 0.050914 0.153122 0.496173
3 0.718679 0.571778 0.016805 0.046364 0.358080
3 0.978955 0.872511 0.041341 0.157239 0.449515
6 0.741927 0.604242 0.038570 0.131692 0.670082
6 0.954413 0.635209 0.036562 0.170709 0.728660
6 0.707665 0.577794 0.014513 0.074568 0.448127
6 0.466024 0.564125 0.009251 0.059467 0.411314
6 0.975836 0.733602 0.048247 0.383792 0.788195