0 0.690884 0.588366 0.065436 0.084017 0.649930
0 0.718667 0.575993 0.037707 0.056128 0.482577
0 0.912490 0.606722 0.076863 0.097871 0.405869
0 0.511625 0.542510 0.015549 0.025733 0.434284
0 0.893478 0.612992 0.041860 0.111101 0.365510
1 0.100005 0.535181 0.199580 0.201118 0.580244
2 0.815425 0.602792 0.163141 0.239403 0.561531
3 0.214027 0.709904 0.093098 0.216950 0.839985
3 0.432160 0.583798 0.020243 0.059923 0.761395
3 0.970050 0.649436 0.059170 0.090721 0.549126
6 0.068083 0.592756 0.028342 0.124296 0.759464
6 0.106216 0.616094 0.032084 0.140789 0.777461
6 0.223881 0.652767 0.068812 0.221965 0.715768
6 0.858871 0.262809 0.046028 0.087206 0.613585
6 0.148982 0.407991 0.020901 0.050867 0.619734
6 0.069976 0.400129 0.021463 0.057224 0.581817
6 0.432101 0.567910 0.019860 0.066484 0.694905
6 0.121376 0.351834 0.018049 0.041451 0.582348
6 0.074500 0.345116 0.019758 0.043733 0.549349
6 0.022388 0.374962 0.036171 0.121117 0.426901
6 0.138982 0.355308 0.016103 0.041601 0.532380
6 0.520480 0.551582 0.008985 0.036902 0.500500
6 0.971350 0.624501 0.052092 0.130441 0.474426
6 0.094148 0.347334 0.018376 0.042019 0.492562
6 0.087276 0.400996 0.012745 0.049488 0.394827
6 0.501350 0.545621 0.006630 0.023784 0.351989
8 0.261257 0.483689 0.035198 0.050273 0.445268
9 0.760433 0.768946 0.466826 0.452087 0.454156