0 0.548879 0.546687 0.026630 0.039056 0.681410
0 0.532363 0.532786 0.012860 0.018315 0.504248
0 0.257723 0.571228 0.039581 0.052783 0.438513
2 0.475581 0.516599 0.017798 0.043854 0.509501
2 0.448462 0.519808 0.032267 0.065384 0.499013
2 0.856585 0.476457 0.286049 0.951311 0.546003
3 0.038742 0.550986 0.021231 0.039438 0.713542
5 0.500907 0.549443 0.037513 0.077218 0.549084
6 0.984464 0.515694 0.030729 0.316748 0.515471
6 0.907563 0.521466 0.033044 0.257135 0.534577
6 0.944841 0.266604 0.023024 0.120776 0.404667
6 0.981403 0.228632 0.014847 0.090531 0.439010
6 0.907174 0.246158 0.014923 0.077596 0.392720
6 0.923319 0.249830 0.021337 0.119283 0.413967
6 0.929047 0.344663 0.030668 0.191460 0.372166
6 0.884203 0.435401 0.027117 0.347610 0.383960
6 0.965054 0.301580 0.042080 0.177405 0.380641
6 0.989972 0.279155 0.019859 0.157142 0.445265