0 0.397575 0.470613 0.043558 0.063256 0.614194
1 0.441313 0.427946 0.040899 0.075268 0.715082
3 0.583625 0.563379 0.050852 0.125309 0.795625
3 0.335963 0.516493 0.028296 0.073582 0.742851
3 0.510533 0.473575 0.012253 0.025528 0.510494
3 0.372925 0.534994 0.030026 0.078183 0.746093
3 0.477205 0.465899 0.013040 0.034078 0.534040
5 0.450099 0.461094 0.031317 0.066726 0.357422
6 0.374032 0.491840 0.035113 0.109619 0.744316
6 0.581745 0.513836 0.047565 0.157073 0.799394
6 0.222056 0.491787 0.022881 0.102421 0.688568
6 0.336469 0.488991 0.027846 0.092337 0.757369
6 0.205927 0.492776 0.018025 0.095299 0.661612
8 0.632579 0.435624 0.020744 0.024812 0.412704