0 0.150797 0.809430 0.300924 0.379231 0.751686
0 0.762473 0.783026 0.474808 0.431451 0.788260
0 0.296520 0.714700 0.188797 0.246012 0.626701
1 0.492787 0.562187 0.147463 0.086828 0.760066
3 0.605194 0.620702 0.020496 0.043353 0.534381
6 0.691416 0.572458 0.014306 0.028652 0.611651
6 0.415593 0.605124 0.012188 0.082344 0.670878
6 0.764691 0.558072 0.022344 0.030665 0.471478
6 0.627577 0.596919 0.023201 0.048341 0.601187
6 0.608281 0.602265 0.025779 0.078840 0.542431
6 0.644152 0.584198 0.019410 0.037050 0.545864
6 0.579802 0.581532 0.007399 0.046635 0.533603
6 0.768187 0.678553 0.040032 0.102883 0.484950
6 0.243995 0.579350 0.016587 0.041452 0.452913
6 0.227982 0.578788 0.019025 0.043864 0.390920
6 0.568541 0.578876 0.005737 0.033032 0.377913
6 0.738532 0.677262 0.041106 0.098252 0.516812
8 0.081136 0.447793 0.049935 0.060233 0.384095
8 0.105030 0.359335 0.052289 0.067874 0.375256