1 0.941991 0.498294 0.115266 0.198801 0.536880
1 0.870696 0.584128 0.145962 0.173284 0.365847
2 0.526252 0.673254 0.318607 0.543403 0.624204
2 0.325583 0.654188 0.088077 0.258868 0.417215
2 0.273174 0.628111 0.039894 0.175996 0.355404
3 0.777740 0.761777 0.100083 0.254938 0.748164
3 0.066051 0.856798 0.130015 0.283030 0.690406
3 0.919334 0.806744 0.152420 0.333427 0.730875
3 0.704908 0.643862 0.066219 0.241252 0.651802
3 0.971426 0.602939 0.056702 0.113495 0.581280
3 0.217030 0.784676 0.090183 0.242578 0.733340
3 0.149690 0.650671 0.058860 0.149986 0.419004
3 0.104829 0.630748 0.038826 0.119460 0.355810
6 0.560009 0.499670 0.067626 0.299345 0.810914
6 0.918379 0.696606 0.100244 0.339174 0.767574
6 0.783719 0.661094 0.088085 0.264795 0.730386
6 0.083756 0.735105 0.092120 0.343451 0.623162
6 0.969857 0.577302 0.043055 0.118195 0.585309
6 0.212102 0.706015 0.098334 0.280496 0.643054
6 0.488690 0.497950 0.087898 0.306727 0.811817
6 0.843171 0.598268 0.037539 0.138571 0.395190
6 0.185800 0.575341 0.024419 0.080123 0.366556
6 0.102826 0.606410 0.023305 0.123963 0.385285
6 0.036440 0.755501 0.072763 0.385055 0.387846
6 0.081174 0.606284 0.028780 0.097731 0.382244