2 0.693664 0.559975 0.066743 0.148057 0.517724
3 0.738652 0.528580 0.022265 0.056114 0.576373
3 0.470962 0.628226 0.026332 0.073771 0.514683
5 0.547207 0.664813 0.143473 0.329537 0.670877
5 0.368155 0.703141 0.181022 0.359354 0.667804
6 0.801211 0.543522 0.026362 0.140816 0.641757
6 0.779852 0.561300 0.028323 0.105272 0.661443
6 0.932468 0.626956 0.032757 0.070823 0.565959
6 0.903188 0.629190 0.023107 0.069855 0.413177
6 0.469997 0.582258 0.028551 0.112982 0.649634
6 0.841110 0.499245 0.027317 0.099049 0.496195
8 0.042750 0.426537 0.045334 0.135597 0.353945