2 0.607095 0.581443 0.054680 0.135601 0.425755
3 0.656252 0.582076 0.022069 0.056163 0.696227
3 0.342090 0.594344 0.028994 0.081671 0.791420
3 0.281011 0.597584 0.035064 0.086580 0.773187
3 0.118469 0.693910 0.093555 0.172699 0.689315
3 0.388328 0.614717 0.038336 0.091283 0.753321
3 0.452281 0.592202 0.019119 0.051393 0.682531
3 0.744370 0.612586 0.035662 0.086535 0.708900
3 0.482307 0.605032 0.024686 0.058863 0.650267
3 0.693294 0.582222 0.026762 0.059639 0.725050
3 0.640515 0.548904 0.012445 0.033364 0.377666
3 0.042359 0.656285 0.084220 0.170056 0.415107
3 0.764261 0.585481 0.024442 0.082706 0.418009
3 0.494062 0.567759 0.010902 0.042315 0.377898
5 0.540108 0.616876 0.093328 0.213299 0.573758
6 0.113751 0.642207 0.057622 0.178559 0.780524
6 0.481119 0.573853 0.025440 0.090692 0.757476
6 0.454185 0.573685 0.024349 0.081017 0.708777
6 0.393271 0.574037 0.027163 0.072812 0.701305
6 0.117774 0.550688 0.016309 0.043151 0.361705
6 0.077508 0.325653 0.023850 0.046802 0.372830
6 0.744563 0.580407 0.034671 0.100073 0.408428
6 0.693437 0.563247 0.020504 0.064554 0.416630