0 0.354643 0.587946 0.052757 0.114230 0.402391
0 0.380516 0.622833 0.022114 0.120074 0.367273
1 0.773353 0.531653 0.369486 0.172563 0.796944
2 0.475619 0.629801 0.171846 0.328088 0.599740
2 0.268683 0.687289 0.152433 0.339127 0.542733
3 0.845553 0.592108 0.045115 0.071825 0.572985
3 0.908401 0.607575 0.047550 0.088105 0.508415
4 0.956685 0.652188 0.047199 0.130757 0.548067
6 0.498545 0.506427 0.044754 0.176511 0.822979
6 0.451421 0.502784 0.055123 0.182959 0.809088
6 0.913724 0.591334 0.029001 0.156600 0.706451
6 0.956374 0.609501 0.038997 0.179615 0.730399
6 0.579944 0.586935 0.042309 0.106846 0.638017
6 0.851821 0.572607 0.024865 0.089398 0.601944
6 0.936416 0.596000 0.023116 0.154758 0.628829
6 0.058997 0.678445 0.056741 0.173708 0.422746