0 0.790769 0.575581 0.037954 0.071434 0.606301
2 0.227425 0.568474 0.132414 0.107536 0.384048
2 0.375920 0.555211 0.157440 0.186752 0.595901
3 0.468755 0.770647 0.109442 0.303848 0.739610
3 0.892405 0.781145 0.102994 0.295197 0.616512
3 0.648978 0.842636 0.186204 0.312616 0.532984
3 0.262000 0.754720 0.101087 0.242272 0.417809
3 0.946439 0.879260 0.105782 0.239803 0.492094
3 0.092148 0.543919 0.054681 0.065538 0.474675
3 0.760045 0.753584 0.071059 0.247559 0.402164
6 0.350460 0.724854 0.098348 0.365869 0.729330
6 0.661939 0.759579 0.192667 0.478096 0.714606
6 0.470583 0.714784 0.107643 0.374613 0.753286
6 0.925917 0.710769 0.124178 0.400682 0.676616
6 0.157609 0.529409 0.016614 0.061203 0.513804
6 0.946742 0.744758 0.106086 0.452736 0.608741
6 0.143444 0.525737 0.016648 0.055867 0.517444
6 0.239472 0.505390 0.028275 0.056962 0.415257
6 0.759538 0.609943 0.065899 0.198960 0.368555
6 0.218916 0.771536 0.133326 0.453855 0.433874
6 0.168143 0.769957 0.173494 0.448298 0.481756
6 0.049406 0.590705 0.034574 0.086886 0.391093
6 0.023412 0.612541 0.033535 0.123527 0.396196
6 0.098250 0.508586 0.017648 0.041835 0.354770
6 0.258966 0.707662 0.100928 0.328947 0.380670
6 0.007411 0.557117 0.014742 0.082012 0.411886
7 0.656612 0.430324 0.010487 0.059949 0.428316
7 0.695346 0.286557 0.034653 0.015964 0.377801