0 0.763171 0.593336 0.117596 0.113345 0.469515
3 0.952664 0.819196 0.093945 0.356877 0.444460
3 0.876906 0.736721 0.085991 0.193689 0.432090
4 0.133802 0.736419 0.046734 0.188888 0.583877
5 0.471593 0.475808 0.314413 0.675326 0.716854
6 0.234794 0.749322 0.169745 0.499634 0.599108
6 0.785704 0.769302 0.147882 0.458870 0.576282
6 0.964496 0.762496 0.070771 0.472437 0.604111
6 0.443322 0.798540 0.180964 0.401413 0.617045
6 0.882176 0.903150 0.100717 0.192342 0.580021
6 0.604318 0.831057 0.099812 0.336600 0.536971
6 0.085208 0.869210 0.063144 0.259951 0.547198
6 0.298812 0.705648 0.049157 0.300947 0.507713
6 0.932654 0.723722 0.053778 0.359093 0.477671
6 0.687122 0.790941 0.081909 0.415206 0.490993
6 0.916779 0.582198 0.039100 0.112100 0.390212
6 0.735496 0.606341 0.038576 0.105947 0.405797
6 0.539164 0.693071 0.093500 0.453319 0.461002
6 0.885956 0.548088 0.026171 0.063914 0.384695
6 0.900111 0.560442 0.036372 0.108866 0.423978
6 0.868102 0.597782 0.094567 0.157415 0.410495