0 0.303032 0.706728 0.324717 0.454961 0.718079
0 0.486294 0.537051 0.113751 0.189625 0.671034
0 0.349818 0.449841 0.068798 0.071351 0.364148
0 0.439587 0.459414 0.060947 0.077538 0.539569
1 0.121667 0.437008 0.243097 0.785380 0.814944
1 0.431004 0.414493 0.083815 0.134457 0.685566
1 0.637216 0.418328 0.057764 0.078286 0.537402
2 0.548431 0.427523 0.074801 0.138942 0.477424
2 0.710587 0.430757 0.062381 0.081710 0.502880
2 0.779010 0.431096 0.035557 0.068943 0.430767
3 0.600316 0.547326 0.051895 0.168300 0.848872
6 0.598947 0.508578 0.049647 0.174861 0.705985
6 0.328348 0.454610 0.027961 0.053890 0.517052
9 0.801468 0.616341 0.392369 0.346578 0.404774