0 0.471401 0.432866 0.007361 0.017054 0.382386
0 0.457187 0.435733 0.007874 0.017251 0.420382
1 0.584784 0.415730 0.095768 0.131399 0.809239
3 0.587138 0.538891 0.043503 0.120612 0.799136
3 0.679359 0.505469 0.042183 0.081997 0.798589
3 0.544546 0.480821 0.022201 0.056804 0.734532
3 0.148838 0.556397 0.081877 0.177996 0.649290
3 0.039005 0.575654 0.078073 0.156898 0.359653
6 0.585411 0.497245 0.039797 0.137996 0.832654
6 0.676966 0.469108 0.036784 0.109207 0.799900
6 0.521083 0.451828 0.016410 0.057920 0.699285
6 0.544632 0.461451 0.022767 0.078040 0.751228
6 0.638188 0.444180 0.010911 0.039694 0.500386
6 0.483412 0.435453 0.005181 0.021606 0.382725
9 0.803626 0.523738 0.388929 0.142920 0.469648