0 0.599840 0.657862 0.100357 0.169257 0.622440
0 0.202285 0.766059 0.347159 0.389888 0.627479
0 0.391008 0.630339 0.084599 0.117639 0.569630
0 0.324967 0.621469 0.061413 0.080807 0.508125
0 0.511524 0.609625 0.027629 0.081700 0.461317
0 0.819158 0.587746 0.054512 0.058291 0.495497
0 0.677937 0.625328 0.080469 0.139386 0.476123
0 0.630562 0.586907 0.034458 0.039776 0.419816
0 0.843558 0.797766 0.312507 0.402379 0.491880
2 0.606952 0.541176 0.047792 0.070541 0.417441
2 0.549110 0.604290 0.054501 0.129247 0.387730
3 0.764606 0.877388 0.178200 0.243466 0.403808
5 0.464969 0.627621 0.073388 0.155454 0.530052
6 0.742154 0.793549 0.128080 0.406455 0.768176
6 0.023239 0.693755 0.046247 0.212464 0.599116
6 0.045110 0.636124 0.033824 0.083391 0.522182
6 0.709954 0.623924 0.037850 0.103746 0.367812