0 0.471103 0.544651 0.038411 0.054680 0.699611
0 0.704547 0.562232 0.050270 0.066686 0.615219
0 0.654242 0.547830 0.034986 0.061751 0.563697
0 0.736768 0.549866 0.021051 0.037441 0.512323
0 0.753067 0.545899 0.019049 0.033291 0.400031
0 0.071726 0.490577 0.074713 0.060359 0.359484
1 0.908084 0.535875 0.182873 0.424949 0.840818
1 0.738881 0.528224 0.059170 0.063987 0.507665
2 0.389442 0.545702 0.044292 0.073278 0.411714
3 0.775752 0.579482 0.024008 0.058187 0.640308
3 0.188671 0.729672 0.109024 0.242359 0.828915
3 0.496701 0.557552 0.015650 0.057525 0.551195
3 0.727698 0.563019 0.013984 0.052847 0.421833
6 0.575826 0.534396 0.011013 0.041208 0.533566
6 0.538589 0.529825 0.011345 0.039827 0.509190
6 0.200347 0.659569 0.081392 0.259369 0.586764
6 0.246889 0.589959 0.015429 0.081327 0.505263
6 0.207947 0.555315 0.028560 0.071931 0.350027
6 0.632236 0.538285 0.013719 0.040424 0.358152
6 0.437948 0.521788 0.009054 0.028109 0.388427
7 0.568376 0.352263 0.023838 0.013661 0.592457
7 0.558561 0.456423 0.005464 0.015349 0.368409
9 0.756254 0.769407 0.354296 0.450692 0.601292