0 0.208324 0.789593 0.416075 0.418689 0.786779
0 0.934509 0.741100 0.130806 0.348572 0.667341
0 0.690299 0.749421 0.364809 0.491182 0.733126
0 0.187356 0.523544 0.071306 0.065799 0.621195
0 0.252638 0.531756 0.057631 0.064370 0.572840
0 0.431237 0.575884 0.056450 0.119770 0.485236
0 0.296978 0.516499 0.024705 0.042598 0.358827
1 0.777035 0.515939 0.241855 0.278090 0.664261
1 0.517279 0.528461 0.077333 0.182044 0.589086
2 0.364788 0.553882 0.090153 0.113005 0.382231
3 0.455859 0.704992 0.050169 0.134764 0.641028
6 0.453233 0.646974 0.063876 0.213259 0.636140
6 0.860187 0.625915 0.055859 0.181042 0.497206
6 0.483100 0.608583 0.040661 0.187037 0.656057
6 0.952728 0.571581 0.021353 0.037643 0.400657
6 0.133058 0.527062 0.019244 0.087644 0.351577
6 0.393136 0.661294 0.073373 0.262654 0.774189