0 0.541775 0.614359 0.148528 0.242001 0.679822
0 0.625107 0.515154 0.062686 0.087776 0.509855
0 0.723382 0.494495 0.063653 0.068210 0.515461
0 0.776901 0.493618 0.040424 0.056035 0.462975
0 0.559434 0.486509 0.024541 0.019461 0.352473
1 0.527549 0.469362 0.040915 0.061906 0.479363
3 0.679827 0.569619 0.052925 0.133508 0.741691
5 0.892051 0.648364 0.213772 0.386292 0.619076
6 0.678994 0.539416 0.046289 0.128093 0.720089
6 0.317005 0.445117 0.013985 0.045153 0.447844
6 0.477774 0.493859 0.009472 0.033637 0.406934
8 0.714730 0.191691 0.569302 0.158901 0.512469
9 0.232804 0.662756 0.461737 0.329027 0.528287