0 0.570211 0.538631 0.026212 0.048522 0.459956
0 0.028938 0.525107 0.057616 0.191474 0.466960
0 0.552335 0.542023 0.027929 0.047179 0.535943
2 0.188644 0.715319 0.217055 0.449004 0.615428
2 0.495581 0.622187 0.126941 0.272251 0.606098
3 0.591149 0.623829 0.041841 0.106305 0.700791
3 0.382909 0.776374 0.082030 0.261890 0.798198
3 0.745382 0.839618 0.137252 0.318105 0.752742
3 0.634099 0.558513 0.015017 0.044032 0.449066
3 0.303208 0.682924 0.025480 0.158088 0.394874
3 0.088666 0.564560 0.021066 0.064874 0.368748
3 0.653804 0.568297 0.017203 0.044427 0.447861
6 0.386133 0.689973 0.074985 0.273737 0.845282
6 0.730822 0.709100 0.109295 0.350626 0.766699
6 0.938026 0.629849 0.043010 0.143887 0.747712
6 0.590362 0.584392 0.037969 0.124171 0.765277
6 0.701654 0.587885 0.039443 0.146331 0.407452
6 0.794102 0.530051 0.018738 0.132889 0.419762
6 0.138763 0.459208 0.021213 0.073564 0.675204