0 0.576943 0.559291 0.023214 0.041615 0.363594
2 0.472145 0.656319 0.120656 0.268761 0.577803
3 0.712407 0.776999 0.112723 0.275567 0.773376
3 0.930016 0.654010 0.137924 0.157973 0.642438
3 0.869513 0.581783 0.062835 0.100979 0.363607
3 0.739294 0.587769 0.026200 0.067662 0.377967
3 0.596738 0.587634 0.019638 0.056784 0.519438
6 0.716932 0.686732 0.091394 0.292057 0.680812
6 0.028741 0.627855 0.048728 0.164200 0.665793
6 0.596834 0.570798 0.020624 0.076264 0.597744
6 0.970046 0.580112 0.032051 0.079176 0.590772
6 0.043524 0.719560 0.086697 0.253562 0.432905
6 0.370338 0.618009 0.023552 0.119657 0.678112
6 0.398314 0.600401 0.022732 0.117878 0.536954
6 0.738183 0.570121 0.027213 0.094845 0.576228
6 0.413140 0.599993 0.017970 0.120529 0.498598