0 0.751474 0.759054 0.307935 0.415726 0.764830
3 0.597195 0.587835 0.027348 0.064901 0.629106
3 0.387443 0.730091 0.073391 0.175547 0.634814
3 0.212741 0.668509 0.126123 0.171127 0.634307
3 0.291168 0.616099 0.076153 0.069588 0.556451
3 0.560097 0.576225 0.015246 0.042937 0.574603
3 0.401853 0.631456 0.103902 0.111097 0.366730
6 0.394761 0.649362 0.069379 0.225995 0.754857
6 0.201682 0.603077 0.036274 0.118770 0.767139
6 0.802985 0.543547 0.010915 0.052779 0.560793
6 0.429902 0.560437 0.014645 0.055677 0.532509
6 0.775708 0.558619 0.013266 0.021459 0.468457
6 0.847201 0.607955 0.025872 0.082878 0.595814
6 0.981758 0.647062 0.027813 0.067734 0.521936
6 0.989932 0.770360 0.019923 0.252033 0.546822
6 0.708210 0.539352 0.009628 0.024958 0.465381
6 0.576996 0.557652 0.011574 0.036918 0.372241
6 0.677942 0.545116 0.007296 0.016703 0.402230
6 0.472956 0.563086 0.014313 0.065493 0.359780
6 0.653842 0.548005 0.012815 0.021204 0.388626
6 0.667716 0.545547 0.012019 0.018428 0.424272
6 0.459970 0.545994 0.010271 0.027744 0.356561
6 0.799461 0.572710 0.036266 0.055303 0.362754