0 0.714014 0.505532 0.054243 0.038240 0.370432
1 0.484743 0.617796 0.255556 0.452219 0.686853
3 0.121357 0.597214 0.067312 0.109634 0.809189
3 0.301278 0.532101 0.025095 0.049645 0.741469
3 0.787256 0.525411 0.031122 0.035864 0.485700
3 0.737494 0.545581 0.024784 0.076868 0.414453
6 0.125463 0.546906 0.044988 0.138843 0.861168
6 0.794530 0.517260 0.014397 0.043441 0.516956
6 0.361055 0.483025 0.010248 0.037659 0.582858
6 0.854342 0.528968 0.014269 0.061227 0.390512
7 0.287548 0.380983 0.010888 0.043505 0.562254
8 0.371959 0.349964 0.032208 0.032518 0.560574
8 0.403491 0.331055 0.018564 0.010075 0.385387
9 0.761160 0.811564 0.310015 0.367773 0.531402