0 0.662171 0.530403 0.015689 0.029277 0.410477
2 0.525658 0.603538 0.070077 0.160766 0.351729
3 0.188325 0.742482 0.068928 0.232799 0.775225
3 0.353768 0.734647 0.101035 0.199317 0.602867
3 0.313057 0.665490 0.066703 0.166294 0.530011
3 0.650371 0.597952 0.025432 0.069675 0.569916
3 0.440324 0.679952 0.091412 0.164990 0.392784
3 0.036793 0.678062 0.071535 0.158072 0.441554
5 0.753887 0.614726 0.098594 0.200504 0.508778
6 0.651017 0.572199 0.026750 0.093090 0.559001
6 0.684696 0.568125 0.019910 0.101977 0.567313
6 0.588096 0.566843 0.018546 0.072106 0.456194