0 0.895785 0.601553 0.130748 0.126753 0.654345
3 0.843367 0.799561 0.152765 0.304791 0.831045
3 0.732461 0.659067 0.084490 0.119909 0.772426
3 0.545974 0.575541 0.024097 0.049472 0.462728
5 0.436605 0.694321 0.168959 0.367624 0.640318
5 0.163413 0.654869 0.156103 0.309894 0.508317
6 0.841098 0.703380 0.098037 0.294223 0.872726
6 0.729562 0.614869 0.053897 0.138188 0.860505
6 0.350862 0.621395 0.025530 0.183102 0.706767
6 0.593141 0.570412 0.012518 0.075641 0.482026
6 0.584734 0.572512 0.012211 0.069745 0.381479