0 0.445179 0.641304 0.134703 0.219111 0.733769
0 0.560745 0.590217 0.095715 0.141348 0.682598
0 0.782490 0.783941 0.321388 0.428420 0.716250
0 0.686765 0.569861 0.117075 0.116028 0.616054
0 0.594600 0.540497 0.042623 0.074114 0.520539
0 0.528593 0.539815 0.037639 0.060497 0.512776
0 0.730906 0.533619 0.041112 0.053913 0.527655
0 0.557437 0.511002 0.024770 0.018664 0.470604
1 0.470807 0.499125 0.055850 0.084626 0.552034
1 0.511047 0.484415 0.053216 0.079672 0.391501
2 0.972280 0.564792 0.054331 0.132299 0.397983
3 0.318194 0.745551 0.094198 0.269213 0.539758
3 0.197029 0.876296 0.217444 0.245266 0.391043
3 0.506364 0.570920 0.021500 0.077346 0.386091
6 0.319780 0.658698 0.081558 0.251936 0.822245
6 0.224138 0.784256 0.158754 0.422971 0.747820
6 0.166276 0.789803 0.204580 0.418401 0.560957
6 0.498683 0.541919 0.022886 0.068883 0.485964
8 0.202598 0.151408 0.138629 0.063863 0.550837
8 0.201547 0.262228 0.140791 0.042477 0.548093
8 0.201696 0.211264 0.138042 0.042413 0.567930
8 0.203385 0.367965 0.132376 0.041379 0.491882
8 0.199125 0.315750 0.141538 0.046741 0.538405