0 0.880136 0.515255 0.126781 0.122174 0.659715
0 0.584102 0.448098 0.026347 0.040280 0.413441
0 0.467740 0.456828 0.034739 0.055395 0.605372
0 0.710560 0.472354 0.067288 0.079459 0.579514
0 0.506173 0.443448 0.011312 0.030547 0.485418
1 0.430095 0.439948 0.026181 0.035069 0.422846
1 0.526826 0.439242 0.032279 0.069513 0.436765
3 0.940119 0.738436 0.118829 0.302047 0.445463
3 0.375270 0.650438 0.092346 0.233331 0.788160
3 0.671902 0.536779 0.052826 0.118428 0.564165
6 0.377325 0.556179 0.086265 0.260212 0.878015
6 0.959157 0.671452 0.081140 0.410151 0.837595
6 0.663035 0.500787 0.030285 0.126832 0.473123
6 0.685889 0.507822 0.027104 0.128570 0.365523
8 0.068380 0.440805 0.036404 0.098079 0.377521
9 0.740981 0.716063 0.511981 0.556403 0.388012