0 0.503849 0.569355 0.070136 0.070062 0.649430
2 0.648214 0.737565 0.261466 0.516481 0.618358
2 0.248709 0.634041 0.119471 0.286535 0.404526
3 0.342290 0.683730 0.072423 0.200895 0.754997
3 0.976672 0.686484 0.045951 0.131742 0.647887
3 0.877727 0.834946 0.198347 0.326780 0.671687
3 0.422574 0.591487 0.026651 0.061520 0.752063
6 0.863427 0.750769 0.127842 0.380245 0.827168
6 0.924403 0.705193 0.068145 0.293972 0.755047
6 0.330676 0.646573 0.097133 0.243823 0.616886
6 0.977757 0.642795 0.044117 0.157037 0.707931
6 0.161337 0.575226 0.037609 0.123312 0.645990
6 0.421954 0.571524 0.024747 0.072367 0.666431
6 0.202757 0.581045 0.051185 0.131112 0.533868
6 0.800194 0.716080 0.050961 0.344181 0.680758
6 0.711285 0.616574 0.010964 0.025231 0.366804
6 0.177783 0.522392 0.011082 0.039044 0.354463
6 0.226489 0.543878 0.019079 0.058225 0.350464
6 0.308079 0.581512 0.024626 0.123189 0.532328