0 0.520965 0.478948 0.042788 0.095887 0.441715
1 0.764186 0.499192 0.470994 0.998749 0.836494
1 0.177060 0.392522 0.353524 0.785003 0.793448
1 0.415147 0.431128 0.126816 0.177651 0.696274
3 0.416905 0.608627 0.074678 0.200598 0.859823
6 0.948478 0.670475 0.102809 0.657171 0.826143
6 0.148104 0.720802 0.138077 0.555762 0.695835
6 0.415988 0.558696 0.090303 0.249266 0.675259
6 0.109932 0.816359 0.074121 0.365786 0.702147
6 0.049271 0.585844 0.064138 0.198706 0.640448
6 0.054466 0.736401 0.108701 0.525164 0.707911
6 0.201223 0.252474 0.077508 0.073703 0.599841
6 0.534434 0.485542 0.013210 0.091717 0.470603
6 0.173381 0.524147 0.022574 0.093400 0.361916
7 0.555748 0.019431 0.014915 0.030828 0.376859
7 0.540561 0.018977 0.046891 0.037116 0.354745