3 0.496992 0.713995 0.058113 0.161867 0.665399
3 0.609932 0.634960 0.033528 0.092411 0.742770
3 0.770629 0.663453 0.091083 0.155571 0.589767
3 0.902742 0.831731 0.192834 0.334019 0.529197
3 0.038988 0.874716 0.077456 0.246594 0.447100
3 0.538853 0.696097 0.032072 0.079876 0.352852
3 0.557408 0.590346 0.015611 0.042886 0.371904
5 0.712711 0.578042 0.085685 0.169827 0.445654
6 0.141182 0.806211 0.069216 0.306245 0.654812
6 0.902806 0.766686 0.143788 0.462006 0.532740
6 0.611117 0.597484 0.032596 0.118891 0.491363
6 0.422679 0.713912 0.044408 0.204035 0.454618
6 0.662101 0.606951 0.022709 0.129066 0.612372
6 0.865547 0.492052 0.036465 0.082694 0.590309
6 0.497092 0.649423 0.057786 0.192907 0.450919
6 0.301750 0.748567 0.068181 0.383203 0.479766
6 0.433253 0.685405 0.027764 0.172241 0.425216
6 0.367386 0.731989 0.073298 0.341704 0.444981
6 0.981977 0.333027 0.035213 0.079150 0.469094
6 0.667073 0.554208 0.013119 0.057708 0.423003
6 0.681962 0.556932 0.012547 0.048916 0.460235
6 0.533812 0.636382 0.037070 0.180225 0.412860
6 0.601177 0.547854 0.009351 0.040156 0.384887
6 0.213346 0.792626 0.087492 0.412997 0.590911
6 0.273643 0.694453 0.047551 0.311192 0.352241
6 0.839657 0.758718 0.072828 0.478242 0.368115
6 0.831703 0.568332 0.030409 0.086567 0.358166