0 0.592320 0.555547 0.025326 0.036454 0.450380
0 0.131116 0.749082 0.261290 0.500027 0.438663
1 0.366554 0.614568 0.090603 0.164484 0.512427
1 0.272532 0.640028 0.099388 0.225727 0.447076
1 0.654863 0.556827 0.017448 0.037088 0.377125
1 0.638646 0.555217 0.014908 0.034268 0.405211
2 0.498370 0.612126 0.139728 0.313914 0.657523
3 0.688886 0.623344 0.034777 0.095090 0.746071
3 0.840217 0.619462 0.058270 0.090256 0.585878
3 0.959731 0.746479 0.079631 0.259722 0.511845
3 0.670066 0.570502 0.013416 0.034233 0.387016
6 0.969974 0.698154 0.059639 0.290024 0.843206
6 0.913875 0.626445 0.033904 0.176827 0.787941
6 0.790584 0.601899 0.026591 0.129171 0.711697
6 0.812728 0.601295 0.021666 0.126135 0.676806
6 0.732417 0.576491 0.015798 0.070562 0.503366
6 0.689136 0.594018 0.031162 0.103173 0.483346
6 0.176324 0.835098 0.094064 0.310457 0.431443
6 0.746857 0.569378 0.009680 0.070122 0.375392
6 0.612486 0.556082 0.006624 0.029843 0.380862
8 0.802234 0.221437 0.203024 0.188535 0.360971