0 0.364125 0.602670 0.205147 0.294454 0.777558
0 0.621403 0.687846 0.235637 0.397432 0.736534
1 0.471454 0.431049 0.027871 0.062266 0.434150
2 0.548132 0.437458 0.107412 0.246284 0.377145
3 0.093616 0.678794 0.123364 0.273195 0.806893
3 0.474105 0.465722 0.019128 0.050557 0.648134
3 0.899647 0.573439 0.050818 0.152949 0.474705
6 0.104525 0.599692 0.092225 0.282160 0.823558
6 0.394061 0.445987 0.020001 0.027655 0.526911
6 0.438357 0.441014 0.008075 0.039378 0.384433
6 0.895678 0.493491 0.049091 0.118790 0.365077