0 0.621233 0.799844 0.225695 0.371006 0.733620
0 0.695147 0.659082 0.087049 0.127783 0.574962
0 0.769313 0.641638 0.053647 0.060861 0.407592
1 0.561250 0.580056 0.150959 0.268219 0.786872
2 0.903099 0.510776 0.193251 0.973873 0.465859
2 0.702945 0.579691 0.088311 0.120095 0.396408
3 0.254219 0.808955 0.089509 0.251020 0.740852
3 0.755780 0.734422 0.068498 0.146988 0.617004
3 0.434211 0.724824 0.049329 0.131857 0.445366
3 0.351637 0.808977 0.085440 0.283194 0.653494
3 0.799283 0.731067 0.037534 0.108787 0.518272
3 0.432792 0.707845 0.058586 0.165310 0.406817
6 0.750677 0.695496 0.054380 0.203452 0.728015
6 0.800718 0.679001 0.040269 0.163266 0.636429
6 0.435248 0.671719 0.061462 0.162760 0.606298
6 0.472638 0.621908 0.017195 0.088952 0.549383
6 0.275230 0.657479 0.037007 0.174497 0.458797
6 0.353301 0.739245 0.082525 0.239434 0.645370
6 0.457948 0.615914 0.015667 0.072060 0.417436
6 0.483335 0.622255 0.007658 0.071364 0.373492