0 0.970125 0.544513 0.059459 0.092652 0.688802
0 0.460939 0.566591 0.103131 0.088744 0.508843
0 0.838145 0.552236 0.050876 0.073644 0.612238
0 0.791432 0.552925 0.075287 0.080183 0.603974
0 0.533683 0.552409 0.061185 0.082953 0.397880
2 0.345320 0.548404 0.064574 0.134425 0.368466
3 0.740161 0.575021 0.033753 0.067856 0.688279
3 0.410335 0.586480 0.041130 0.066985 0.385197
3 0.596283 0.580711 0.041842 0.058152 0.428416
6 0.014470 0.623029 0.024590 0.162768 0.701114
6 0.692642 0.551959 0.016942 0.093215 0.503522
6 0.574752 0.550267 0.017219 0.107862 0.577492
6 0.450193 0.578630 0.025005 0.080026 0.398441
6 0.548216 0.552442 0.023738 0.097746 0.415124
6 0.594448 0.531307 0.014850 0.054902 0.380472
9 0.141499 0.609764 0.278646 0.171368 0.699868