0 0.959248 0.656077 0.081232 0.141105 0.650685
0 0.601240 0.574183 0.052991 0.079893 0.623577
0 0.858698 0.631047 0.127671 0.128282 0.646408
0 0.403782 0.573626 0.030755 0.107393 0.432590
0 0.519205 0.604499 0.124753 0.232192 0.426256
0 0.432524 0.545045 0.027251 0.052826 0.460156
0 0.905981 0.604533 0.040399 0.053705 0.430376
1 0.961426 0.559127 0.076498 0.171316 0.633009
1 0.425921 0.504353 0.036095 0.026773 0.404914
2 0.703925 0.557234 0.136706 0.259071 0.529963
3 0.451673 0.563519 0.023431 0.040173 0.593442
5 0.346023 0.599880 0.091967 0.198683 0.623432
6 0.241375 0.531660 0.024430 0.117485 0.777121
6 0.390283 0.402611 0.011532 0.061943 0.726417
6 0.419310 0.409089 0.013843 0.061425 0.709298
6 0.955932 0.506160 0.008770 0.021758 0.455601
6 0.449058 0.549875 0.017208 0.060412 0.580780
6 0.940603 0.506409 0.010859 0.022477 0.413928
6 0.965131 0.505771 0.006704 0.015293 0.354431
6 0.990867 0.504522 0.009636 0.022091 0.448349