0 0.955641 0.551462 0.088327 0.149517 0.639881
0 0.694625 0.617752 0.250908 0.322966 0.706693
0 0.932742 0.496861 0.087284 0.054984 0.355874
1 0.525485 0.436544 0.059064 0.080790 0.545302
1 0.949764 0.414543 0.099737 0.126224 0.542410
3 0.194324 0.518076 0.040216 0.091116 0.719598
3 0.230686 0.500701 0.038249 0.067482 0.611188
3 0.397691 0.453579 0.007805 0.024647 0.439926
3 0.315142 0.470693 0.015244 0.042488 0.382015
3 0.870299 0.550268 0.084897 0.095113 0.435962
6 0.365068 0.452699 0.008132 0.042682 0.437022
6 0.346201 0.455006 0.007121 0.039148 0.367054
6 0.294748 0.468479 0.013111 0.067116 0.363040
6 0.891089 0.526487 0.048166 0.142690 0.386617