3 0.847496 0.642600 0.051661 0.136748 0.750872
3 0.121457 0.737952 0.203935 0.275817 0.623634
3 0.796159 0.574515 0.049540 0.066337 0.618972
3 0.541414 0.570668 0.018548 0.042162 0.539215
3 0.574875 0.568488 0.041877 0.051303 0.557947
3 0.390876 0.571140 0.033464 0.075688 0.408424
5 0.475789 0.593212 0.066881 0.136073 0.478749
5 0.644948 0.561494 0.075764 0.089129 0.433356
6 0.366229 0.622625 0.029960 0.163173 0.640900
6 0.540939 0.557906 0.017132 0.063820 0.552073
6 0.032076 0.661393 0.050861 0.257507 0.678502
6 0.134729 0.557787 0.018313 0.050950 0.588347
6 0.871692 0.552143 0.020220 0.068366 0.506739
6 0.839941 0.531629 0.014073 0.049706 0.502011
6 0.920848 0.625756 0.030834 0.153148 0.540137
6 0.955469 0.594556 0.025343 0.148158 0.565468
6 0.846704 0.603484 0.046637 0.139312 0.469049
6 0.343094 0.602687 0.021126 0.044839 0.359417
6 0.716654 0.536728 0.009881 0.044311 0.400342
6 0.973126 0.551296 0.018875 0.061261 0.353212
8 0.242506 0.419767 0.029845 0.116724 0.381828
9 0.813567 0.791894 0.366241 0.404939 0.744786