0 0.541957 0.549050 0.023490 0.048004 0.397691
2 0.275557 0.671380 0.188531 0.364712 0.404156
2 0.666761 0.594132 0.089745 0.150753 0.438421
3 0.507930 0.608965 0.038030 0.078043 0.676194
3 0.856216 0.751191 0.126785 0.364204 0.657031
3 0.724830 0.615479 0.034524 0.087005 0.649283
3 0.787994 0.681154 0.060005 0.130023 0.550574
3 0.575596 0.599401 0.028884 0.074824 0.744998
3 0.613178 0.569455 0.020427 0.051301 0.545939
3 0.440799 0.561567 0.020093 0.041764 0.362269
3 0.489965 0.555479 0.012699 0.032945 0.445445
3 0.419849 0.568033 0.024897 0.048431 0.396847
3 0.146590 0.667128 0.094427 0.190637 0.397517
6 0.859845 0.652508 0.099255 0.288061 0.804582
6 0.576606 0.573110 0.026097 0.084381 0.660378
6 0.789326 0.625625 0.048827 0.160763 0.600698
6 0.505545 0.575797 0.031753 0.097800 0.609303
6 0.722892 0.584253 0.026842 0.108500 0.634371
6 0.734161 0.552394 0.011201 0.047756 0.441741
6 0.379319 0.600880 0.024923 0.107994 0.383735