0 0.560383 0.562821 0.031253 0.069220 0.398493
2 0.519033 0.540619 0.024879 0.051407 0.377325
3 0.621467 0.632818 0.037671 0.107802 0.786976
3 0.488965 0.636509 0.036294 0.095309 0.749031
3 0.590108 0.585864 0.020825 0.062808 0.701365
3 0.330956 0.644672 0.045032 0.118470 0.631998
3 0.442620 0.590489 0.021626 0.061379 0.443568
3 0.780092 0.632429 0.083669 0.088104 0.537232
3 0.373814 0.622581 0.024931 0.090073 0.512968
3 0.417671 0.602838 0.032398 0.077311 0.457879
6 0.488822 0.592715 0.039188 0.123118 0.707489
6 0.869140 0.583563 0.024864 0.140082 0.749596
6 0.375868 0.577306 0.022289 0.112080 0.549428
6 0.622234 0.594134 0.037382 0.124138 0.647236
6 0.460711 0.573365 0.012095 0.086920 0.580434
6 0.477877 0.547932 0.010482 0.034338 0.462308
6 0.406809 0.583849 0.018420 0.096649 0.398701