0 0.346251 0.575225 0.268190 0.250671 0.590814
0 0.551790 0.748259 0.325817 0.501102 0.698035
0 0.856908 0.525203 0.123909 0.141252 0.608931
0 0.691927 0.481015 0.069888 0.081179 0.542986
0 0.618807 0.450312 0.023110 0.039868 0.366958
3 0.123751 0.696299 0.246884 0.289602 0.815785
3 0.682738 0.503162 0.033152 0.075211 0.647396
3 0.646502 0.485184 0.024872 0.067588 0.527983
6 0.131789 0.699762 0.119583 0.496245 0.797133
6 0.173064 0.517756 0.032809 0.153656 0.600648
6 0.491514 0.468797 0.022362 0.069821 0.598585
6 0.680912 0.482777 0.024618 0.084642 0.488903
6 0.271954 0.463886 0.023682 0.058524 0.603276
6 0.468664 0.465102 0.027152 0.076459 0.610376
6 0.800039 0.512587 0.050914 0.123168 0.438457
6 0.759808 0.509279 0.035750 0.130392 0.439643
6 0.154634 0.492604 0.023853 0.134118 0.536758
6 0.771587 0.457181 0.011083 0.031424 0.362594
6 0.744209 0.477877 0.020767 0.088291 0.401606
6 0.086472 0.656081 0.059239 0.440514 0.368247
9 0.855797 0.707238 0.284396 0.393694 0.679212