0 0.117522 0.703799 0.234426 0.283006 0.698200
0 0.506694 0.553092 0.017988 0.045547 0.472362
0 0.606704 0.566158 0.064183 0.048613 0.351546
0 0.497783 0.541231 0.014641 0.032202 0.358150
2 0.934168 0.563163 0.130588 0.412871 0.499503
2 0.527134 0.557704 0.030786 0.067755 0.453909
2 0.473472 0.553631 0.029851 0.067292 0.473716
3 0.226246 0.636416 0.044241 0.125040 0.610138
3 0.395733 0.569946 0.026220 0.044882 0.370751
3 0.737099 0.576788 0.054515 0.081330 0.350437
3 0.432902 0.644073 0.073030 0.129465 0.483963
6 0.312054 0.629329 0.047872 0.195146 0.664561
6 0.255246 0.623044 0.032255 0.197719 0.715555
6 0.346064 0.584334 0.018832 0.099430 0.695243
6 0.286920 0.553739 0.015390 0.094240 0.554190
6 0.035982 0.548552 0.027848 0.072369 0.577167
6 0.151340 0.561354 0.014195 0.016715 0.412326
6 0.260048 0.534482 0.022077 0.057578 0.393359
6 0.232773 0.567350 0.026722 0.058250 0.353759
7 0.237385 0.487588 0.034008 0.067111 0.473054
8 0.183337 0.470109 0.055671 0.086963 0.391738
9 0.791323 0.575393 0.068988 0.102453 0.430223