0 0.598049 0.787386 0.353297 0.422734 0.725828
0 0.176058 0.569231 0.070128 0.076891 0.437945
3 0.448360 0.587144 0.020916 0.064202 0.523157
3 0.801113 0.761985 0.144307 0.298375 0.730206
3 0.417014 0.605619 0.031434 0.071985 0.524047
3 0.519900 0.569470 0.029091 0.045401 0.353181
6 0.067126 0.793098 0.133998 0.411706 0.616960
6 0.250382 0.800998 0.117480 0.396203 0.619471
6 0.784506 0.684424 0.086100 0.313450 0.414733
6 0.976871 0.221980 0.033103 0.106220 0.522639
6 0.167814 0.801686 0.101321 0.394651 0.585029
6 0.951973 0.106284 0.052788 0.150335 0.528058
6 0.220064 0.581837 0.025132 0.113667 0.439107
6 0.258323 0.571004 0.017392 0.065034 0.386212
6 0.837815 0.693013 0.121860 0.343491 0.496205
6 0.328019 0.645510 0.029456 0.182477 0.405901
6 0.153772 0.532190 0.028592 0.045910 0.452072
6 0.596000 0.555459 0.038173 0.047876 0.429063
6 0.396829 0.661038 0.030535 0.225117 0.414823
6 0.304304 0.625636 0.022413 0.190102 0.383505
6 0.944549 0.262912 0.045554 0.151182 0.391625
6 0.368684 0.667036 0.047468 0.250042 0.415571
6 0.284780 0.604545 0.045755 0.162844 0.400463
6 0.189559 0.605423 0.033012 0.077179 0.397608
6 0.490329 0.559390 0.015173 0.080053 0.373475
6 0.158721 0.669761 0.086400 0.251136 0.407027
6 0.239605 0.567278 0.017244 0.079575 0.365732
6 0.471760 0.567606 0.018455 0.086339 0.351107
6 0.947957 0.232907 0.028351 0.090268 0.366616