1 0.337595 0.606380 0.078002 0.180872 0.447619
3 0.216675 0.689711 0.059446 0.176960 0.676108
3 0.786260 0.744310 0.119310 0.292118 0.680419
3 0.077521 0.771712 0.154023 0.316616 0.579660
3 0.595062 0.591812 0.028258 0.067883 0.417351
3 0.534215 0.575863 0.019082 0.101211 0.435887
3 0.563353 0.577104 0.018549 0.065771 0.498862
3 0.394317 0.575856 0.017503 0.049969 0.420339
5 0.468933 0.642295 0.126493 0.256704 0.443645
6 0.129055 0.600952 0.043107 0.205335 0.555327
6 0.259390 0.584970 0.024157 0.150883 0.590659
6 0.280545 0.631421 0.050972 0.198709 0.526404
6 0.474647 0.591344 0.015185 0.033036 0.555424
6 0.450134 0.591587 0.015832 0.032338 0.507570
6 0.099823 0.582227 0.031393 0.165187 0.420301
6 0.545230 0.545865 0.010274 0.068356 0.474417
6 0.284331 0.543638 0.028207 0.064523 0.380217
6 0.290263 0.536092 0.021198 0.051330 0.372101
6 0.783656 0.662921 0.099347 0.275995 0.797967
8 0.052562 0.341424 0.067355 0.149393 0.370408