0 0.278128 0.695638 0.211814 0.229326 0.797361
0 0.541671 0.609700 0.061645 0.113143 0.605379
0 0.420385 0.594969 0.051906 0.072229 0.503981
2 0.763465 0.568399 0.136832 0.208599 0.553918
2 0.655281 0.554521 0.085977 0.159791 0.517178
3 0.494831 0.603735 0.023983 0.062754 0.535011
6 0.413295 0.614096 0.020122 0.106151 0.620694
6 0.644697 0.606376 0.027249 0.109456 0.515057
6 0.475651 0.575333 0.009740 0.051704 0.440804
6 0.485276 0.572145 0.009989 0.052040 0.427217
8 0.101916 0.425831 0.055043 0.191381 0.353421