1 0.483493 0.599387 0.081853 0.162823 0.628649
3 0.855397 0.834586 0.170024 0.328765 0.801512
3 0.130739 0.783386 0.129285 0.348969 0.774974
3 0.576440 0.626011 0.073877 0.114462 0.608598
3 0.780610 0.647470 0.078995 0.127202 0.685619
3 0.333019 0.647179 0.042289 0.120809 0.578967
3 0.227312 0.729419 0.087082 0.207781 0.591402
3 0.281262 0.676742 0.062007 0.203836 0.540936
3 0.370163 0.608167 0.041581 0.112354 0.522395
3 0.416323 0.587589 0.017254 0.045000 0.367561
3 0.434961 0.570935 0.013277 0.037583 0.362862
3 0.316988 0.688751 0.032829 0.108673 0.394240
6 0.276141 0.565462 0.027775 0.103495 0.724521
6 0.245947 0.573040 0.025327 0.116366 0.695349
6 0.226611 0.574645 0.020889 0.121818 0.712207
6 0.620989 0.441527 0.015204 0.056431 0.504680
6 0.672692 0.706804 0.067791 0.290088 0.867710
6 0.531225 0.598436 0.016889 0.104587 0.406052
9 0.846652 0.696381 0.134959 0.169978 0.366866