0 0.277195 0.809261 0.554144 0.380203 0.527205
0 0.880629 0.104468 0.013730 0.015994 0.359791
0 0.825640 0.097704 0.012817 0.015121 0.366594
1 0.486785 0.560226 0.219953 0.385231 0.808069
1 0.824991 0.540837 0.349173 0.908437 0.732367
1 0.352648 0.593452 0.030765 0.083167 0.548962
1 0.377284 0.580908 0.009128 0.108655 0.374741
1 0.609606 0.573462 0.029411 0.062773 0.419253
3 0.618688 0.846355 0.103166 0.275647 0.626055
3 0.735505 0.887270 0.172582 0.224115 0.602697
3 0.923470 0.928600 0.138409 0.141577 0.491891
6 0.606494 0.764295 0.099244 0.367690 0.776321
6 0.481350 0.806303 0.147345 0.385658 0.735749
6 0.716805 0.801374 0.137804 0.392940 0.796451
6 0.325434 0.592406 0.043007 0.072412 0.671434
6 0.527344 0.670558 0.061039 0.172304 0.415371
6 0.935706 0.896915 0.128161 0.178089 0.543945
6 0.168127 0.480756 0.098640 0.288576 0.589928
6 0.351099 0.599323 0.016780 0.045167 0.442661