0 0.540366 0.526429 0.067602 0.081066 0.384073
0 0.575349 0.525050 0.059923 0.077592 0.351411
2 0.469645 0.567019 0.093018 0.161528 0.362423
3 0.616839 0.581598 0.032357 0.084521 0.393765
3 0.610417 0.569140 0.061889 0.066517 0.527304
5 0.868997 0.730749 0.259969 0.530544 0.599715
6 0.537352 0.635814 0.050773 0.252030 0.814073
6 0.910220 0.605171 0.095248 0.164537 0.803792
6 0.470823 0.596482 0.028728 0.199177 0.698143
6 0.449832 0.629880 0.042225 0.271491 0.741881
6 0.639736 0.531944 0.018849 0.072269 0.613411
6 0.616929 0.561510 0.027772 0.123743 0.587633
6 0.602547 0.523118 0.016476 0.055104 0.387351
6 0.415917 0.596929 0.033632 0.198855 0.504785
8 0.401838 0.337667 0.031998 0.062007 0.476934