0 0.793466 0.456973 0.102575 0.066457 0.716375
0 0.544247 0.543467 0.131816 0.196840 0.737476
0 0.478780 0.474059 0.050374 0.092107 0.652636
0 0.533523 0.431737 0.019450 0.026850 0.494540
1 0.469268 0.419316 0.057348 0.115413 0.733754
3 0.154833 0.769622 0.152333 0.336545 0.789856
3 0.734492 0.485462 0.030589 0.092362 0.737213
6 0.341627 0.453234 0.010697 0.059841 0.731689
6 0.185063 0.626745 0.090933 0.386271 0.656202
6 0.131426 0.630760 0.138061 0.393564 0.729078
6 0.419682 0.431541 0.007760 0.030653 0.546459
9 0.801273 0.748524 0.392851 0.440935 0.539804