0 0.845329 0.781097 0.308775 0.436371 0.801933
3 0.507785 0.572322 0.013484 0.038939 0.576526
3 0.485366 0.630018 0.029993 0.072790 0.776207
3 0.550364 0.584758 0.019000 0.057856 0.505758
3 0.310594 0.704093 0.065641 0.179316 0.356365
3 0.376835 0.671746 0.047190 0.129874 0.568666
5 0.621044 0.612835 0.106741 0.204789 0.530906
6 0.709313 0.597675 0.032936 0.124483 0.727003
6 0.445469 0.592510 0.015268 0.061123 0.654465
6 0.485904 0.587329 0.032374 0.105236 0.669776
6 0.508180 0.557524 0.013195 0.052299 0.464222
6 0.541663 0.564778 0.012670 0.055949 0.351590
6 0.547431 0.564387 0.022929 0.059135 0.385835
8 0.193244 0.136318 0.098292 0.265461 0.377040
9 0.329295 0.579935 0.075462 0.269495 0.353418