0 0.332018 0.674850 0.196932 0.244646 0.660265
0 0.891312 0.691412 0.218012 0.366796 0.403285
0 0.695274 0.765923 0.399799 0.465884 0.591215
0 0.519755 0.650423 0.126152 0.255722 0.572716
0 0.966141 0.496406 0.067353 0.065779 0.380841
0 0.809316 0.520869 0.129762 0.070083 0.400337
0 0.286746 0.584605 0.107780 0.080141 0.353734
1 0.451336 0.508241 0.148052 0.269241 0.796530
1 0.711426 0.481612 0.107376 0.115358 0.584426
5 0.151295 0.759715 0.299805 0.474750 0.629050
6 0.350536 0.544819 0.017031 0.024716 0.528014
6 0.868941 0.473679 0.018038 0.037143 0.570216
6 0.129013 0.527556 0.016015 0.018900 0.363780
6 0.372095 0.543899 0.015587 0.030340 0.397674