0 0.310611 0.641248 0.083518 0.103461 0.607827
0 0.666706 0.599735 0.028631 0.050411 0.481462
0 0.337712 0.620397 0.050194 0.080711 0.463917
0 0.127185 0.580962 0.035092 0.037591 0.389268
2 0.513322 0.605822 0.075546 0.183429 0.572356
2 0.435902 0.589789 0.056352 0.138263 0.464409
3 0.308711 0.814104 0.095319 0.236700 0.782530
3 0.095268 0.704740 0.063809 0.119177 0.620863
3 0.421736 0.649880 0.028358 0.075268 0.733280
3 0.158390 0.686143 0.067848 0.157861 0.571207
3 0.044683 0.884599 0.088928 0.228285 0.661389
6 0.044337 0.656665 0.029934 0.171322 0.720475
6 0.422022 0.622838 0.028576 0.088192 0.768932
6 0.313791 0.722917 0.081843 0.262242 0.771195
6 0.256063 0.599769 0.017017 0.067834 0.696761
6 0.107239 0.652680 0.029718 0.158584 0.541278
6 0.033586 0.885255 0.066977 0.227212 0.445356
6 0.471063 0.589628 0.010204 0.035706 0.363421
6 0.093934 0.616223 0.015935 0.083215 0.407939
7 0.579757 0.461804 0.011683 0.043778 0.404649
9 0.230806 0.655869 0.080942 0.068246 0.420223