0 0.733495 0.674436 0.329407 0.249823 0.735476
0 0.603445 0.544470 0.023071 0.037751 0.541166
0 0.935371 0.619793 0.128965 0.106448 0.511814
0 0.651426 0.542352 0.013859 0.024298 0.444234
1 0.165373 0.499294 0.329886 0.997908 0.853877
2 0.685846 0.558539 0.057301 0.108488 0.440745
2 0.587048 0.549157 0.014240 0.059409 0.364678
3 0.922348 0.811399 0.153939 0.276828 0.738828
3 0.374665 0.579749 0.026990 0.064391 0.762298
3 0.624957 0.572490 0.019138 0.050535 0.668455
5 0.552520 0.575811 0.067185 0.127549 0.480804
6 0.932088 0.719380 0.113285 0.338535 0.825850
6 0.376422 0.556004 0.023084 0.089586 0.790039
6 0.471829 0.545381 0.016777 0.061807 0.701687
6 0.625209 0.554208 0.018136 0.062102 0.666341
6 0.889427 0.405942 0.030467 0.097830 0.521633
6 0.692559 0.558987 0.029420 0.052859 0.770394
6 0.520242 0.534987 0.007705 0.038095 0.374585
9 0.417050 0.562366 0.200239 0.059475 0.400532