0 0.379516 0.472109 0.059363 0.091021 0.519188
0 0.320125 0.557094 0.130836 0.216762 0.646398
1 0.595593 0.480895 0.366813 0.760320 0.776221
3 0.037013 0.812958 0.073635 0.371490 0.652319
3 0.280451 0.793892 0.145639 0.361238 0.764124
3 0.155958 0.666870 0.088764 0.265934 0.598798
3 0.110125 0.613740 0.036202 0.160253 0.387728
3 0.388291 0.507799 0.029438 0.075324 0.547868
6 0.292618 0.636172 0.120568 0.362286 0.791789
6 0.228426 0.591327 0.079640 0.301723 0.714139
6 0.375230 0.172491 0.048145 0.139691 0.554870
6 0.155443 0.587062 0.075697 0.268877 0.780009
6 0.349845 0.200853 0.017036 0.079973 0.404328
6 0.389550 0.484064 0.026386 0.120312 0.392005
9 0.879512 0.857760 0.236659 0.273065 0.425734