0 0.608054 0.568722 0.035485 0.047347 0.579046
0 0.528584 0.548685 0.012795 0.022229 0.383647
1 0.592197 0.557612 0.029414 0.047669 0.416808
1 0.551292 0.584842 0.044686 0.104650 0.453669
1 0.663744 0.585187 0.039426 0.081732 0.418017
2 0.440974 0.619701 0.159473 0.386044 0.599986
2 0.869060 0.545950 0.260619 0.905235 0.550229
2 0.147354 0.757879 0.294049 0.482618 0.507782
3 0.637872 0.662750 0.047139 0.134117 0.740567
3 0.703100 0.735319 0.097156 0.239411 0.751392
6 0.638827 0.614146 0.044161 0.137998 0.778671
6 0.712247 0.693032 0.069780 0.252364 0.741364
6 0.288531 0.544268 0.014410 0.043422 0.373812
6 0.299574 0.550814 0.010396 0.035595 0.350758