0 0.120503 0.796959 0.240207 0.403723 0.646746
0 0.626933 0.801943 0.390578 0.394632 0.673485
0 0.227493 0.730235 0.225197 0.274691 0.620509
0 0.750954 0.632690 0.125638 0.122716 0.552400
0 0.296779 0.640149 0.127001 0.105330 0.550890
0 0.880482 0.772160 0.238927 0.452146 0.574121
0 0.630483 0.585313 0.022521 0.037170 0.387170
1 0.411969 0.598141 0.192268 0.087319 0.398577
2 0.065113 0.571245 0.129575 0.247787 0.356644
3 0.373571 0.862375 0.145237 0.273127 0.551045
3 0.446179 0.770877 0.088716 0.222370 0.440797
3 0.924723 0.956521 0.149458 0.085968 0.368040
6 0.384512 0.784136 0.110948 0.414134 0.667463
6 0.490735 0.614280 0.027540 0.101312 0.502191
6 0.454312 0.633507 0.059414 0.108142 0.447932
6 0.475295 0.632572 0.038869 0.113483 0.458130
6 0.606627 0.583020 0.033901 0.048716 0.439628
6 0.390915 0.608687 0.038581 0.088254 0.381587
9 0.708669 0.523398 0.105216 0.173544 0.453677