0 0.070658 0.687769 0.140823 0.259716 0.751741
0 0.915370 0.674445 0.169223 0.199776 0.742208
0 0.233105 0.620417 0.134132 0.130451 0.719406
0 0.539405 0.574750 0.028662 0.045680 0.611628
0 0.504379 0.573037 0.031731 0.045082 0.606335
0 0.558062 0.570540 0.013912 0.033894 0.412446
0 0.143922 0.596811 0.094374 0.118422 0.511842
0 0.464369 0.567576 0.016292 0.026980 0.403973
0 0.313107 0.597183 0.049302 0.062432 0.402757
0 0.522223 0.567823 0.016202 0.033270 0.375751
0 0.063301 0.569925 0.126395 0.121042 0.525056
0 0.744021 0.617123 0.130605 0.122598 0.416193
1 0.425371 0.571952 0.029914 0.060133 0.411115
3 0.179617 0.675676 0.032074 0.087019 0.540421
3 0.331875 0.598760 0.012553 0.058458 0.418607
3 0.476296 0.585701 0.011082 0.028037 0.567277
6 0.586123 0.740683 0.062392 0.288864 0.812977
6 0.315287 0.606587 0.025703 0.126673 0.749143
6 0.202060 0.641533 0.045136 0.195862 0.750973
6 0.171382 0.633718 0.041398 0.166236 0.676778
6 0.393615 0.579459 0.017077 0.079824 0.703056
6 0.476790 0.570042 0.012060 0.047071 0.556827
6 0.361540 0.590128 0.016530 0.072999 0.571581
8 0.953420 0.194352 0.070418 0.191578 0.466384
8 0.027503 0.186852 0.054777 0.101902 0.445727
8 0.022102 0.291422 0.043962 0.062863 0.403212
8 0.592523 0.389918 0.024087 0.057430 0.405869
8 0.029362 0.105583 0.058441 0.093968 0.382117
9 0.700086 0.786081 0.278718 0.417851 0.364569