0 0.353344 0.731918 0.278380 0.387028 0.775602
0 0.735742 0.575265 0.039926 0.060563 0.578508
0 0.556167 0.563065 0.040104 0.065017 0.480429
0 0.583965 0.561099 0.016248 0.049718 0.452833
0 0.605285 0.566721 0.039625 0.066706 0.417749
0 0.693391 0.565463 0.025226 0.048904 0.403196
3 0.794993 0.591727 0.018960 0.058290 0.476002
3 0.490404 0.575065 0.015700 0.040439 0.450831
3 0.633216 0.581975 0.015850 0.042762 0.414984
3 0.565849 0.572895 0.020051 0.051473 0.464081
3 0.940435 0.631892 0.031968 0.074227 0.385134
6 0.690217 0.397506 0.021223 0.058292 0.571258
6 0.421733 0.544570 0.010489 0.043937 0.575368
6 0.730783 0.378896 0.013537 0.033783 0.479393
6 0.782035 0.571606 0.011761 0.051624 0.397227
6 0.730915 0.423195 0.012033 0.035916 0.370757
6 0.480058 0.560046 0.012786 0.054857 0.409754
7 0.621899 0.259135 0.039843 0.023119 0.537489
9 0.819578 0.728997 0.358322 0.299839 0.398488