0 0.812633 0.758086 0.374456 0.475177 0.710425
0 0.118283 0.592941 0.104427 0.064935 0.429364
1 0.464218 0.541357 0.209356 0.391554 0.915164
3 0.566855 0.759880 0.077916 0.218889 0.617537
3 0.663353 0.846817 0.176246 0.304254 0.496499
3 0.614106 0.634817 0.036292 0.082029 0.405371
5 0.305538 0.669819 0.113720 0.246277 0.561014
6 0.645292 0.783629 0.142805 0.430468 0.618147
6 0.292585 0.701853 0.075211 0.222758 0.578549
6 0.911998 0.573937 0.015053 0.045912 0.502288
6 0.559983 0.697615 0.078695 0.236332 0.660626
6 0.618108 0.606279 0.032680 0.112274 0.371478
6 0.618645 0.581149 0.031107 0.062732 0.356501
6 0.592379 0.592863 0.023140 0.065376 0.400589