0 0.469246 0.578842 0.045156 0.072518 0.662790
0 0.619491 0.561892 0.038032 0.052201 0.692507
0 0.442914 0.555773 0.021533 0.037681 0.432888
0 0.551211 0.557855 0.028985 0.038534 0.604522
2 0.722091 0.519237 0.159201 0.212148 0.682815
2 0.905455 0.568742 0.072160 0.079584 0.362446
3 0.812063 0.725679 0.106585 0.246716 0.868864
3 0.416543 0.564798 0.019613 0.041045 0.521104
6 0.802035 0.643433 0.083172 0.259173 0.808891
6 0.531416 0.554551 0.012902 0.037094 0.625716
6 0.022917 0.357335 0.045167 0.097205 0.470435
6 0.832998 0.554273 0.011474 0.047099 0.398594
6 0.581245 0.547370 0.012731 0.070848 0.366610
9 0.771157 0.731283 0.454271 0.336610 0.471988