0 0.702901 0.735256 0.185171 0.269805 0.734428
0 0.874525 0.683396 0.156971 0.162686 0.729893
0 0.061035 0.560117 0.121702 0.092897 0.615014
0 0.513544 0.640876 0.081991 0.131935 0.731938
0 0.715409 0.590225 0.066969 0.037401 0.396263
1 0.781107 0.591803 0.153903 0.150139 0.690487
1 0.537015 0.559721 0.052972 0.108807 0.549160
2 0.612351 0.565712 0.105653 0.222639 0.595794
2 0.475535 0.557263 0.056645 0.113072 0.394719
2 0.394285 0.588417 0.068088 0.169578 0.358622
3 0.589068 0.690211 0.036356 0.090240 0.662414
3 0.330937 0.835969 0.156319 0.324992 0.816959
6 0.345626 0.749515 0.125270 0.376939 0.852409
6 0.590300 0.640403 0.036381 0.121124 0.748624
6 0.247159 0.559848 0.014689 0.062863 0.563331
6 0.235489 0.560355 0.011171 0.058756 0.566576
6 0.873204 0.593815 0.012464 0.022783 0.401415
6 0.447043 0.588633 0.014466 0.068976 0.435198
6 0.222524 0.555425 0.014336 0.059479 0.505553
6 0.430111 0.592885 0.011185 0.074931 0.395681
6 0.479454 0.597096 0.010273 0.034230 0.355994
8 0.444164 0.396970 0.081898 0.156567 0.357998
9 0.152499 0.709914 0.301282 0.232140 0.453452