0 0.962269 0.537438 0.075051 0.143349 0.643139
0 0.883942 0.495841 0.038298 0.087162 0.596898
1 0.541937 0.462222 0.166543 0.252309 0.752774
1 0.786241 0.442203 0.164628 0.253541 0.615725
1 0.965564 0.451806 0.068257 0.125475 0.495971
2 0.712406 0.737211 0.362944 0.519470 0.450242
2 0.653074 0.436667 0.056535 0.070744 0.468113
2 0.401872 0.593377 0.125372 0.256371 0.430004
2 0.902107 0.465509 0.074068 0.115461 0.362230
3 0.328496 0.485604 0.036717 0.073954 0.405794
3 0.284179 0.483008 0.037083 0.072129 0.402451
3 0.418153 0.824742 0.095432 0.208536 0.362995
4 0.142143 0.615375 0.056230 0.107837 0.517695
6 0.134758 0.561358 0.033552 0.213258 0.653578
6 0.416550 0.702772 0.096320 0.393608 0.747526
6 0.107303 0.565968 0.022770 0.196700 0.623235
6 0.235476 0.499409 0.021764 0.093939 0.515805
6 0.254050 0.485819 0.014788 0.062940 0.420194
6 0.328844 0.485603 0.022939 0.073458 0.380374
6 0.201268 0.489038 0.010464 0.063787 0.352441
6 0.374134 0.459729 0.010017 0.021007 0.370650
7 0.190727 0.051049 0.044867 0.101460 0.475282
8 0.644914 0.319216 0.046999 0.046183 0.554160