0 0.241028 0.671506 0.159592 0.206884 0.777907
0 0.686895 0.755249 0.198930 0.304077 0.732828
0 0.511633 0.644046 0.079119 0.128958 0.691239
0 0.896244 0.688780 0.150873 0.159547 0.627503
0 0.757662 0.643400 0.082176 0.102111 0.577029
0 0.462491 0.589220 0.027088 0.043826 0.427282
0 0.648882 0.591804 0.031164 0.028869 0.397690
0 0.809969 0.632667 0.061275 0.074581 0.484295
0 0.438133 0.599040 0.046779 0.064283 0.378659
1 0.512651 0.556186 0.035184 0.048072 0.534404
2 0.559622 0.565724 0.059531 0.149705 0.575699
2 0.622037 0.568124 0.059262 0.081656 0.434584
3 0.434389 0.737612 0.076870 0.216918 0.772042
3 0.050746 0.634141 0.100899 0.146508 0.586296
3 0.155009 0.616703 0.063030 0.093985 0.590080
3 0.971900 0.739088 0.055525 0.160237 0.373981
5 0.432365 0.754936 0.074164 0.182104 0.414026
6 0.982942 0.709983 0.033914 0.220880 0.795185
6 0.380618 0.611936 0.018194 0.110931 0.651596
6 0.624475 0.601265 0.024818 0.059541 0.705672
6 0.682138 0.572090 0.013622 0.059470 0.597809
6 0.407833 0.581439 0.010131 0.039140 0.366916
8 0.616264 0.436327 0.019672 0.046999 0.402033
9 0.890760 0.855882 0.215414 0.215738 0.355346