0 0.512154 0.545520 0.027391 0.041570 0.655159
0 0.662100 0.571321 0.051079 0.070192 0.651008
0 0.847244 0.641023 0.155445 0.173335 0.691222
0 0.620337 0.548545 0.024261 0.032077 0.486768
1 0.583853 0.539057 0.020485 0.038039 0.379231
3 0.461230 0.555254 0.009416 0.020780 0.595345
3 0.434633 0.554376 0.009876 0.025380 0.643308
3 0.628314 0.565955 0.012607 0.027716 0.391056
6 0.461365 0.545328 0.009652 0.037337 0.514803
6 0.419691 0.543151 0.007388 0.035605 0.441575
6 0.490548 0.536809 0.005263 0.019767 0.485444
8 0.253585 0.510996 0.022789 0.027944 0.431369
9 0.767446 0.767879 0.459644 0.456326 0.562302