0 0.408371 0.487961 0.021869 0.040515 0.403664
0 0.637615 0.490789 0.032332 0.044139 0.379087
1 0.934390 0.538815 0.130309 0.125526 0.543287
2 0.090894 0.621297 0.181249 0.299140 0.547193
2 0.432224 0.471412 0.017444 0.039373 0.403702
3 0.206720 0.553094 0.062746 0.116127 0.389557
3 0.849022 0.535108 0.055258 0.079435 0.366290
5 0.323384 0.661258 0.188303 0.385711 0.751077
6 0.726585 0.452606 0.015596 0.045053 0.443423
6 0.222372 0.509770 0.031738 0.073492 0.477311
6 0.470649 0.476704 0.005200 0.027598 0.376103
6 0.348953 0.466908 0.011435 0.019302 0.356784
9 0.739799 0.735743 0.516692 0.517089 0.645185