0 0.827618 0.490209 0.095922 0.068337 0.576904
0 0.789798 0.487607 0.051884 0.059637 0.471837
3 0.334495 0.559576 0.059273 0.107141 0.633885
3 0.515013 0.630808 0.073300 0.187804 0.620296
3 0.127237 0.588685 0.029940 0.065222 0.532171
3 0.103144 0.846688 0.194123 0.303872 0.638170
3 0.246978 0.583166 0.107565 0.140884 0.437036
3 0.428161 0.549096 0.035089 0.077232 0.706043
5 0.146527 0.669455 0.292140 0.434684 0.456099
5 0.514339 0.590559 0.080093 0.267703 0.535924
6 0.518068 0.582474 0.060723 0.209441 0.855835
6 0.064729 0.852359 0.129110 0.293225 0.752946
6 0.431333 0.524974 0.033403 0.110526 0.734018
6 0.206562 0.601953 0.088736 0.194856 0.385976
8 0.474753 0.417536 0.015442 0.028279 0.358771