0 0.645191 0.515437 0.033248 0.071929 0.539269
0 0.457621 0.546072 0.061750 0.177649 0.449771
1 0.513848 0.444960 0.060499 0.054542 0.351924
3 0.112558 0.858715 0.131787 0.279350 0.420397
5 0.516804 0.639123 0.160988 0.343253 0.711112
5 0.279424 0.679473 0.241068 0.432803 0.641579
6 0.132128 0.618517 0.049572 0.266371 0.590643
6 0.127918 0.372003 0.069062 0.300987 0.513630
6 0.115875 0.148230 0.044657 0.155178 0.472597
6 0.014052 0.067828 0.027857 0.134342 0.511305
6 0.400987 0.440462 0.012437 0.043805 0.460595
6 0.598082 0.390198 0.025210 0.067801 0.453205
6 0.828289 0.327126 0.026744 0.117422 0.439631
6 0.941119 0.422498 0.040132 0.110180 0.488123
6 0.878032 0.311548 0.037652 0.100401 0.444448
6 0.136974 0.047696 0.020026 0.076112 0.464103
6 0.930450 0.259475 0.014902 0.046178 0.403554
6 0.834773 0.426940 0.017965 0.072407 0.398590
6 0.979623 0.384169 0.040329 0.160433 0.460373
6 0.948659 0.254720 0.017871 0.045857 0.407234
6 0.776961 0.192968 0.023052 0.086171 0.385979
6 0.871505 0.436197 0.024817 0.075329 0.412675
6 0.204089 0.328203 0.015275 0.059014 0.357440
6 0.034511 0.279358 0.066310 0.220578 0.408478
6 0.978666 0.570299 0.041990 0.140243 0.517990
6 0.891958 0.436789 0.024967 0.072503 0.407882
6 0.939378 0.304824 0.020568 0.049613 0.396982
6 0.233590 0.417755 0.033582 0.097605 0.421709
6 0.085236 0.763336 0.169712 0.470887 0.431050
6 0.576095 0.262894 0.016796 0.062456 0.371710
6 0.209458 0.419953 0.028852 0.091983 0.405604
6 0.157081 0.155310 0.039970 0.184623 0.392277
6 0.602516 0.241441 0.010223 0.027287 0.380251
6 0.818139 0.437292 0.015350 0.054034 0.371071
6 0.263994 0.417213 0.023024 0.091754 0.351225
6 0.575824 0.360389 0.033572 0.129946 0.363488
6 0.589702 0.241625 0.012510 0.026018 0.372752
6 0.210465 0.205804 0.021540 0.103328 0.389637
6 0.174299 0.038389 0.021723 0.075447 0.482197
6 0.044262 0.091869 0.037944 0.137317 0.510817
6 0.409149 0.539795 0.024224 0.121157 0.369897
6 0.590004 0.277272 0.011596 0.032198 0.354900
6 0.120566 0.031130 0.017866 0.061833 0.375200
6 0.008289 0.206062 0.016497 0.140922 0.362042
9 0.730514 0.796165 0.296817 0.401873 0.514615