0 0.341506 0.570536 0.041125 0.071768 0.444450
0 0.475674 0.575423 0.026624 0.084039 0.425561
2 0.535270 0.591160 0.103711 0.237819 0.590483
2 0.130142 0.753770 0.259596 0.490420 0.540711
2 0.942492 0.630703 0.114176 0.170214 0.453540
2 0.284128 0.606302 0.077509 0.156540 0.444324
2 0.658002 0.621768 0.086901 0.171688 0.429242
2 0.457138 0.549758 0.029432 0.056954 0.428359
2 0.798766 0.666275 0.142960 0.260465 0.438619
3 0.414235 0.807184 0.092284 0.279411 0.851981
3 0.600302 0.579109 0.015832 0.045038 0.435564
3 0.426369 0.607626 0.019458 0.045480 0.373846
3 0.367832 0.578263 0.018024 0.050736 0.377937
6 0.411054 0.713604 0.097096 0.298519 0.759224
6 0.703601 0.236736 0.027956 0.071566 0.543223
6 0.709602 0.177343 0.012660 0.030956 0.468078
6 0.428426 0.582823 0.024121 0.091759 0.622851
6 0.397173 0.549779 0.011533 0.039466 0.408869
6 0.701679 0.396728 0.011656 0.044992 0.403590
6 0.691715 0.395804 0.011161 0.046446 0.419519
6 0.692631 0.282101 0.010904 0.024192 0.370857
6 0.702129 0.336409 0.028855 0.077546 0.476218
6 0.694496 0.175338 0.013575 0.033688 0.449604
6 0.712236 0.287468 0.011065 0.034053 0.361789
6 0.712362 0.397080 0.010234 0.041872 0.373662