0 0.337595 0.622096 0.045158 0.043147 0.641245
3 0.324177 0.837005 0.098376 0.316641 0.815783
3 0.155244 0.817255 0.124731 0.280526 0.807118
3 0.907832 0.663100 0.045333 0.113036 0.753172
3 0.802110 0.594350 0.034576 0.053226 0.595064
3 0.013777 0.733023 0.027367 0.162064 0.438889
6 0.752395 0.655802 0.036770 0.202536 0.756411
6 0.324526 0.769055 0.092544 0.310739 0.733704
6 0.802788 0.338142 0.043532 0.174482 0.686136
6 0.192441 0.633157 0.014578 0.069609 0.669140
6 0.470493 0.611025 0.012095 0.049564 0.622481
6 0.260104 0.291221 0.029339 0.067228 0.556569
6 0.169567 0.741306 0.094806 0.300065 0.790986
6 0.562168 0.596926 0.012188 0.070247 0.543426
6 0.050466 0.635063 0.010340 0.046472 0.606139
6 0.408783 0.612925 0.014226 0.053143 0.639569
6 0.838955 0.589942 0.027590 0.096167 0.569505
6 0.714370 0.593562 0.017233 0.072700 0.557730
6 0.599778 0.602332 0.017024 0.077274 0.541007
6 0.234480 0.307829 0.057772 0.135808 0.539422
6 0.978291 0.560250 0.022727 0.053039 0.506588
6 0.630298 0.597811 0.014836 0.068374 0.507183
6 0.685831 0.604735 0.017718 0.094241 0.540326
6 0.652142 0.594821 0.014041 0.077796 0.520245
6 0.615038 0.596645 0.014061 0.069296 0.451540
6 0.670346 0.606359 0.019328 0.095046 0.543129
6 0.547916 0.597084 0.009758 0.047613 0.381287
6 0.445057 0.608629 0.011625 0.046628 0.479745
6 0.719928 0.345977 0.025249 0.164929 0.409847
6 0.888428 0.590128 0.027519 0.096072 0.357867
6 0.994080 0.563689 0.011553 0.050722 0.440203