0 0.331899 0.674713 0.197402 0.243994 0.678332
0 0.880872 0.662348 0.237868 0.307737 0.648691
0 0.695188 0.765594 0.399948 0.466593 0.621734
0 0.520655 0.646424 0.127830 0.261503 0.573117
0 0.980360 0.522107 0.038936 0.121645 0.475608
0 0.900168 0.538123 0.153231 0.083088 0.401913
0 0.954964 0.488281 0.061970 0.056067 0.422869
1 0.451145 0.509244 0.148046 0.269285 0.762334
1 0.874409 0.447462 0.154112 0.095929 0.683738
1 0.699337 0.481057 0.099083 0.103907 0.539610
5 0.151590 0.759977 0.300567 0.474552 0.631717
6 0.349971 0.539469 0.017105 0.035671 0.537744
6 0.369573 0.532628 0.015139 0.037279 0.398399
6 0.370783 0.543762 0.017740 0.031350 0.435075