0 0.550766 0.778365 0.377422 0.441252 0.721660
0 0.251737 0.693491 0.249164 0.306032 0.577945
0 0.373936 0.586495 0.096193 0.142858 0.547313
0 0.444447 0.541438 0.030427 0.061154 0.359466
0 0.392603 0.531684 0.060049 0.072395 0.405850
0 0.092328 0.634979 0.106502 0.243898 0.425449
1 0.261542 0.486786 0.114284 0.115027 0.460040
1 0.434741 0.496096 0.025424 0.030920 0.398245
2 0.045854 0.648381 0.091356 0.523048 0.487018
3 0.185912 0.827223 0.184089 0.341557 0.793579
6 0.201307 0.762629 0.137894 0.469198 0.727463
6 0.313114 0.528415 0.020794 0.032588 0.621511
6 0.261383 0.531361 0.014053 0.025275 0.457974
6 0.712855 0.527531 0.008614 0.038760 0.373111
9 0.775246 0.750375 0.445248 0.475295 0.578976