0 0.583796 0.649603 0.081416 0.132475 0.434711
0 0.488998 0.572652 0.020476 0.026464 0.538005
0 0.389796 0.557233 0.013887 0.020132 0.454487
1 0.451113 0.564237 0.036870 0.061591 0.610964
3 0.758475 0.856369 0.196537 0.285231 0.804294
3 0.534458 0.717431 0.057664 0.150831 0.789001
3 0.465485 0.605593 0.015268 0.038052 0.682432
6 0.308922 0.745179 0.083367 0.321362 0.814339
6 0.537149 0.665367 0.053457 0.176843 0.840799
6 0.422956 0.588705 0.015403 0.053621 0.746092
6 0.463984 0.590596 0.015815 0.050886 0.743302
6 0.743381 0.802319 0.140985 0.392525 0.850000
9 0.738380 0.723357 0.518710 0.310380 0.456754