0 0.490519 0.567806 0.068027 0.131540 0.420237
0 0.116860 0.503741 0.025013 0.069323 0.399549
0 0.147272 0.508371 0.030473 0.041097 0.368041
0 0.434458 0.558647 0.048050 0.107413 0.379292
0 0.237900 0.559471 0.050499 0.105661 0.354427
1 0.188667 0.510201 0.053876 0.139889 0.515193
3 0.296167 0.570389 0.021710 0.053405 0.562445
3 0.231429 0.792741 0.093716 0.301795 0.803353
3 0.615344 0.696273 0.136421 0.331573 0.654437
3 0.843962 0.872262 0.305869 0.253630 0.548279
3 0.687542 0.648930 0.082906 0.162795 0.516535
3 0.271475 0.549629 0.011855 0.030546 0.422382
3 0.326007 0.589375 0.020313 0.076495 0.530407
3 0.951794 0.743295 0.095629 0.254560 0.354296
5 0.388051 0.597548 0.104147 0.198994 0.452150
6 0.231047 0.692632 0.091621 0.313582 0.813305
6 0.864575 0.736107 0.149418 0.524578 0.834292
6 0.616213 0.636306 0.095916 0.240255 0.537237
6 0.326171 0.538872 0.018721 0.043295 0.394248