0 0.865500 0.807822 0.268513 0.381960 0.748742
0 0.303016 0.601453 0.166565 0.230481 0.750440
0 0.496806 0.510649 0.052173 0.081113 0.632125
0 0.522791 0.501574 0.020143 0.053648 0.477135
0 0.467412 0.495986 0.012945 0.039447 0.375965
3 0.438065 0.596737 0.044685 0.137797 0.823239
3 0.057759 0.532070 0.066213 0.127972 0.621224
6 0.438122 0.557201 0.045978 0.160533 0.426286
6 0.422684 0.500457 0.018632 0.055007 0.430999
6 0.452795 0.500846 0.019563 0.047137 0.363224
7 0.269797 0.443863 0.007686 0.040040 0.394808
9 0.763575 0.589702 0.469411 0.220320 0.698917