0 0.751030 0.654969 0.196230 0.258871 0.632260
0 0.402081 0.588020 0.062533 0.094318 0.572330
0 0.613100 0.570867 0.074791 0.093588 0.524197
0 0.543778 0.552869 0.025551 0.035399 0.370280
3 0.328246 0.651911 0.046886 0.146939 0.796763
3 0.781664 0.757912 0.117241 0.328667 0.786442
3 0.945306 0.748080 0.108326 0.218420 0.649090
3 0.651623 0.628683 0.031726 0.118300 0.593595
3 0.384969 0.608763 0.039202 0.095048 0.606240
3 0.524453 0.563427 0.017968 0.063177 0.500668
6 0.604290 0.596253 0.036707 0.168477 0.781628
6 0.093726 0.672771 0.072226 0.336754 0.799354
6 0.832298 0.145622 0.025412 0.065756 0.614697
6 0.115270 0.590830 0.078407 0.348141 0.740014
6 0.509642 0.546475 0.008615 0.039030 0.389771