0 0.345838 0.755489 0.342215 0.487291 0.504362
0 0.658474 0.583226 0.075075 0.142323 0.465532
0 0.528099 0.574884 0.055189 0.126954 0.460061
1 0.527411 0.500540 0.028829 0.028704 0.422509
3 0.889992 0.748316 0.097989 0.212247 0.789117
3 0.604071 0.625992 0.038469 0.094020 0.653959
3 0.564243 0.620277 0.038866 0.098926 0.695856
6 0.888571 0.674573 0.061941 0.226543 0.857069
6 0.796071 0.618863 0.028190 0.153113 0.717071
6 0.078278 0.674025 0.039701 0.114242 0.682167
6 0.607108 0.599178 0.035115 0.127960 0.560666
6 0.053616 0.667369 0.037278 0.123053 0.667371
6 0.557323 0.592226 0.053862 0.139014 0.469107
6 0.591526 0.581702 0.022566 0.113262 0.376220