0 0.864589 0.686550 0.202259 0.241076 0.775642
0 0.378413 0.777709 0.294481 0.433741 0.689441
0 0.473133 0.647146 0.118420 0.216842 0.610911
0 0.419727 0.544766 0.054011 0.037723 0.381426
1 0.172852 0.519041 0.345281 0.856295 0.849730
1 0.835446 0.528320 0.122495 0.138511 0.507857
1 0.370956 0.507973 0.078946 0.121154 0.581775
1 0.418144 0.512886 0.026109 0.054030 0.376423
1 0.471013 0.504621 0.038334 0.070644 0.369979
2 0.610890 0.530943 0.102728 0.194610 0.450925
2 0.979563 0.614531 0.040559 0.240938 0.439017
6 0.966262 0.639355 0.015004 0.125700 0.499571