0 0.540370 0.722128 0.170032 0.269428 0.646466
0 0.791235 0.662168 0.158685 0.192388 0.513869
0 0.713236 0.596579 0.043368 0.053685 0.380202
0 0.951923 0.858383 0.095674 0.281653 0.613086
0 0.593277 0.610976 0.071000 0.110334 0.402831
3 0.346846 0.788187 0.182368 0.275725 0.734739
3 0.672148 0.844906 0.154223 0.304803 0.714637
3 0.811649 0.840814 0.141497 0.316043 0.673644
3 0.980775 0.652818 0.037950 0.118644 0.350841
6 0.362782 0.714977 0.110448 0.277575 0.684159
6 0.642486 0.762815 0.140394 0.407711 0.715059
6 0.806286 0.772735 0.095190 0.389664 0.609084
6 0.158389 0.621448 0.030888 0.189467 0.587704
6 0.034219 0.583829 0.040618 0.130803 0.620749
6 0.760060 0.730858 0.052267 0.327881 0.561179
6 0.705067 0.614660 0.056672 0.105307 0.452988
6 0.029948 0.259314 0.022087 0.100228 0.395376
6 0.505474 0.639779 0.038746 0.051591 0.366363
6 0.242200 0.605755 0.035860 0.087943 0.410912
6 0.637085 0.617316 0.035607 0.101432 0.375314
6 0.369575 0.640572 0.037183 0.145477 0.394990
9 0.185237 0.808867 0.159487 0.093628 0.354582