0 0.897397 0.640957 0.059558 0.089206 0.603296
0 0.456664 0.641056 0.088160 0.141978 0.659215
0 0.531137 0.604039 0.039789 0.060307 0.602229
0 0.500898 0.594475 0.027783 0.050497 0.553093
0 0.685217 0.619762 0.045964 0.091600 0.561095
0 0.203352 0.689177 0.219595 0.209191 0.665699
0 0.278268 0.612798 0.110764 0.094334 0.581184
0 0.021055 0.876223 0.041902 0.239260 0.414901
0 0.102692 0.631071 0.101843 0.140533 0.522348
0 0.361565 0.586289 0.033124 0.044857 0.398154
2 0.850547 0.615936 0.050644 0.169680 0.379714
3 0.357773 0.692269 0.053814 0.163888 0.770691
3 0.198032 0.855544 0.148372 0.285734 0.756237
6 0.213199 0.759334 0.118953 0.345214 0.876439
6 0.327140 0.581616 0.016554 0.057401 0.590894
6 0.358888 0.648659 0.049178 0.161371 0.662681
6 0.255168 0.554874 0.007039 0.020420 0.365031
8 0.663373 0.506893 0.035543 0.121033 0.350494
8 0.644683 0.329743 0.043560 0.104932 0.407429
9 0.683135 0.797311 0.255634 0.396596 0.351602