0 0.620589 0.498049 0.050264 0.038874 0.519206
5 0.512458 0.675011 0.202578 0.443437 0.688468
5 0.186975 0.731742 0.308744 0.532002 0.524601
5 0.371351 0.563423 0.093707 0.198974 0.408034
6 0.692856 0.408214 0.025150 0.070917 0.429335
6 0.660356 0.465759 0.013086 0.036921 0.399747
6 0.946046 0.360799 0.030473 0.114012 0.405352
6 0.156369 0.421052 0.032183 0.145179 0.383440
6 0.151513 0.248120 0.115072 0.493768 0.372544
6 0.700239 0.465529 0.013592 0.037493 0.377484
6 0.215039 0.379511 0.043992 0.204289 0.434090
6 0.674243 0.464909 0.012789 0.036840 0.386466
6 0.763911 0.436517 0.015224 0.063059 0.354389
6 0.509773 0.600338 0.022735 0.038193 0.390829
6 0.978374 0.495271 0.015209 0.061510 0.381918
6 0.687234 0.464702 0.013149 0.037497 0.384312
6 0.018590 0.557725 0.037032 0.239270 0.412985
6 0.434902 0.444330 0.009921 0.036352 0.383112
6 0.213577 0.221974 0.013089 0.082967 0.362411
6 0.249257 0.424663 0.023530 0.099041 0.359857
6 0.981063 0.376219 0.028995 0.078706 0.360639
6 0.235880 0.160944 0.015184 0.091071 0.352714
6 0.882029 0.538146 0.022946 0.124061 0.398465
6 0.561085 0.424094 0.015828 0.034961 0.357714
6 0.227175 0.236749 0.013199 0.083925 0.357309
9 0.763974 0.788663 0.340437 0.416891 0.483814