0 0.461673 0.546240 0.054661 0.085744 0.505499
0 0.489631 0.533936 0.019118 0.055490 0.374794
2 0.552179 0.508586 0.032111 0.049926 0.437643
3 0.664504 0.620161 0.049656 0.135675 0.786720
3 0.870997 0.638768 0.055726 0.161390 0.739580
3 0.293023 0.607048 0.079582 0.125833 0.676685
3 0.730890 0.598639 0.060685 0.084670 0.698145
3 0.581554 0.561938 0.022391 0.059605 0.760388
3 0.410196 0.617299 0.032102 0.084758 0.688788
3 0.184416 0.684374 0.068175 0.128304 0.432119
3 0.779152 0.613717 0.050945 0.120162 0.651093
3 0.984626 0.720952 0.030259 0.178714 0.621790
3 0.504805 0.549068 0.019309 0.049953 0.587069
3 0.536099 0.532588 0.010850 0.028281 0.511508
3 0.129805 0.792357 0.170947 0.328801 0.459456
3 0.520373 0.532238 0.012647 0.030237 0.482253
6 0.128447 0.682856 0.105397 0.315962 0.792534
6 0.059673 0.574011 0.045529 0.177965 0.689882
6 0.364927 0.576077 0.025217 0.121306 0.623898
6 0.409590 0.578847 0.036433 0.108567 0.699719
6 0.659313 0.584531 0.034894 0.119841 0.548590
6 0.606762 0.526277 0.013903 0.055450 0.559848
6 0.124663 0.507235 0.024180 0.054204 0.569014
6 0.800566 0.540882 0.020246 0.108898 0.585639
6 0.707980 0.534385 0.012575 0.077336 0.454845
6 0.334130 0.577640 0.025339 0.113459 0.536939
6 0.697089 0.528599 0.013132 0.031058 0.353349
6 0.756441 0.536163 0.014930 0.075439 0.363243