1 0.350025 0.524265 0.059027 0.084598 0.353209
3 0.625937 0.637293 0.075932 0.160792 0.686252
3 0.689267 0.665720 0.091743 0.218900 0.639968
3 0.400837 0.577433 0.018000 0.043464 0.577304
3 0.434954 0.559702 0.009516 0.024952 0.408165
3 0.338007 0.576620 0.026586 0.042218 0.429689
3 0.499710 0.594924 0.017818 0.057537 0.383150
3 0.237357 0.631576 0.062451 0.129703 0.414071
4 0.525270 0.643587 0.026943 0.096038 0.630769
4 0.472554 0.614021 0.022735 0.072839 0.578221
5 0.110501 0.707293 0.219606 0.426351 0.472677
6 0.241388 0.818885 0.072438 0.360654 0.885812
6 0.362900 0.597386 0.022881 0.121285 0.705890
6 0.523094 0.605897 0.028695 0.121471 0.628366
6 0.481057 0.592366 0.030504 0.118797 0.592553
6 0.038974 0.829987 0.077632 0.338411 0.431848
6 0.446770 0.555201 0.011158 0.036672 0.402975
6 0.319110 0.573957 0.021694 0.070691 0.530532
6 0.492722 0.545406 0.014025 0.041516 0.394203
8 0.795252 0.204321 0.119013 0.120925 0.490755