0 0.747973 0.669308 0.174609 0.265656 0.643682
0 0.546799 0.660059 0.173862 0.379011 0.546053
0 0.447480 0.594952 0.052201 0.171743 0.364871
3 0.633923 0.838260 0.134837 0.320437 0.756990
3 0.352601 0.804413 0.143598 0.388003 0.757132
6 0.362327 0.703761 0.110979 0.389045 0.710068
6 0.968751 0.658721 0.062168 0.270641 0.763120
6 0.809550 0.592996 0.035197 0.136526 0.769161
6 0.633691 0.725946 0.126200 0.384149 0.392115
6 0.713989 0.527841 0.015674 0.020999 0.448611
6 0.402311 0.657136 0.062214 0.247742 0.498616
6 0.661927 0.527613 0.013618 0.025207 0.487149
6 0.395453 0.539153 0.026684 0.063667 0.356592
6 0.420106 0.607938 0.030604 0.210762 0.483943
6 0.602834 0.728121 0.071801 0.374154 0.418426
6 0.681413 0.530373 0.009779 0.015318 0.401728
8 0.117517 0.201592 0.097319 0.183461 0.444033