0 0.126672 0.799831 0.253061 0.398601 0.828437
3 0.664199 0.587214 0.050395 0.127132 0.626880
3 0.567571 0.511728 0.017603 0.053488 0.571845
3 0.519906 0.525872 0.012831 0.042191 0.366558
3 0.430852 0.545938 0.025309 0.073590 0.427534
6 0.709022 0.624157 0.045535 0.248438 0.722920
6 0.628318 0.570765 0.036055 0.201724 0.693988
6 0.069145 0.454482 0.036144 0.172058 0.666749
6 0.205894 0.432706 0.028752 0.195381 0.648407
6 0.172895 0.455888 0.030930 0.162456 0.656391
6 0.139790 0.456127 0.032777 0.166882 0.649196
6 0.106148 0.456116 0.037688 0.168390 0.663159
6 0.037706 0.454595 0.031479 0.172407 0.627727
6 0.035243 0.572423 0.031630 0.070887 0.689439
6 0.168190 0.351985 0.016103 0.047170 0.543751
6 0.532868 0.515777 0.018566 0.086481 0.555254
6 0.989140 0.638910 0.021510 0.354705 0.503066
6 0.803918 0.314841 0.015824 0.068386 0.511792
6 0.285219 0.539286 0.012501 0.057264 0.539352
6 0.285040 0.137282 0.017725 0.084009 0.501902
6 0.261426 0.540936 0.012558 0.065436 0.514875
6 0.187728 0.351673 0.018010 0.045126 0.501505
6 0.272730 0.541896 0.009444 0.054011 0.511988
6 0.296845 0.537072 0.007666 0.057304 0.469552
6 0.599940 0.521600 0.020125 0.105363 0.564112
6 0.542010 0.491340 0.008294 0.053450 0.426791
6 0.273600 0.607567 0.010555 0.035602 0.479392
6 0.651733 0.491637 0.010691 0.064821 0.416323
6 0.012496 0.421998 0.024728 0.214396 0.482584
6 0.284747 0.600632 0.009885 0.037687 0.491713
6 0.506660 0.501747 0.011880 0.065467 0.366895
6 0.319334 0.129803 0.029786 0.106521 0.449104
6 0.302297 0.591089 0.007311 0.033761 0.411593
6 0.342096 0.087588 0.009383 0.024778 0.393981
6 0.300149 0.106029 0.013328 0.024964 0.356587
6 0.043044 0.344431 0.040667 0.059189 0.361412
6 0.333479 0.091212 0.009574 0.029498 0.371087
6 0.760944 0.327002 0.014882 0.074423 0.382048
6 0.260926 0.607735 0.008346 0.032492 0.367121
6 0.294119 0.597056 0.006543 0.039549 0.391079
6 0.340660 0.121386 0.012644 0.044110 0.364801
6 0.785054 0.308998 0.012363 0.086524 0.412754