0 0.487846 0.427771 0.008110 0.020373 0.398589
0 0.989782 0.464609 0.020222 0.058842 0.414248
1 0.517410 0.425447 0.036878 0.063788 0.498300
2 0.638571 0.432024 0.138242 0.218864 0.671619
2 0.460917 0.435114 0.016837 0.033773 0.362761
3 0.429652 0.527827 0.034819 0.093035 0.782584
3 0.870028 0.557207 0.067186 0.115110 0.773483
3 0.228698 0.465256 0.027316 0.043154 0.604911
3 0.389547 0.488676 0.027708 0.068596 0.751087
4 0.343613 0.498377 0.015944 0.050320 0.355593
6 0.159448 0.107506 0.073585 0.168681 0.825593
6 0.429824 0.491013 0.036596 0.115917 0.761050
6 0.868700 0.512861 0.042609 0.138392 0.688581
6 0.343621 0.480612 0.017146 0.085592 0.719822
6 0.820881 0.436283 0.010855 0.051643 0.619744
6 0.951873 0.244789 0.017644 0.052036 0.532477
6 0.185004 0.519460 0.028911 0.140937 0.791259
6 0.848777 0.502666 0.019835 0.114074 0.395323
9 0.721106 0.710344 0.486848 0.567416 0.701731