0 0.607802 0.549425 0.037808 0.077449 0.452013
0 0.597672 0.536372 0.033641 0.064522 0.440620
3 0.663252 0.688232 0.079289 0.180327 0.752839
3 0.225100 0.848548 0.147652 0.300074 0.755790
3 0.098226 0.565938 0.082038 0.152813 0.545698
3 0.708229 0.571703 0.027981 0.056805 0.528538
3 0.740460 0.571675 0.030355 0.075986 0.386993
3 0.791902 0.598045 0.053806 0.110989 0.493661
3 0.831930 0.611408 0.071735 0.165395 0.557381
3 0.678354 0.555827 0.021901 0.045986 0.382404
4 0.074100 0.796148 0.147156 0.402671 0.502620
5 0.503890 0.637817 0.167808 0.355727 0.723289
6 0.238621 0.750013 0.125775 0.413712 0.871534
6 0.657197 0.613891 0.062785 0.213012 0.781943
6 0.054868 0.459130 0.026447 0.126624 0.755818
6 0.963390 0.516824 0.044651 0.214660 0.651375
6 0.020621 0.674522 0.041149 0.330180 0.477643
6 0.941178 0.115132 0.032786 0.135892 0.463209
6 0.873563 0.298599 0.017404 0.078287 0.478516
8 0.371834 0.379239 0.030054 0.074103 0.408108