0 0.409484 0.692705 0.141111 0.185355 0.695060
0 0.202056 0.790658 0.403263 0.417122 0.645576
0 0.467784 0.643635 0.074707 0.119952 0.628243
0 0.486127 0.612353 0.057573 0.108846 0.425945
3 0.852424 0.872645 0.201257 0.253020 0.532806
3 0.535655 0.615966 0.045924 0.068593 0.545757
6 0.863763 0.790666 0.167191 0.412674 0.889815
6 0.625722 0.615127 0.022764 0.101914 0.611786
6 0.334941 0.609560 0.015138 0.088005 0.696997
6 0.528755 0.607703 0.020920 0.082518 0.532771
6 0.365907 0.599377 0.017563 0.028732 0.534646
6 0.591694 0.613579 0.016831 0.089886 0.437990
6 0.421759 0.590225 0.010371 0.020530 0.457062
8 0.244129 0.516425 0.120580 0.128313 0.452092
9 0.687402 0.603681 0.070458 0.186177 0.377461