0 0.316156 0.569272 0.062802 0.084321 0.611573
0 0.479104 0.558634 0.031843 0.052293 0.561005
0 0.696998 0.588337 0.059489 0.110990 0.432554
0 0.778676 0.573648 0.066278 0.057508 0.368605
1 0.503120 0.524366 0.033914 0.050998 0.462875
3 0.443550 0.742998 0.084191 0.237037 0.826682
3 0.248201 0.698234 0.073356 0.173937 0.764713
3 0.504578 0.606240 0.024683 0.070409 0.572250
6 0.962716 0.405411 0.020643 0.064704 0.714092
6 0.248383 0.642201 0.060329 0.200115 0.751575
6 0.374526 0.564116 0.012351 0.062578 0.589102
6 0.420085 0.398132 0.017239 0.052318 0.564232
6 0.403739 0.405296 0.015818 0.032744 0.534982
6 0.504948 0.577512 0.025572 0.093093 0.519545
6 0.443790 0.658481 0.074399 0.260863 0.682017
6 0.403277 0.553336 0.011707 0.048483 0.435698
6 0.559054 0.555768 0.010412 0.056557 0.440258
6 0.414837 0.587529 0.035711 0.095342 0.402607
6 0.382182 0.394728 0.016532 0.047841 0.400690
6 0.568383 0.555200 0.008396 0.053787 0.365571
6 0.992902 0.666070 0.014075 0.077437 0.368178
9 0.890519 0.831213 0.214194 0.325115 0.652750