1 0.251612 0.692260 0.140966 0.317355 0.509570
1 0.324525 0.622185 0.037043 0.151486 0.405394
1 0.423297 0.518397 0.051683 0.048551 0.368509
2 0.565497 0.617373 0.175896 0.277244 0.440767
2 0.394037 0.643591 0.114811 0.229770 0.358504
2 0.074285 0.770096 0.148202 0.457554 0.356947
3 0.526939 0.713766 0.183572 0.225298 0.750436
3 0.706565 0.674948 0.086568 0.161219 0.791811
3 0.378095 0.761202 0.077892 0.208924 0.768836
3 0.858821 0.644955 0.056936 0.132565 0.709614
3 0.931829 0.634757 0.087103 0.136208 0.624856
3 0.979823 0.651249 0.039640 0.138755 0.574339
3 0.141756 0.685121 0.072036 0.136956 0.446059
6 0.378774 0.672818 0.071214 0.242590 0.824886
6 0.905276 0.254082 0.039874 0.143958 0.719644
6 0.701694 0.624610 0.063078 0.176533 0.827222
6 0.743341 0.283525 0.052168 0.124532 0.684965
6 0.516946 0.684393 0.101420 0.288563 0.857874