0 0.852959 0.752921 0.293657 0.367185 0.734893
2 0.726283 0.638110 0.130368 0.270451 0.438357
3 0.452837 0.706313 0.075405 0.171144 0.709001
3 0.059560 0.829654 0.118506 0.338846 0.544790
3 0.536536 0.669012 0.054627 0.135035 0.681740
3 0.632299 0.671624 0.082728 0.134835 0.573155
3 0.576217 0.638874 0.044261 0.109234 0.524792
3 0.252699 0.677589 0.048128 0.139142 0.565686
3 0.415447 0.582525 0.041110 0.049609 0.360196
3 0.263395 0.644257 0.049980 0.122119 0.518002
3 0.211717 0.861157 0.121938 0.275947 0.404524
3 0.138791 0.829631 0.267632 0.338077 0.364427
3 0.487198 0.636806 0.022894 0.088243 0.400586
6 0.372399 0.684449 0.061031 0.260680 0.791333
6 0.438287 0.441009 0.018464 0.038776 0.572213
6 0.125624 0.734022 0.120517 0.522499 0.793194
6 0.314566 0.384685 0.017063 0.036783 0.448098
6 0.538409 0.622910 0.048512 0.156832 0.602588
6 0.614179 0.588025 0.034523 0.103327 0.484120
6 0.486215 0.569671 0.026085 0.059499 0.487586
6 0.395596 0.574980 0.011258 0.061007 0.486628
6 0.206136 0.365630 0.019927 0.038066 0.433423
6 0.342164 0.385228 0.014252 0.037081 0.425831
6 0.329102 0.384966 0.017400 0.035657 0.452497
6 0.263172 0.373278 0.013264 0.031774 0.418615
6 0.258836 0.336909 0.015438 0.041394 0.400773
6 0.313606 0.344950 0.017290 0.034710 0.436331
6 0.339061 0.305957 0.017216 0.039011 0.375763
6 0.328904 0.345681 0.013813 0.033371 0.421419
6 0.301198 0.341377 0.011206 0.031538 0.380933
6 0.238687 0.370160 0.012565 0.030830 0.398804
6 0.250147 0.371628 0.014644 0.030336 0.407485
6 0.559851 0.574429 0.026413 0.061908 0.388635
6 0.299090 0.383490 0.016790 0.037540 0.412778
6 0.485979 0.610147 0.026678 0.141257 0.351565
6 0.304154 0.302403 0.011981 0.026836 0.362865
6 0.247502 0.340004 0.015354 0.029604 0.358476
6 0.223613 0.368246 0.014117 0.034928 0.383221
6 0.235239 0.339705 0.013992 0.035294 0.351075
6 0.341757 0.347471 0.014721 0.033840 0.382850
6 0.438782 0.641881 0.047865 0.191382 0.526749