0 0.330783 0.626191 0.133928 0.216398 0.644572
0 0.467086 0.543926 0.029824 0.049300 0.628287
0 0.425952 0.530783 0.015291 0.022887 0.586516
0 0.236175 0.517226 0.026931 0.041946 0.547657
0 0.678686 0.554825 0.054209 0.048220 0.499590
0 0.267360 0.545993 0.050776 0.087252 0.479397
0 0.186042 0.507348 0.028709 0.050606 0.362448
0 0.160874 0.509299 0.027271 0.050695 0.355588
2 0.404758 0.520859 0.023878 0.033291 0.382056
2 0.445109 0.523955 0.013109 0.030173 0.393207
3 0.157673 0.528986 0.017590 0.040772 0.411005
6 0.320780 0.566205 0.030366 0.057342 0.462009
6 0.145101 0.513316 0.011299 0.050477 0.361187
6 0.099840 0.511780 0.014457 0.060810 0.363863
6 0.209556 0.516957 0.013673 0.051724 0.412777
6 0.060645 0.515435 0.013283 0.065011 0.351893
7 0.404384 0.486869 0.004933 0.018190 0.434415
8 0.121218 0.360070 0.060028 0.043776 0.357023
9 0.750087 0.702524 0.493893 0.337936 0.528558