0 0.489343 0.521027 0.056077 0.048061 0.435436
0 0.710487 0.499754 0.024237 0.044015 0.358406
1 0.762628 0.480862 0.098388 0.088687 0.376313
3 0.665168 0.681998 0.070602 0.211004 0.852714
6 0.590515 0.552151 0.024364 0.100829 0.662994
6 0.976264 0.678081 0.047158 0.343200 0.683986
6 0.841662 0.818197 0.212742 0.362297 0.709551
6 0.753083 0.613102 0.045045 0.190000 0.610071
6 0.361304 0.648867 0.055816 0.308473 0.547692
6 0.712419 0.622538 0.038716 0.193956 0.603743
6 0.052050 0.673672 0.071651 0.360654 0.519674
6 0.322430 0.389263 0.021005 0.061939 0.572649
6 0.662438 0.638559 0.076380 0.240125 0.520203
6 0.875955 0.581714 0.060145 0.131455 0.397344
6 0.207748 0.387783 0.021595 0.055227 0.526297
6 0.920757 0.700321 0.070327 0.359288 0.610657
6 0.319834 0.668368 0.039946 0.256075 0.481399
6 0.322553 0.472403 0.020863 0.067417 0.500464
6 0.467709 0.632121 0.018876 0.093674 0.494810
6 0.634653 0.587661 0.026352 0.146862 0.472813
6 0.268423 0.449665 0.058417 0.135351 0.384566
6 0.454121 0.554907 0.020043 0.087399 0.404356
6 0.485352 0.607188 0.033042 0.154635 0.530752
6 0.427333 0.541776 0.018036 0.080912 0.357520
6 0.210716 0.483515 0.034945 0.084344 0.393221
9 0.753848 0.591543 0.149145 0.147958 0.487262
9 0.411134 0.602998 0.062940 0.117584 0.401874