0 0.560657 0.559496 0.049760 0.112981 0.543879
2 0.801264 0.585732 0.147246 0.268181 0.410955
3 0.658179 0.689435 0.073282 0.240653 0.731523
3 0.408376 0.677002 0.059495 0.227303 0.714647
3 0.592047 0.587537 0.063408 0.094636 0.604201
3 0.360058 0.580232 0.066065 0.085702 0.628563
3 0.217790 0.663833 0.112661 0.263861 0.627744
3 0.279592 0.657017 0.118402 0.301639 0.650307
3 0.813412 0.821107 0.231211 0.354997 0.412499
6 0.796356 0.763160 0.131203 0.470814 0.679315
6 0.537922 0.557995 0.026300 0.144037 0.589762
6 0.598885 0.564097 0.038538 0.140568 0.586756
6 0.514830 0.632671 0.041867 0.254528 0.577057
6 0.466376 0.688483 0.090279 0.456068 0.482856
6 0.910054 0.693342 0.066436 0.336446 0.706876
6 0.657117 0.609241 0.070604 0.229517 0.613850
6 0.412738 0.532886 0.014366 0.080051 0.470757
6 0.404399 0.532593 0.015259 0.087302 0.483152
6 0.343152 0.536230 0.022346 0.062999 0.382097
6 0.362275 0.542663 0.020341 0.101287 0.461085
6 0.700689 0.565928 0.031101 0.125087 0.505741
6 0.245600 0.540205 0.045211 0.081323 0.434588
6 0.404268 0.172978 0.028181 0.069308 0.427986
6 0.511691 0.518417 0.022248 0.081091 0.361799
6 0.556008 0.488749 0.010990 0.031724 0.356737
6 0.762882 0.656654 0.062682 0.244520 0.355415
6 0.494971 0.200926 0.036212 0.079699 0.422271