0 0.233831 0.685645 0.247942 0.312377 0.747552
0 0.497995 0.644562 0.131511 0.208398 0.720340
0 0.604064 0.559979 0.076505 0.108839 0.664002
0 0.386745 0.588505 0.058444 0.114398 0.648158
0 0.433235 0.549537 0.038119 0.063580 0.576194
0 0.487869 0.529920 0.052630 0.029735 0.437885
0 0.566459 0.536054 0.022054 0.055100 0.417908
1 0.463595 0.495574 0.027570 0.037804 0.394878
2 0.862795 0.499505 0.273600 0.998143 0.515190
3 0.025614 0.827295 0.050898 0.275243 0.640776
3 0.353994 0.637615 0.032895 0.084821 0.432061
6 0.696357 0.540140 0.012886 0.063383 0.646176
6 0.352937 0.597963 0.042931 0.156362 0.776235
6 0.446699 0.551557 0.022365 0.066848 0.657678
6 0.553908 0.526168 0.006776 0.024767 0.356639
7 0.354050 0.491277 0.013693 0.050477 0.369270
9 0.730392 0.782951 0.371805 0.424516 0.387949