1 0.438178 0.599336 0.072340 0.155432 0.482144
3 0.404435 0.684279 0.055669 0.177350 0.770602
3 0.303649 0.645957 0.042278 0.109865 0.696618
3 0.200167 0.723194 0.072251 0.199535 0.739581
3 0.556240 0.591234 0.024794 0.064642 0.619086
3 0.072052 0.801264 0.143263 0.296567 0.604143
3 0.580441 0.599095 0.033574 0.063972 0.626757
3 0.334007 0.582041 0.016438 0.056943 0.461771
3 0.323116 0.588463 0.017370 0.066895 0.483831
3 0.983701 0.582435 0.032338 0.084118 0.369611
6 0.406911 0.627679 0.055519 0.192780 0.831816
6 0.152025 0.597539 0.043354 0.163174 0.547518
6 0.627906 0.574596 0.019467 0.073263 0.491207
6 0.354184 0.545611 0.008887 0.033747 0.421267
9 0.897620 0.585039 0.096515 0.064911 0.422509