0 0.714372 0.779793 0.314698 0.427325 0.651508
0 0.163579 0.672243 0.326110 0.653155 0.418979
0 0.889647 0.704885 0.191801 0.285891 0.495619
1 0.373653 0.605704 0.142229 0.313703 0.685217
1 0.951198 0.539402 0.097003 0.194604 0.621700
1 0.599349 0.590968 0.127913 0.225171 0.525406
1 0.459898 0.549618 0.036561 0.074045 0.468720
1 0.861169 0.532265 0.108939 0.076001 0.470792
2 0.728401 0.513040 0.161696 0.137949 0.428362
3 0.505424 0.739431 0.044605 0.175449 0.615315
3 0.445254 0.856408 0.093084 0.198790 0.616506
3 0.964805 0.838926 0.069434 0.318982 0.356683
6 0.452397 0.750288 0.088081 0.312200 0.612465
6 0.504874 0.657967 0.055247 0.171249 0.553055
6 0.980217 0.812043 0.039302 0.369926 0.579526