0 0.622744 0.569100 0.071082 0.142041 0.462635
2 0.427885 0.583222 0.053876 0.141578 0.422336
2 0.192695 0.739863 0.384806 0.517914 0.457504
3 0.561113 0.644614 0.040455 0.098506 0.667758
3 0.933938 0.831995 0.130480 0.322796 0.670591
5 0.694162 0.603614 0.091279 0.200571 0.506879
5 0.487477 0.626860 0.103401 0.223032 0.530249
6 0.940300 0.717790 0.116422 0.375102 0.759491
6 0.751771 0.569138 0.026179 0.133001 0.590114
6 0.876777 0.579127 0.034444 0.132873 0.627124
6 0.838684 0.581281 0.038034 0.148603 0.597741
6 0.559832 0.598485 0.042771 0.120391 0.644672
6 0.857553 0.580403 0.024607 0.159031 0.499676
6 0.581925 0.554877 0.016110 0.082691 0.489275
6 0.350947 0.794233 0.105110 0.397266 0.458256
6 0.977235 0.584373 0.041180 0.159313 0.484105
6 0.782605 0.566668 0.021227 0.100617 0.421228
6 0.925420 0.537690 0.026866 0.051230 0.413072