0 0.203917 0.664466 0.188655 0.269973 0.667547
0 0.621998 0.749654 0.307501 0.468500 0.608418
0 0.961569 0.586694 0.076410 0.165750 0.469421
0 0.760401 0.564718 0.068416 0.067920 0.362493
0 0.859347 0.584733 0.133029 0.098508 0.411116
1 0.735135 0.508454 0.179422 0.072403 0.560485
1 0.297779 0.586322 0.095273 0.165613 0.501715
1 0.359834 0.558629 0.051979 0.112578 0.472321
2 0.056401 0.633221 0.112376 0.287019 0.504006
3 0.130181 0.572200 0.018126 0.049010 0.461429
6 0.825726 0.549476 0.028256 0.061686 0.521868
6 0.410722 0.548426 0.014633 0.073717 0.493214
6 0.402423 0.545065 0.009470 0.059958 0.408198
9 0.697516 0.679489 0.599810 0.303277 0.365505