3 0.927480 0.824814 0.144399 0.348185 0.712656
3 0.629352 0.583477 0.021634 0.068783 0.589241
3 0.353452 0.657008 0.072258 0.181902 0.524706
3 0.537161 0.574833 0.037954 0.072601 0.477717
3 0.780039 0.613648 0.074155 0.131065 0.360873
3 0.398586 0.601365 0.056010 0.098268 0.357895
3 0.588823 0.580181 0.042261 0.075585 0.406272
3 0.367929 0.614899 0.078827 0.100973 0.378596
3 0.742057 0.605579 0.030824 0.101030 0.352219
4 0.440524 0.641432 0.031379 0.079085 0.460468
6 0.782309 0.643001 0.031843 0.197110 0.753352
6 0.943966 0.753814 0.111264 0.484677 0.794053
6 0.504942 0.578938 0.023284 0.122634 0.739241
6 0.443085 0.608445 0.027688 0.113301 0.753038
6 0.302735 0.610298 0.034032 0.183252 0.652094
6 0.903437 0.620297 0.042307 0.129225 0.730121
6 0.188519 0.610727 0.016213 0.078131 0.388341
6 0.596243 0.562257 0.027279 0.082280 0.524755
6 0.713387 0.576070 0.025333 0.134178 0.484509
6 0.694322 0.569793 0.020232 0.103528 0.378372
6 0.671964 0.587405 0.021791 0.133380 0.407338
6 0.656169 0.588190 0.023555 0.137003 0.460396