0 0.469175 0.564043 0.060166 0.098635 0.650891
0 0.668866 0.580432 0.083516 0.106917 0.641181
0 0.757839 0.588147 0.093147 0.112586 0.589539
0 0.699758 0.555457 0.030928 0.064656 0.415692
5 0.099510 0.589736 0.197264 0.289472 0.392980
5 0.404846 0.544763 0.036877 0.079448 0.433337
6 0.263243 0.565829 0.029918 0.144902 0.751438
6 0.238548 0.581445 0.023836 0.120883 0.740495
6 0.381516 0.538910 0.010774 0.047471 0.640008
6 0.628293 0.546932 0.009896 0.047472 0.543855
6 0.100170 0.502278 0.048654 0.109397 0.605926
6 0.041929 0.497085 0.025275 0.081904 0.602539
6 0.022047 0.486167 0.041915 0.098676 0.628731
6 0.285333 0.576485 0.026783 0.125135 0.692394
6 0.335755 0.533562 0.014813 0.055768 0.373188
6 0.222894 0.568601 0.011685 0.047431 0.418658
6 0.428405 0.526219 0.006560 0.027883 0.368825
6 0.587621 0.541432 0.007901 0.038226 0.407445
6 0.278565 0.513642 0.006601 0.021162 0.384838
6 0.570433 0.535212 0.005370 0.024794 0.362416
8 0.569325 0.293884 0.033052 0.078577 0.457946
8 0.511957 0.425461 0.013091 0.030455 0.362365