0 0.831835 0.737660 0.335887 0.521839 0.679152
0 0.635359 0.541570 0.021881 0.030388 0.480387
2 0.282602 0.609207 0.184895 0.417568 0.578209
2 0.684896 0.532304 0.058965 0.126050 0.409918
3 0.067082 0.584890 0.073808 0.092887 0.739069
3 0.616034 0.680022 0.108893 0.166243 0.753742
3 0.179167 0.595940 0.026417 0.075222 0.532746
5 0.476254 0.717302 0.192491 0.431544 0.540435
6 0.134304 0.561960 0.026215 0.114956 0.719480
6 0.600190 0.618852 0.078193 0.211037 0.734489
6 0.066503 0.553005 0.036178 0.107797 0.575395
6 0.935611 0.423721 0.029667 0.118113 0.421341