0 0.486071 0.690324 0.120297 0.191215 0.674722
0 0.564055 0.603071 0.031928 0.052672 0.629967
0 0.529549 0.616214 0.043316 0.075518 0.561312
0 0.551303 0.578985 0.020657 0.022665 0.392347
1 0.222743 0.595565 0.153306 0.078295 0.490298
2 0.507440 0.570701 0.051797 0.051885 0.432135
3 0.725414 0.671524 0.039081 0.107442 0.766112
3 0.592717 0.631406 0.020758 0.067710 0.753856
6 0.292084 0.688530 0.048279 0.210135 0.642429
6 0.725337 0.644646 0.036677 0.120679 0.585397
6 0.265545 0.691190 0.039140 0.197766 0.412813