1 0.495054 0.710928 0.243749 0.542766 0.737930
2 0.606345 0.529733 0.092209 0.133856 0.377834
3 0.854691 0.709903 0.110655 0.181145 0.593911
3 0.906813 0.622834 0.079582 0.221811 0.415714
3 0.207571 0.860791 0.223992 0.276473 0.399702
5 0.729547 0.587048 0.102234 0.173245 0.389363
6 0.233401 0.780906 0.188590 0.435656 0.770831
6 0.113330 0.744375 0.107241 0.499879 0.713563
6 0.855434 0.623717 0.088237 0.237105 0.681126
6 0.322090 0.651082 0.047480 0.291959 0.685766
6 0.980785 0.611352 0.027576 0.160824 0.595664
6 0.286359 0.564872 0.033736 0.098103 0.533428
6 0.268207 0.642403 0.080095 0.243008 0.450707
6 0.352117 0.570157 0.029959 0.124489 0.484417
6 0.368461 0.598679 0.046887 0.176881 0.440968
6 0.896278 0.559172 0.055419 0.102286 0.422548
9 0.802653 0.788140 0.388657 0.411210 0.640137