0 0.408603 0.561803 0.066283 0.104996 0.643367
0 0.370406 0.535985 0.033174 0.056945 0.557623
1 0.441503 0.503176 0.016866 0.078472 0.500503
2 0.484032 0.510446 0.071996 0.147426 0.636047
3 0.287080 0.651127 0.070434 0.199626 0.854833
3 0.081772 0.526930 0.051819 0.071166 0.624307
3 0.135739 0.538051 0.057664 0.061918 0.622431
6 0.292346 0.610667 0.057322 0.183458 0.712029
6 0.548605 0.401910 0.011396 0.043354 0.496255
6 0.790009 0.546606 0.014664 0.070641 0.440730
6 0.319974 0.516986 0.010709 0.057618 0.467631
6 0.238932 0.523058 0.013616 0.072816 0.571098
6 0.335744 0.553304 0.019414 0.085108 0.707901
6 0.428942 0.384893 0.015500 0.063133 0.360676
6 0.341527 0.467663 0.012084 0.031721 0.398068
6 0.703557 0.533841 0.008852 0.046421 0.418381
6 0.231722 0.498903 0.010008 0.042439 0.386593
6 0.331449 0.471664 0.009729 0.045315 0.423025
6 0.592117 0.305264 0.010445 0.049860 0.379951
6 0.313334 0.514607 0.007738 0.059743 0.392909
8 0.347799 0.244811 0.098893 0.129545 0.412470
9 0.710807 0.765599 0.389532 0.460854 0.414249