0 0.696364 0.528069 0.090652 0.085787 0.572683
1 0.204210 0.733279 0.311959 0.530371 0.589973
3 0.965100 0.600112 0.068845 0.105192 0.411206
3 0.928327 0.542992 0.057425 0.070579 0.379305
5 0.505340 0.635462 0.160740 0.358544 0.732008
6 0.779793 0.384562 0.035405 0.104752 0.434609
6 0.790371 0.467108 0.019614 0.053521 0.380404
6 0.733059 0.466280 0.018632 0.053102 0.388620
6 0.772143 0.465835 0.017653 0.053516 0.382815
6 0.029040 0.419695 0.057816 0.224446 0.379509
6 0.753250 0.465989 0.017778 0.051729 0.391568
6 0.090594 0.378717 0.086050 0.365840 0.384735
6 0.029842 0.665016 0.059132 0.402809 0.445773
9 0.781834 0.778529 0.421339 0.436450 0.412042