0 0.877986 0.784019 0.243485 0.430626 0.735349
0 0.613659 0.613339 0.122264 0.180436 0.662635
0 0.106516 0.783574 0.212509 0.425389 0.662403
2 0.866846 0.546911 0.265271 0.433114 0.656855
2 0.062860 0.552498 0.124803 0.105412 0.479423
2 0.505301 0.563171 0.035333 0.082476 0.439122
2 0.704242 0.526142 0.060604 0.079673 0.388362
2 0.168206 0.543417 0.092663 0.132204 0.384191
2 0.292378 0.532255 0.038935 0.092616 0.424935
2 0.104076 0.512396 0.055004 0.075593 0.376461
3 0.536429 0.553023 0.009795 0.028391 0.678107
5 0.434414 0.634727 0.100644 0.220933 0.672649
6 0.261336 0.555130 0.014269 0.061192 0.559698
9 0.284572 0.646710 0.214382 0.137426 0.407771