0 0.603866 0.485066 0.018636 0.036425 0.509364
0 0.585170 0.483844 0.022995 0.043207 0.420608
1 0.530163 0.481399 0.028388 0.057035 0.433983
3 0.354096 0.612848 0.081851 0.171632 0.714920
3 0.238136 0.711093 0.117407 0.273279 0.773182
3 0.745571 0.522352 0.029282 0.079406 0.555713
3 0.625873 0.534732 0.028428 0.079226 0.669565
3 0.506529 0.499686 0.015378 0.054492 0.496547
3 0.719232 0.554814 0.038593 0.117340 0.499067
3 0.643421 0.498593 0.012989 0.051876 0.396325
3 0.462390 0.531859 0.025872 0.081096 0.429573
3 0.556950 0.488268 0.010946 0.031137 0.383399
3 0.834339 0.615652 0.035104 0.096814 0.375190
6 0.226828 0.519838 0.037754 0.179835 0.796090
6 0.876026 0.627446 0.063703 0.333554 0.818864
6 0.284582 0.512830 0.022293 0.167753 0.790800
6 0.911754 0.683707 0.061064 0.234976 0.690538
6 0.626263 0.506558 0.028615 0.091874 0.566715
6 0.345893 0.478879 0.018651 0.115410 0.711543
6 0.520919 0.495618 0.009014 0.052175 0.418173
6 0.529041 0.491937 0.008931 0.050142 0.391419
8 0.081850 0.382291 0.072117 0.173673 0.363811