0 0.403050 0.628115 0.129418 0.223983 0.720055
0 0.564144 0.612751 0.115174 0.159639 0.609547
0 0.820242 0.592542 0.098430 0.101384 0.606248
0 0.526215 0.570608 0.058242 0.104697 0.535272
0 0.485749 0.546114 0.018804 0.044879 0.419134
0 0.511731 0.551957 0.041214 0.083387 0.454169
2 0.223742 0.549279 0.172138 0.288723 0.595113
2 0.606497 0.525655 0.036092 0.063892 0.480381
3 0.537634 0.712272 0.072773 0.209856 0.785355
3 0.321868 0.593618 0.029571 0.084309 0.568651
3 0.204355 0.770066 0.150622 0.252205 0.418508
6 0.013825 0.584307 0.027528 0.246272 0.768765
6 0.049474 0.596392 0.041249 0.239502 0.781731
6 0.341363 0.574959 0.019141 0.136242 0.713471
6 0.160461 0.628614 0.040543 0.217887 0.753917
6 0.236215 0.648865 0.075028 0.204941 0.423045
9 0.816528 0.752528 0.362354 0.299493 0.606382