0 0.620066 0.625771 0.075333 0.128782 0.636800
0 0.958608 0.619802 0.082480 0.069436 0.606484
0 0.366471 0.578753 0.036177 0.081440 0.374169
0 0.835885 0.586746 0.043326 0.078495 0.450169
0 0.099138 0.634783 0.113175 0.142629 0.433194
1 0.438130 0.551358 0.083831 0.140237 0.647440
1 0.037182 0.523964 0.074004 0.168177 0.545222
3 0.555309 0.671706 0.047497 0.138081 0.610123
3 0.668068 0.678057 0.047129 0.117684 0.680156
3 0.020700 0.647070 0.040971 0.103490 0.575584
3 0.526900 0.643163 0.027897 0.084958 0.548855
5 0.211480 0.678093 0.279621 0.400802 0.562592
6 0.388407 0.585682 0.015289 0.080711 0.695390
6 0.554132 0.626376 0.047309 0.154725 0.652155
6 0.500934 0.573580 0.015135 0.055605 0.617205
6 0.526769 0.604685 0.027565 0.103820 0.636597
6 0.666485 0.632001 0.043413 0.136677 0.665612
6 0.547903 0.472088 0.010494 0.030384 0.532530
6 0.016411 0.611901 0.032654 0.125607 0.613726
6 0.396979 0.466173 0.014752 0.042546 0.502022
6 0.600024 0.557219 0.007010 0.019108 0.402641
6 0.372251 0.455282 0.011578 0.030658 0.390083
6 0.319245 0.646760 0.029443 0.137370 0.371370
7 0.572688 0.371260 0.036882 0.013750 0.457541
9 0.849870 0.811029 0.294066 0.306868 0.455181