0 0.334062 0.669632 0.132581 0.171232 0.743247
0 0.590389 0.602632 0.027060 0.036076 0.615165
0 0.491850 0.583863 0.014023 0.020629 0.595509
0 0.456619 0.595631 0.029300 0.043211 0.615065
0 0.641811 0.617746 0.033332 0.051679 0.418387
1 0.548649 0.579566 0.016214 0.035542 0.355817
1 0.437146 0.566694 0.024566 0.038734 0.377160
1 0.472098 0.569246 0.018379 0.020338 0.371562
2 0.360406 0.567479 0.122894 0.136855 0.548450
3 0.617623 0.641787 0.026280 0.073773 0.843421
3 0.543214 0.597807 0.008014 0.027498 0.422622
6 0.760022 0.651458 0.024744 0.127574 0.878256
6 0.434880 0.603031 0.013138 0.060674 0.627989
6 0.529138 0.599730 0.019079 0.055795 0.672499
6 0.666846 0.611319 0.009466 0.057825 0.409650
6 0.472537 0.587283 0.007358 0.026918 0.389970
6 0.658962 0.612651 0.009623 0.055758 0.358035
9 0.826329 0.631821 0.342741 0.192337 0.403149