0 0.867580 0.464353 0.018990 0.032273 0.458267
3 0.306610 0.577226 0.093031 0.213661 0.721236
3 0.397018 0.565605 0.098945 0.165616 0.731109
3 0.482771 0.577820 0.066114 0.173241 0.778160
3 0.064289 0.608185 0.127865 0.208320 0.551981
3 0.017761 0.624311 0.035241 0.179244 0.366076
5 0.596031 0.521467 0.107357 0.196153 0.577157
6 0.968528 0.349985 0.016857 0.071067 0.369375
6 0.073955 0.393657 0.029028 0.139891 0.383543
6 0.956470 0.347697 0.019102 0.077573 0.366172
8 0.316333 0.110632 0.059167 0.219694 0.408769
8 0.351472 0.203786 0.035759 0.073542 0.361596
9 0.937260 0.518588 0.121013 0.134015 0.352513