0 0.028937 0.761183 0.057626 0.474787 0.352245
1 0.676183 0.544796 0.023276 0.043243 0.364028
1 0.481388 0.545626 0.020632 0.056759 0.376802
1 0.269924 0.589496 0.095319 0.166344 0.381382
2 0.567591 0.557870 0.064390 0.154896 0.561094
2 0.524034 0.564798 0.026532 0.093832 0.435535
2 0.152451 0.645619 0.140360 0.271519 0.435051
3 0.746062 0.657662 0.048232 0.130278 0.775865
3 0.843537 0.604557 0.056462 0.074093 0.462517
3 0.644257 0.569986 0.017977 0.046141 0.496103
3 0.887712 0.618956 0.041829 0.087667 0.485584
3 0.609705 0.546814 0.008641 0.029516 0.411640
3 0.629951 0.552427 0.010400 0.032885 0.397919
3 0.799116 0.587704 0.027312 0.063700 0.366198
3 0.772578 0.578705 0.026993 0.056290 0.386468
5 0.404630 0.700580 0.174502 0.383542 0.646742
6 0.227779 0.647015 0.041825 0.240743 0.735408
6 0.747465 0.602337 0.046078 0.141146 0.680971
6 0.924996 0.606450 0.029330 0.127621 0.556719
6 0.058476 0.493101 0.008301 0.025708 0.360325
6 0.068590 0.495590 0.008522 0.028925 0.366646
9 0.656176 0.653618 0.067426 0.150145 0.464305