3 0.272775 0.670476 0.087292 0.210361 0.559584
3 0.389449 0.633994 0.046116 0.099473 0.407844
3 0.359960 0.594326 0.026023 0.079735 0.402900
3 0.814198 0.557060 0.034383 0.062624 0.382928
3 0.106549 0.810010 0.211825 0.373012 0.697832
5 0.512222 0.680644 0.202194 0.433917 0.671505
6 0.118488 0.731353 0.135483 0.437734 0.712363
6 0.248684 0.244574 0.032915 0.111169 0.597965
6 0.228383 0.411062 0.025916 0.079465 0.535444
6 0.022130 0.616243 0.044014 0.298503 0.640280
6 0.256141 0.412201 0.020599 0.071417 0.536717
6 0.073376 0.393478 0.035129 0.100435 0.551711
6 0.155143 0.403997 0.040560 0.092866 0.544832
6 0.140064 0.318775 0.024056 0.067929 0.509564
6 0.762496 0.151909 0.022121 0.058122 0.440656
6 0.747151 0.058749 0.016877 0.040535 0.412465
6 0.183081 0.330235 0.027713 0.064467 0.508628
6 0.114830 0.400536 0.034817 0.098742 0.540013
6 0.791049 0.527550 0.020939 0.082922 0.513312
6 0.164336 0.326055 0.018265 0.067644 0.504882
6 0.205427 0.333816 0.018719 0.059312 0.505440
6 0.957507 0.587906 0.025922 0.192381 0.493590
6 0.764676 0.101328 0.014530 0.031223 0.403589
6 0.712811 0.511372 0.016254 0.041891 0.461685
6 0.385777 0.555321 0.044906 0.142723 0.491337
6 0.196622 0.408159 0.027456 0.082256 0.555208
6 0.916969 0.515308 0.020792 0.063393 0.452189
6 0.765470 0.464043 0.015027 0.038076 0.408158
6 0.241936 0.342633 0.020438 0.056732 0.509856
6 0.109953 0.312905 0.023069 0.073815 0.374279
6 0.257853 0.343232 0.013886 0.048840 0.496732
6 0.737623 0.018085 0.018639 0.036155 0.409361
6 0.751376 0.101001 0.012747 0.030486 0.401501
6 0.738902 0.274766 0.069269 0.176063 0.482355
6 0.512108 0.598403 0.021294 0.034736 0.370275
6 0.661910 0.240999 0.015352 0.143617 0.375945
6 0.223407 0.336858 0.015025 0.054139 0.496114
6 0.709372 0.103340 0.012884 0.027416 0.405799
6 0.739209 0.148609 0.018102 0.050564 0.432314
6 0.282122 0.617037 0.079572 0.232575 0.536463
6 0.718732 0.153148 0.025199 0.055930 0.388961
6 0.715103 0.476097 0.021603 0.064579 0.365202
6 0.714371 0.019298 0.018212 0.038615 0.411890
6 0.709290 0.061794 0.016629 0.040782 0.410837
6 0.608168 0.490792 0.012318 0.034281 0.375934
6 0.103267 0.187498 0.091697 0.158312 0.532931
6 0.738187 0.103749 0.012099 0.032099 0.416563
6 0.757139 0.015737 0.013670 0.031165 0.413802
6 0.938777 0.529667 0.019905 0.093595 0.426949
6 0.729470 0.062248 0.014828 0.045976 0.430557
6 0.986769 0.548973 0.019192 0.121915 0.404427
6 0.674203 0.024274 0.023000 0.047021 0.380911
6 0.722641 0.104086 0.011619 0.031595 0.414890
6 0.686065 0.160754 0.036135 0.144832 0.353535
6 0.078778 0.303763 0.045321 0.094623 0.486920