0 0.196985 0.654880 0.181035 0.183695 0.722010
0 0.900906 0.553709 0.113581 0.141329 0.525901
0 0.491788 0.529483 0.019937 0.028915 0.399943
0 0.825779 0.589799 0.179552 0.178610 0.512365
0 0.734894 0.544541 0.037641 0.068019 0.455788
0 0.340447 0.570084 0.072915 0.081494 0.362981
6 0.325964 0.375686 0.014003 0.036412 0.689298
6 0.252861 0.551714 0.022025 0.070402 0.721913
6 0.455847 0.538304 0.015117 0.050578 0.447808
6 0.223727 0.548138 0.017156 0.033783 0.483746
6 0.368567 0.525149 0.010356 0.029164 0.368763
6 0.955333 0.521273 0.021417 0.077147 0.529883
9 0.785035 0.744252 0.426694 0.388430 0.676459