0 0.459469 0.594423 0.123732 0.192485 0.662228
0 0.593326 0.529405 0.075877 0.080144 0.548379
0 0.398797 0.534977 0.040831 0.082539 0.504838
0 0.338695 0.511584 0.020574 0.046787 0.440816
0 0.924798 0.590324 0.105305 0.129901 0.446854
1 0.153796 0.439095 0.307062 0.877652 0.882408
2 0.362140 0.495122 0.015398 0.039509 0.364450
3 0.766295 0.629967 0.067747 0.113967 0.758096
3 0.961432 0.734608 0.076042 0.144558 0.569894
3 0.690230 0.531994 0.028332 0.037772 0.524296
3 0.597457 0.570568 0.039521 0.079908 0.447463
6 0.768019 0.587747 0.050094 0.149019 0.709522
6 0.690457 0.525237 0.011129 0.052772 0.587260
6 0.917542 0.513489 0.011976 0.026645 0.564736
6 0.379694 0.505379 0.008549 0.035006 0.449797
6 0.974463 0.674682 0.050629 0.274517 0.371735
8 0.618037 0.211303 0.114334 0.207341 0.383143
9 0.747816 0.744671 0.501633 0.499680 0.725569