0 0.571804 0.524766 0.037532 0.041240 0.481033
2 0.160527 0.553137 0.220697 0.238226 0.533855
2 0.618700 0.556982 0.074718 0.104019 0.434411
2 0.448108 0.544226 0.060414 0.092646 0.425377
3 0.061007 0.839896 0.120556 0.316980 0.660900
3 0.313657 0.575486 0.043800 0.068325 0.427705
5 0.373309 0.650749 0.153550 0.294105 0.707834
6 0.049515 0.622712 0.036868 0.193382 0.776658
6 0.265603 0.585160 0.023921 0.128169 0.630765
6 0.499240 0.522736 0.008257 0.045920 0.653050
6 0.295287 0.568295 0.029690 0.124129 0.644417
6 0.049171 0.834031 0.097767 0.329508 0.630697
6 0.513764 0.523709 0.009699 0.044155 0.585941
6 0.887305 0.363010 0.059405 0.116638 0.400274
6 0.317730 0.553723 0.021758 0.090202 0.490149
6 0.433615 0.543942 0.010899 0.059026 0.458334
6 0.270374 0.523260 0.011003 0.048661 0.434215