0 0.455461 0.570116 0.064150 0.110526 0.715283
0 0.902053 0.681480 0.195502 0.329642 0.645955
0 0.377152 0.520938 0.009237 0.024198 0.468307
0 0.272140 0.552073 0.056591 0.089443 0.438348
0 0.482186 0.536186 0.009349 0.029497 0.362603
2 0.351149 0.509744 0.046928 0.099088 0.583017
3 0.202737 0.591933 0.032968 0.093877 0.739378
3 0.014147 0.550067 0.028043 0.062993 0.361671
6 0.140444 0.529509 0.015242 0.079229 0.750620
6 0.630823 0.554742 0.013384 0.061369 0.723614
6 0.787113 0.549606 0.012911 0.056109 0.664991
6 0.821960 0.561964 0.011198 0.042131 0.572511
6 0.573425 0.539647 0.008870 0.036008 0.501764
6 0.400515 0.517788 0.005423 0.022266 0.352146
6 0.806809 0.556024 0.010323 0.043071 0.357639
8 0.152321 0.363387 0.080869 0.060203 0.430909
9 0.723867 0.771452 0.481893 0.447432 0.621321