0 0.520804 0.616773 0.053319 0.079646 0.660538
0 0.591337 0.590095 0.030808 0.038999 0.631615
0 0.761166 0.588075 0.088095 0.063892 0.489136
0 0.541684 0.581506 0.015462 0.030201 0.398227
0 0.795425 0.606418 0.036905 0.061028 0.453990
3 0.451626 0.702585 0.055490 0.143193 0.800117
3 0.729162 0.697115 0.052050 0.119567 0.748756
6 0.659502 0.610404 0.017113 0.074066 0.762790
6 0.731985 0.650397 0.045695 0.139465 0.671242
6 0.482278 0.574552 0.008473 0.039772 0.373303
6 0.470055 0.580673 0.011258 0.050104 0.400363