0 0.679643 0.613885 0.063045 0.079405 0.705010
0 0.392012 0.594020 0.027792 0.052599 0.443374
0 0.517353 0.584854 0.013157 0.026203 0.383457
1 0.594021 0.559396 0.077818 0.180594 0.688677
1 0.545798 0.578924 0.023194 0.065064 0.404715
1 0.441506 0.587721 0.024074 0.052747 0.396968
2 0.359859 0.597862 0.042259 0.084702 0.429182
3 0.481161 0.632947 0.020123 0.060450 0.585855
3 0.138918 0.690721 0.044269 0.130850 0.760216
3 0.503255 0.620533 0.018304 0.056556 0.566875
6 0.147900 0.658383 0.050555 0.169811 0.751134
6 0.220441 0.627054 0.023196 0.133375 0.611597
6 0.287343 0.640825 0.026922 0.152803 0.612800
6 0.348497 0.604930 0.017753 0.091224 0.550612
6 0.250699 0.628856 0.025735 0.126791 0.594109
6 0.503116 0.601171 0.019015 0.076127 0.519510
6 0.274156 0.629853 0.018442 0.124279 0.506860
6 0.480948 0.605911 0.020448 0.085966 0.556825
6 0.337311 0.606145 0.011130 0.071507 0.373383
6 0.306019 0.601516 0.015593 0.076523 0.376906
8 0.384453 0.536040 0.012795 0.031311 0.391480
8 0.091862 0.425166 0.015724 0.056713 0.350795