0 0.606884 0.601286 0.143144 0.163378 0.723191
0 0.876437 0.584214 0.127124 0.083636 0.709187
0 0.734651 0.574461 0.065461 0.074543 0.485955
0 0.288899 0.558922 0.042506 0.071717 0.387921
1 0.473612 0.535190 0.157691 0.125823 0.856989
3 0.417136 0.574271 0.024042 0.054483 0.660022
3 0.275112 0.625147 0.040042 0.090929 0.542803
6 0.203224 0.728921 0.084218 0.449764 0.828707
6 0.071113 0.602525 0.064958 0.266657 0.704799
6 0.392709 0.612368 0.033649 0.167751 0.690745
6 0.357152 0.629187 0.048210 0.232545 0.680798
6 0.115060 0.607619 0.057428 0.276650 0.673209
6 0.169144 0.601480 0.045826 0.223366 0.667982
6 0.314440 0.589524 0.021710 0.131940 0.558135
6 0.274590 0.599706 0.042762 0.141075 0.366102
6 0.333842 0.593381 0.016180 0.120082 0.484735
6 0.228641 0.553793 0.018101 0.068112 0.380283
9 0.956509 0.665061 0.083123 0.083890 0.410520