0 0.454978 0.586968 0.081286 0.121942 0.647910
0 0.597658 0.590416 0.082871 0.113312 0.598579
0 0.507144 0.563438 0.042115 0.087887 0.396513
0 0.626827 0.556971 0.023220 0.047311 0.360010
0 0.709892 0.569054 0.040833 0.070089 0.402589
3 0.517240 0.576781 0.021902 0.066542 0.538269
5 0.816268 0.585731 0.062437 0.108600 0.554982
5 0.323202 0.568945 0.088405 0.147851 0.493680
6 0.097067 0.625530 0.042810 0.207870 0.737467
6 0.267543 0.580292 0.028465 0.133647 0.679143
6 0.244687 0.581019 0.020357 0.127193 0.677987
6 0.184086 0.582260 0.023844 0.102068 0.492086
6 0.410075 0.559221 0.011749 0.069022 0.393177
6 0.517483 0.561847 0.021172 0.075563 0.371101
9 0.816846 0.734391 0.361930 0.292826 0.457104