0 0.249129 0.682869 0.227287 0.304054 0.769718
1 0.478572 0.513422 0.035069 0.078627 0.611681
1 0.508170 0.518182 0.025746 0.036684 0.358346
3 0.571443 0.736135 0.085826 0.275503 0.804748
3 0.400826 0.673093 0.050920 0.166470 0.643116
3 0.918585 0.916270 0.161701 0.165644 0.621460
3 0.447266 0.737808 0.100114 0.297118 0.665007
3 0.362549 0.554065 0.015843 0.047631 0.526501
3 0.428931 0.546085 0.016047 0.044638 0.515772
5 0.699528 0.628314 0.191934 0.231953 0.564882
6 0.929828 0.782407 0.139771 0.432721 0.773741
6 0.577312 0.691430 0.075936 0.316260 0.777417
6 0.441102 0.687796 0.085732 0.297911 0.722517
6 0.403244 0.622889 0.059027 0.197276 0.669244
6 0.388087 0.534206 0.011831 0.056823 0.460395
6 0.730671 0.618214 0.053920 0.159156 0.360786
6 0.886383 0.774635 0.097124 0.447841 0.385616
8 0.781283 0.428025 0.029593 0.041219 0.432795