1 0.513715 0.525745 0.019130 0.040829 0.451216
2 0.544187 0.543860 0.027726 0.058080 0.398599
3 0.731281 0.626672 0.044279 0.100467 0.816738
3 0.414173 0.557575 0.013455 0.033023 0.389846
3 0.976558 0.736021 0.045763 0.157660 0.373437
5 0.454012 0.599100 0.076822 0.176315 0.665965
6 0.733516 0.589373 0.035570 0.114355 0.835923
6 0.915891 0.645483 0.036563 0.164239 0.735036
6 0.106956 0.554254 0.033509 0.131101 0.739742
6 0.386659 0.586627 0.024636 0.130412 0.721112
6 0.359325 0.590354 0.025411 0.119331 0.735616
6 0.187214 0.539389 0.015680 0.062286 0.658580
6 0.414588 0.545015 0.013752 0.060161 0.560271
6 0.561948 0.539752 0.010694 0.044911 0.395123
8 0.225183 0.435815 0.028991 0.037499 0.482652
9 0.717683 0.762113 0.464306 0.464916 0.707343