0 0.362029 0.691939 0.190406 0.289745 0.741847
0 0.494045 0.596061 0.088733 0.142478 0.682606
0 0.372684 0.536327 0.039535 0.031979 0.423241
0 0.297668 0.549580 0.043210 0.040761 0.408548
0 0.411817 0.557766 0.061934 0.066524 0.512554
0 0.464422 0.540945 0.028479 0.047622 0.415308
1 0.679629 0.534702 0.194148 0.225185 0.856263
1 0.538223 0.532557 0.050625 0.076007 0.491731
2 0.133961 0.589628 0.246405 0.543377 0.675688
3 0.567261 0.579255 0.022490 0.064809 0.755826
6 0.874324 0.587654 0.022965 0.115873 0.817194
6 0.059284 0.578003 0.051800 0.066920 0.525081
6 0.670152 0.515663 0.021420 0.053856 0.443024
6 0.326032 0.538178 0.017346 0.035935 0.425352
6 0.449873 0.543349 0.008371 0.040353 0.360376
8 0.910632 0.434501 0.025198 0.027593 0.358487