0 0.852884 0.623668 0.134673 0.187133 0.617728
1 0.618777 0.557588 0.350443 0.413675 0.948291
3 0.975880 0.700945 0.041681 0.086076 0.367984
6 0.122480 0.444181 0.028464 0.132546 0.793245
6 0.284149 0.628079 0.038319 0.192776 0.728184
6 0.935176 0.611209 0.038184 0.075385 0.705620
6 0.321812 0.628941 0.042739 0.193719 0.610197
6 0.339866 0.557018 0.030540 0.067901 0.508452
6 0.433752 0.580054 0.024667 0.106928 0.559485
6 0.965542 0.618698 0.024988 0.092950 0.667225
6 0.410163 0.556542 0.020434 0.082918 0.539561
6 0.500263 0.567943 0.046842 0.207338 0.615846
9 0.129262 0.657147 0.181826 0.241855 0.353326