0 0.435070 0.615871 0.153143 0.296877 0.529485
0 0.032037 0.876329 0.063889 0.246091 0.393974
3 0.293681 0.850794 0.153456 0.296243 0.554692
3 0.507096 0.564072 0.018037 0.069646 0.399236
6 0.913267 0.609563 0.038161 0.245905 0.818392
6 0.052842 0.651433 0.085689 0.431633 0.790147
6 0.317924 0.790122 0.118704 0.418270 0.795404
6 0.715901 0.774540 0.133253 0.448831 0.776793
6 0.092265 0.648264 0.048835 0.342355 0.732694
6 0.315896 0.541091 0.028055 0.097248 0.650881
6 0.337202 0.555947 0.022121 0.114294 0.643474
6 0.766023 0.588401 0.033567 0.172535 0.655015
6 0.299241 0.598251 0.069247 0.124755 0.620274
6 0.657119 0.550637 0.016645 0.033403 0.444550
6 0.200243 0.401753 0.014400 0.036785 0.388178
8 0.737617 0.421346 0.044794 0.121011 0.431017