0 0.108023 0.765813 0.215327 0.466670 0.455111
1 0.604282 0.569752 0.043947 0.102915 0.473065
2 0.363199 0.571323 0.056551 0.118377 0.399989
3 0.543420 0.581691 0.016753 0.056635 0.670017
3 0.646383 0.740014 0.078864 0.245093 0.730636
3 0.358547 0.728422 0.070379 0.180095 0.783638
3 0.825124 0.604434 0.111412 0.137772 0.401289
3 0.507440 0.561694 0.010628 0.027642 0.355865
3 0.516648 0.566661 0.010423 0.028110 0.362356
5 0.448703 0.628073 0.088122 0.192969 0.479896
6 0.658462 0.572426 0.014854 0.067201 0.538031
6 0.706273 0.602665 0.016923 0.036968 0.499253
6 0.358229 0.658358 0.071290 0.222903 0.811797
6 0.687889 0.603956 0.019051 0.036594 0.492031
6 0.172209 0.767277 0.071706 0.303432 0.405727
6 0.669563 0.557894 0.010988 0.096081 0.369949
6 0.550987 0.551176 0.008812 0.026533 0.378855
6 0.645120 0.671025 0.075265 0.245871 0.380418