0 0.639231 0.602681 0.070960 0.089514 0.743629
0 0.512212 0.571523 0.016140 0.026032 0.413573
0 0.862111 0.761781 0.275349 0.394454 0.744090
3 0.142098 0.746469 0.113712 0.255119 0.800519
3 0.495460 0.605140 0.019640 0.048659 0.637109
3 0.547934 0.618791 0.024479 0.072322 0.710165
3 0.453588 0.623040 0.027888 0.074239 0.676410
3 0.474266 0.595406 0.014313 0.041553 0.406012
6 0.150156 0.676035 0.084661 0.251396 0.804130
6 0.548945 0.594191 0.022452 0.087759 0.565389
6 0.455087 0.595932 0.025773 0.089919 0.520527
6 0.494213 0.587910 0.020008 0.060139 0.523054
6 0.895024 0.299514 0.019616 0.124130 0.414005
6 0.735035 0.437647 0.018088 0.070312 0.424529
6 0.521345 0.579027 0.009419 0.041566 0.394089
8 0.284600 0.400915 0.060065 0.022639 0.374057
9 0.220927 0.704817 0.437314 0.292273 0.381098