0 0.845715 0.577289 0.247069 0.194269 0.486858
2 0.106653 0.612127 0.123333 0.217457 0.512753
3 0.746810 0.692296 0.194735 0.219355 0.621046
3 0.981751 0.604293 0.035662 0.091046 0.487603
3 0.658592 0.600557 0.069815 0.097975 0.436851
3 0.788793 0.658005 0.150447 0.164944 0.360519
3 0.009025 0.645251 0.017885 0.092236 0.479830
5 0.463172 0.711048 0.371614 0.494066 0.716010
6 0.350072 0.316847 0.030525 0.045923 0.690123
6 0.323791 0.165678 0.025144 0.051226 0.653880
6 0.376484 0.173182 0.020798 0.051215 0.649964
6 0.357271 0.169685 0.020693 0.050238 0.661542
6 0.299326 0.573636 0.021683 0.099978 0.602184
6 0.222687 0.563293 0.018415 0.098642 0.571307
6 0.934076 0.525256 0.022983 0.069402 0.594258
6 0.760717 0.634923 0.074026 0.261228 0.367013
6 0.340574 0.166409 0.018129 0.047807 0.648489
6 0.335774 0.113598 0.017040 0.041017 0.600366
6 0.320898 0.106798 0.019264 0.048733 0.590963
6 0.015970 0.554379 0.015202 0.070678 0.547763
6 0.207305 0.561233 0.017431 0.096283 0.571540
6 0.362951 0.118167 0.014057 0.039183 0.619683
6 0.377508 0.115166 0.017672 0.050342 0.614752
6 0.908905 0.523465 0.023475 0.062822 0.499357
6 0.350036 0.121389 0.014279 0.034347 0.549007
6 0.280378 0.569032 0.017051 0.097925 0.566402
6 0.153752 0.547955 0.013114 0.059397 0.434233
6 0.675567 0.547323 0.018001 0.055353 0.405313
6 0.248431 0.559329 0.018625 0.084108 0.376034
6 0.694546 0.560406 0.027124 0.087182 0.380990
6 0.718720 0.561507 0.019636 0.092034 0.375299
6 0.032449 0.555145 0.011526 0.050719 0.364465
8 0.207345 0.348419 0.022371 0.064224 0.369363