0 0.539219 0.713709 0.327697 0.507293 0.749536
0 0.833204 0.701295 0.333223 0.464866 0.713711
1 0.209760 0.481579 0.419507 0.962683 0.876017
1 0.422958 0.438963 0.028872 0.177288 0.481044
1 0.456841 0.375082 0.024311 0.076495 0.402599
3 0.920542 0.869117 0.157579 0.259381 0.676400
6 0.988758 0.481927 0.021590 0.057550 0.649326
6 0.611737 0.456046 0.025908 0.056578 0.497671
6 0.939074 0.888248 0.121319 0.222416 0.457672
6 0.550121 0.445925 0.025916 0.037430 0.476989
6 0.584269 0.445636 0.021383 0.046246 0.466566
6 0.460313 0.449857 0.033353 0.057734 0.520251
6 0.599176 0.449628 0.016503 0.042218 0.397404
6 0.702606 0.465475 0.019931 0.076440 0.388881
8 0.925927 0.201260 0.060897 0.060069 0.385161