3 0.485754 0.820869 0.125987 0.354595 0.612395
3 0.976392 0.687173 0.046679 0.137342 0.483972
3 0.601764 0.654434 0.042265 0.087823 0.412920
5 0.817508 0.747760 0.290365 0.499010 0.618276
6 0.443676 0.579878 0.021298 0.096743 0.614933
6 0.453292 0.110167 0.017884 0.037242 0.516660
6 0.402854 0.156004 0.020929 0.044162 0.516414
6 0.483563 0.713329 0.107420 0.351943 0.781425
6 0.385389 0.079861 0.018915 0.034882 0.507367
6 0.434700 0.036038 0.015449 0.040011 0.508196
6 0.415399 0.077983 0.015299 0.035761 0.511282
6 0.460787 0.071565 0.020004 0.031919 0.523509
6 0.402750 0.112806 0.020499 0.037669 0.503448
6 0.450000 0.153086 0.018300 0.040386 0.502763
6 0.490171 0.109795 0.021381 0.040873 0.477209
6 0.386357 0.112458 0.011373 0.033477 0.462513
6 0.476519 0.069398 0.011842 0.029707 0.491254
6 0.436594 0.111346 0.015785 0.036861 0.502063
6 0.471911 0.109740 0.018626 0.039143 0.490476
6 0.389177 0.036998 0.015008 0.034390 0.507372
6 0.421135 0.154161 0.019449 0.044121 0.516131
6 0.464110 0.151887 0.014299 0.036882 0.501732
6 0.383818 0.157733 0.018657 0.041983 0.482131
6 0.400373 0.076794 0.013316 0.031249 0.499151
6 0.493113 0.150994 0.015164 0.040609 0.473385
6 0.407525 0.030640 0.017393 0.036614 0.470055
6 0.491592 0.035694 0.018643 0.048170 0.462219
6 0.436329 0.153307 0.016734 0.040934 0.496977
6 0.420438 0.111830 0.016722 0.036881 0.497568
6 0.479232 0.150767 0.017380 0.038654 0.502541
6 0.980938 0.617723 0.037509 0.196219 0.425356
6 0.489402 0.069479 0.008662 0.029264 0.467667
6 0.514211 0.565228 0.015874 0.102281 0.363064
6 0.473455 0.041199 0.013720 0.030584 0.457058
6 0.462888 0.027518 0.014904 0.033185 0.430586
6 0.940895 0.637498 0.031547 0.200340 0.411745