0 0.953952 0.673176 0.091785 0.235312 0.685403
0 0.499735 0.596276 0.066135 0.101577 0.677903
0 0.270941 0.610145 0.124723 0.148628 0.629710
0 0.015391 0.540172 0.030593 0.056138 0.488643
0 0.863079 0.607099 0.057056 0.163631 0.443181
2 0.398764 0.523071 0.081565 0.156983 0.429764
2 0.474935 0.545246 0.025326 0.064216 0.386788
2 0.176502 0.554257 0.074190 0.090078 0.353634
3 0.446605 0.563867 0.010774 0.029978 0.518440
3 0.459397 0.566810 0.008708 0.026467 0.396708
5 0.377483 0.610950 0.116233 0.193102 0.625990
6 0.625153 0.603612 0.025210 0.156197 0.695869
6 0.186752 0.394203 0.028885 0.093753 0.714477
6 0.114423 0.589523 0.019117 0.051657 0.491309
6 0.020489 0.555457 0.010845 0.044271 0.517870
6 0.045714 0.536976 0.008540 0.023976 0.464003
6 0.081863 0.527033 0.024194 0.050620 0.460053
6 0.117120 0.548504 0.008979 0.029129 0.418319
6 0.051634 0.581954 0.030603 0.052684 0.478966
6 0.067716 0.515083 0.012813 0.034288 0.399654
6 0.095935 0.515132 0.012472 0.032653 0.400385
6 0.102368 0.568522 0.020726 0.080722 0.453491
6 0.059946 0.560648 0.018915 0.074906 0.430706
6 0.052668 0.504309 0.009255 0.022824 0.397191
6 0.044908 0.501755 0.008625 0.020571 0.409230
8 0.816244 0.175029 0.112880 0.241223 0.406336