0 0.393844 0.565899 0.016040 0.030102 0.533267
0 0.874425 0.345866 0.053922 0.056968 0.584533
0 0.935479 0.593682 0.039756 0.043381 0.515399
0 0.655994 0.576509 0.021924 0.038267 0.417440
0 0.128284 0.560251 0.068152 0.060196 0.476515
0 0.991114 0.601594 0.017730 0.041971 0.373283
2 0.222762 0.654545 0.187707 0.234582 0.603270
2 0.447583 0.554195 0.030934 0.062306 0.476645
2 0.369676 0.559560 0.033898 0.062519 0.406707
2 0.325688 0.554784 0.027245 0.054477 0.374441
2 0.035441 0.556223 0.070689 0.197575 0.560576
3 0.796200 0.597044 0.015279 0.043720 0.746374
3 0.512438 0.572825 0.010679 0.034259 0.385741
3 0.482590 0.583784 0.010682 0.024649 0.358497
6 0.482092 0.571910 0.011185 0.038506 0.466358
8 0.114984 0.151489 0.077502 0.059206 0.392545
8 0.799234 0.479292 0.050738 0.024833 0.360733
9 0.774693 0.673635 0.445098 0.240840 0.358848