0 0.431190 0.558239 0.093670 0.126378 0.424474
0 0.500568 0.780322 0.300419 0.436149 0.727071
1 0.559316 0.484174 0.243778 0.123916 0.613554
1 0.372650 0.449324 0.137524 0.095057 0.425969
1 0.050341 0.477591 0.100555 0.130291 0.416833
2 0.705180 0.582096 0.077018 0.154496 0.412971
3 0.876382 0.774710 0.133380 0.263282 0.730026
3 0.216677 0.856297 0.170855 0.284757 0.537754
3 0.347632 0.695309 0.044691 0.147353 0.405438
6 0.876818 0.668056 0.098804 0.270271 0.810243
6 0.443891 0.533262 0.034659 0.072337 0.696844
6 0.493219 0.533966 0.046487 0.061359 0.640602
6 0.380867 0.550649 0.036454 0.092515 0.456883
6 0.233098 0.742956 0.127716 0.430571 0.397854
6 0.529916 0.514114 0.015066 0.035809 0.408571
6 0.263503 0.496659 0.016125 0.031535 0.357610
6 0.303077 0.519505 0.021609 0.063474 0.368958
6 0.361135 0.610377 0.057815 0.201413 0.356741
9 0.066570 0.874827 0.130359 0.185239 0.470133