0 0.457913 0.553842 0.062959 0.192820 0.402576
1 0.278477 0.687448 0.235060 0.440450 0.594139
3 0.949663 0.606135 0.090254 0.132783 0.473728
3 0.133226 0.845919 0.132357 0.305079 0.395663
5 0.515074 0.652757 0.175884 0.372035 0.701481
6 0.016369 0.404909 0.032438 0.251594 0.510051
6 0.089679 0.129741 0.030422 0.121669 0.501608
6 0.198846 0.065549 0.019866 0.082446 0.479874
6 0.149684 0.175985 0.037508 0.139761 0.498589
6 0.055801 0.105730 0.041513 0.130823 0.502543
6 0.944912 0.567408 0.035808 0.139709 0.510587
6 0.136634 0.603531 0.068157 0.199546 0.525832
6 0.158213 0.376398 0.060389 0.266975 0.420764
6 0.813285 0.331703 0.024577 0.110488 0.453489
6 0.819306 0.428188 0.018769 0.069454 0.417580
6 0.767337 0.200310 0.021278 0.081440 0.482824
6 0.084106 0.288214 0.051375 0.175658 0.476137
6 0.853899 0.435852 0.024637 0.071034 0.414076
6 0.916527 0.423710 0.037303 0.104867 0.473973
6 0.590629 0.394529 0.023172 0.062771 0.437094
6 0.018408 0.217265 0.036724 0.138337 0.487838
6 0.049450 0.235519 0.040755 0.126586 0.466345
6 0.124208 0.147242 0.031291 0.160298 0.429111
6 0.086219 0.601526 0.041406 0.223244 0.510898
6 0.091782 0.756942 0.182998 0.484253 0.425035
6 0.166777 0.083770 0.017329 0.069546 0.407856
6 0.924039 0.264538 0.016558 0.043057 0.386849
6 0.186432 0.180072 0.029791 0.167604 0.476807
6 0.570565 0.337080 0.020217 0.065133 0.404463
6 0.228875 0.223808 0.019071 0.092353 0.442938
6 0.228702 0.423130 0.024686 0.084696 0.439000
6 0.249728 0.421171 0.027122 0.089604 0.433920
6 0.859138 0.320614 0.035161 0.100172 0.418099
6 0.021792 0.070284 0.043335 0.138103 0.424541
6 0.152658 0.063442 0.015069 0.068989 0.410567
6 0.872405 0.437095 0.020427 0.067248 0.350479
6 0.802910 0.436911 0.014949 0.050373 0.373057
6 0.264164 0.425518 0.014984 0.078048 0.363937
6 0.531189 0.453057 0.012338 0.030961 0.367636
6 0.105169 0.020676 0.017441 0.041187 0.385189
6 0.964540 0.265097 0.026785 0.084536 0.392718
6 0.401568 0.440601 0.011226 0.043518 0.373494
6 0.138216 0.048500 0.018136 0.080320 0.424061
6 0.400888 0.539906 0.021503 0.121588 0.370531
6 0.915346 0.310751 0.016155 0.044556 0.365993
6 0.044254 0.349022 0.033867 0.114067 0.461142
6 0.907321 0.268900 0.014077 0.043229 0.408650
9 0.736258 0.801933 0.298634 0.389871 0.569299