0 0.457930 0.724327 0.171102 0.271643 0.728702
0 0.310437 0.685392 0.156947 0.220206 0.548620
0 0.416560 0.624563 0.069397 0.087380 0.395712
1 0.948733 0.591137 0.101860 0.500981 0.408194
1 0.757427 0.656809 0.165128 0.215850 0.385967
2 0.546573 0.537781 0.080607 0.117751 0.365230
2 0.436457 0.540485 0.088558 0.105490 0.358917
3 0.209182 0.841739 0.134522 0.301984 0.743452
3 0.551407 0.669041 0.045195 0.134389 0.686271
3 0.097530 0.703414 0.059976 0.127179 0.562582
3 0.843373 0.650832 0.025974 0.079968 0.513824
3 0.894495 0.664914 0.019769 0.074908 0.415322
6 0.225584 0.740220 0.096063 0.300567 0.619635
6 0.168255 0.600115 0.016518 0.091690 0.587046
6 0.094935 0.650554 0.060484 0.166754 0.552013
6 0.825953 0.621075 0.019420 0.051475 0.504606
6 0.152933 0.595186 0.017526 0.093760 0.537068
6 0.578298 0.611193 0.022466 0.081590 0.517151
6 0.125467 0.609273 0.023540 0.100868 0.464612
6 0.193969 0.590659 0.023809 0.071568 0.398928
6 0.190893 0.666917 0.035627 0.148668 0.414503
8 0.653645 0.311601 0.048333 0.114044 0.527631