0 0.397143 0.597605 0.122964 0.195420 0.480131
0 0.848827 0.586961 0.043235 0.122618 0.511504
0 0.821703 0.565810 0.038994 0.101756 0.363190
1 0.933359 0.496248 0.045646 0.037436 0.359769
2 0.645763 0.694286 0.337569 0.386016 0.543497
2 0.913228 0.618744 0.101942 0.220481 0.407850
2 0.493808 0.635436 0.109718 0.274901 0.361403
2 0.978028 0.654644 0.043390 0.294839 0.355665
3 0.280115 0.806197 0.137735 0.264361 0.522354
3 0.103503 0.642911 0.034692 0.098594 0.371932
3 0.025778 0.837946 0.051202 0.305314 0.468976
3 0.034720 0.676096 0.068837 0.171360 0.408061
3 0.181821 0.675720 0.074032 0.166651 0.370129
3 0.614867 0.871034 0.192793 0.255552 0.366829
6 0.072138 0.614224 0.027461 0.166445 0.624639
6 0.146751 0.678242 0.064243 0.201699 0.679484
6 0.301979 0.698292 0.093392 0.344223 0.451059
6 0.738191 0.489722 0.019256 0.042419 0.602870
6 0.223694 0.530883 0.030958 0.051079 0.564715
6 0.205025 0.594997 0.028798 0.096382 0.510283
6 0.100656 0.576484 0.016261 0.069540 0.443130
6 0.612939 0.764761 0.184363 0.465832 0.408882
6 0.719260 0.486451 0.020946 0.040783 0.441084