0 0.559894 0.571814 0.052145 0.077675 0.399328
1 0.508087 0.578640 0.050353 0.105466 0.371201
3 0.764112 0.683407 0.077566 0.136577 0.784897
3 0.465200 0.554935 0.019838 0.028502 0.358420
3 0.431746 0.614411 0.013163 0.067792 0.418945
5 0.335805 0.732578 0.208135 0.446468 0.698734
6 0.160599 0.707407 0.090170 0.295291 0.795882
6 0.889670 0.672394 0.040879 0.202605 0.703893
6 0.927197 0.676486 0.047881 0.233946 0.683567
6 0.430759 0.590439 0.018210 0.103289 0.485842
6 0.448491 0.548425 0.007994 0.035339 0.361524
6 0.118645 0.706300 0.080991 0.283128 0.786114