0 0.367488 0.528581 0.059253 0.055444 0.449386
0 0.409474 0.527501 0.030368 0.042119 0.376406
3 0.621938 0.618007 0.047619 0.144129 0.881048
6 0.666237 0.585890 0.031094 0.166945 0.739485
6 0.492059 0.643026 0.048721 0.238121 0.623900
6 0.866045 0.706956 0.080863 0.322958 0.712649
6 0.622880 0.584289 0.047413 0.138762 0.694328
6 0.805985 0.637004 0.042220 0.231348 0.716422
6 0.362619 0.649307 0.058810 0.307632 0.583578
6 0.059081 0.674420 0.072151 0.357152 0.548669
6 0.322718 0.390036 0.020189 0.063937 0.572098
6 0.924963 0.690455 0.065166 0.316177 0.597697
6 0.317461 0.667598 0.038549 0.254305 0.539753
6 0.207304 0.388130 0.020979 0.056107 0.539079
6 0.322509 0.472082 0.020863 0.068258 0.514414
6 0.174265 0.694650 0.078683 0.367403 0.509594
6 0.278936 0.617942 0.040599 0.135650 0.383015
6 0.502076 0.532170 0.012206 0.056786 0.418028
6 0.451674 0.655180 0.039498 0.233266 0.632497
6 0.973805 0.676667 0.051932 0.307707 0.417552
6 0.413824 0.548246 0.013342 0.065769 0.371343
6 0.393914 0.526771 0.012022 0.043069 0.353110
6 0.126642 0.689612 0.046263 0.353258 0.393374
6 0.210379 0.483063 0.034683 0.084326 0.375793
6 0.988046 0.677053 0.023693 0.300463 0.352241
9 0.753193 0.596049 0.147768 0.159128 0.576748