0 0.205748 0.787394 0.411134 0.423410 0.732463
0 0.519949 0.639371 0.143268 0.330354 0.521484
0 0.414759 0.554406 0.065156 0.128148 0.455752
3 0.533925 0.855014 0.115438 0.286925 0.360905
6 0.521530 0.762642 0.119771 0.471794 0.706810
6 0.796428 0.751638 0.113662 0.494205 0.671460
6 0.418228 0.567084 0.025329 0.133323 0.446902
6 0.693514 0.601238 0.046127 0.263581 0.484349
6 0.868878 0.582728 0.077716 0.272872 0.538520
6 0.626196 0.608003 0.035784 0.286144 0.439792
6 0.192932 0.543222 0.028600 0.085548 0.414442
6 0.661442 0.613616 0.048745 0.289701 0.434149
6 0.384355 0.568535 0.027188 0.137322 0.362866
6 0.965437 0.453752 0.063349 0.308446 0.525009
6 0.598671 0.540880 0.023905 0.144573 0.353436
6 0.449989 0.544724 0.017741 0.109922 0.383447
6 0.813043 0.548096 0.053673 0.242275 0.395684