0 0.295018 0.598737 0.106183 0.137835 0.616176
0 0.684989 0.573761 0.066462 0.090237 0.642017
0 0.354268 0.549426 0.046846 0.050103 0.500198
0 0.597406 0.578036 0.079236 0.138750 0.521090
0 0.633619 0.550057 0.024190 0.066968 0.434646
0 0.078926 0.688405 0.157337 0.233928 0.366332
3 0.770444 0.655603 0.066654 0.139911 0.757019
3 0.456383 0.833741 0.115801 0.328325 0.695058
3 0.196200 0.717811 0.103044 0.216875 0.586643
3 0.513070 0.560112 0.015330 0.032984 0.517062
3 0.912851 0.705065 0.137808 0.181855 0.665622
3 0.728343 0.603790 0.023156 0.058277 0.438969
3 0.366012 0.620538 0.049681 0.109697 0.448465
3 0.058099 0.799328 0.115828 0.255772 0.533622
3 0.877394 0.586333 0.042176 0.089810 0.458297
3 0.700246 0.593355 0.023473 0.054645 0.458439
3 0.982574 0.750503 0.034230 0.112727 0.355148
3 0.502386 0.553768 0.008901 0.023363 0.355306
3 0.549724 0.554970 0.011442 0.034925 0.403464
6 0.451741 0.722787 0.126580 0.409863 0.736803
6 0.914305 0.595654 0.050367 0.139215 0.689067
6 0.269727 0.516097 0.019119 0.046678 0.495977
6 0.968440 0.574081 0.034802 0.127964 0.636743
6 0.389730 0.589356 0.025957 0.134086 0.508297
6 0.411116 0.554358 0.020293 0.074997 0.477053
6 0.957566 0.363808 0.012150 0.045314 0.373077
6 0.512998 0.543170 0.014780 0.040600 0.361348
6 0.732113 0.575721 0.023682 0.092765 0.463556
6 0.988622 0.737819 0.022583 0.332099 0.424905
6 0.776094 0.625118 0.055970 0.111666 0.417510
6 0.463375 0.544279 0.011564 0.036657 0.359923
6 0.672322 0.573855 0.018188 0.103542 0.750715