1 0.655930 0.507217 0.045502 0.058291 0.456607
2 0.351818 0.511609 0.227195 0.171347 0.608701
2 0.556124 0.532620 0.049138 0.089359 0.439545
3 0.805277 0.577072 0.021484 0.053286 0.633700
3 0.763573 0.782062 0.065256 0.188483 0.546472
3 0.480285 0.793237 0.109806 0.322090 0.579175
3 0.204158 0.808542 0.233451 0.380779 0.383435
3 0.037419 0.816347 0.074314 0.289368 0.548947
3 0.651490 0.842519 0.197343 0.312553 0.544334
3 0.067582 0.762488 0.055046 0.162077 0.452816
3 0.385886 0.860496 0.160395 0.276592 0.408726
3 0.886556 0.777106 0.104293 0.289183 0.611813
3 0.942596 0.875719 0.113545 0.246555 0.423799
6 0.657327 0.758893 0.188328 0.479719 0.701677
6 0.487506 0.739303 0.101447 0.421883 0.671837
6 0.918157 0.704702 0.116669 0.386130 0.554630
6 0.086575 0.619684 0.055290 0.168485 0.551193
6 0.260989 0.711026 0.110438 0.320322 0.596393
6 0.221406 0.773470 0.138894 0.449898 0.530848
6 0.167190 0.768441 0.174496 0.451444 0.603323
6 0.401844 0.774802 0.126316 0.447876 0.743577
6 0.723367 0.689685 0.068852 0.339411 0.390888
6 0.945100 0.764951 0.109413 0.464009 0.434721
6 0.764766 0.673076 0.059900 0.320651 0.465502
7 0.656607 0.429848 0.010300 0.059639 0.424507
7 0.695322 0.286363 0.034723 0.015858 0.380711