0 0.298544 0.657000 0.205255 0.257389 0.683398
1 0.549326 0.613695 0.084995 0.191153 0.401275
3 0.902458 0.705281 0.082964 0.181158 0.735330
3 0.728602 0.644999 0.061107 0.127156 0.705710
3 0.464937 0.660707 0.046842 0.124966 0.731287
3 0.025012 0.782129 0.049710 0.249304 0.469800
3 0.829870 0.593820 0.061181 0.090647 0.378401
3 0.162182 0.672551 0.074334 0.180408 0.410415
3 0.949764 0.616590 0.068420 0.077654 0.390719
3 0.052671 0.707126 0.085943 0.213748 0.352548
5 0.649345 0.631345 0.105976 0.233761 0.494610
6 0.900235 0.634785 0.070056 0.204477 0.740232
6 0.987163 0.617754 0.025462 0.183680 0.712567
6 0.622606 0.588600 0.020288 0.062608 0.636765
6 0.636314 0.594530 0.021356 0.058278 0.642435
6 0.464112 0.610728 0.044697 0.159573 0.601532
6 0.735352 0.596893 0.050351 0.146927 0.649590
6 0.506060 0.588436 0.015720 0.058504 0.460230
6 0.487009 0.546838 0.010622 0.049862 0.354680
6 0.866683 0.593329 0.019538 0.132187 0.533999
6 0.496492 0.552765 0.013426 0.056773 0.387537
6 0.708214 0.597858 0.022777 0.123829 0.410225