0 0.553424 0.623900 0.124365 0.186697 0.657315
0 0.417921 0.631039 0.081451 0.154080 0.650483
0 0.499837 0.583263 0.064380 0.112819 0.589755
0 0.435114 0.571193 0.039134 0.062361 0.427936
3 0.224822 0.812182 0.131607 0.330156 0.774576
3 0.374075 0.863215 0.140577 0.270988 0.739270
3 0.859329 0.596081 0.039956 0.059835 0.603823
3 0.008061 0.771766 0.016035 0.142074 0.393995
6 0.092972 0.602194 0.042249 0.168087 0.844350
6 0.652327 0.581764 0.035793 0.145337 0.826196
6 0.375195 0.750385 0.135381 0.425524 0.765518
6 0.220838 0.730272 0.114568 0.290341 0.714838
6 0.718307 0.569585 0.016041 0.078889 0.681948
6 0.856850 0.579898 0.016739 0.068739 0.660520
6 0.402567 0.630515 0.051381 0.179664 0.551077
6 0.469820 0.562376 0.014035 0.075299 0.370231
8 0.613488 0.459229 0.021840 0.048398 0.466723
9 0.808154 0.788272 0.379464 0.304791 0.574384