0 0.445998 0.630840 0.134950 0.278900 0.641283
0 0.375362 0.579789 0.040185 0.140276 0.447379
0 0.355273 0.533890 0.028653 0.058590 0.497261
3 0.620266 0.707609 0.070889 0.179199 0.804927
3 0.695771 0.622460 0.040554 0.127536 0.580931
3 0.760397 0.645749 0.066049 0.142931 0.368286
6 0.282184 0.627584 0.043031 0.166854 0.778807
6 0.616982 0.631037 0.062115 0.207625 0.768283
6 0.532266 0.568633 0.013835 0.082569 0.599724
6 0.512650 0.538730 0.010886 0.044051 0.353906
7 0.282677 0.425290 0.022861 0.059180 0.380983
7 0.249677 0.446477 0.025631 0.044818 0.366159
9 0.163628 0.703684 0.322375 0.350037 0.405894