0 0.895786 0.774751 0.208003 0.318236 0.595021
0 0.940856 0.945053 0.117774 0.108786 0.457102
0 0.939239 0.656629 0.120630 0.111470 0.517947
0 0.708462 0.645342 0.098568 0.215942 0.493166
1 0.532820 0.568046 0.263197 0.462096 0.850776
1 0.832365 0.581137 0.097230 0.081473 0.532618
1 0.719081 0.532905 0.064563 0.030658 0.370042
3 0.153343 0.850673 0.179431 0.295489 0.695034
3 0.758391 0.881956 0.164278 0.234015 0.363177
6 0.159124 0.792938 0.133652 0.411377 0.857244
6 0.747241 0.800704 0.142933 0.396489 0.821267
8 0.926743 0.134283 0.145422 0.268228 0.403029