0 0.501289 0.543511 0.020089 0.032856 0.362478
1 0.656211 0.506560 0.045869 0.053819 0.461720
2 0.204642 0.480923 0.266049 0.235688 0.525939
2 0.557811 0.529671 0.046780 0.097874 0.469445
3 0.885985 0.778634 0.102935 0.293020 0.597274
3 0.652743 0.840601 0.192027 0.316904 0.565813
3 0.381889 0.860960 0.161331 0.276502 0.461252
3 0.066607 0.759547 0.055605 0.171877 0.431926
3 0.572518 0.568962 0.016951 0.038057 0.477522
3 0.701038 0.748290 0.190169 0.254780 0.425862
3 0.941458 0.875762 0.115803 0.246602 0.384284
3 0.180241 0.871469 0.184893 0.254772 0.379809
6 0.661335 0.759449 0.187672 0.478532 0.734008
6 0.399557 0.770957 0.127362 0.455990 0.765537
6 0.475750 0.739338 0.125060 0.422106 0.693092
6 0.260679 0.709966 0.114399 0.321308 0.648721
6 0.917313 0.700932 0.114450 0.379380 0.516576
6 0.167670 0.770124 0.173580 0.447689 0.679094
6 0.574058 0.555852 0.016409 0.061607 0.508830
6 0.095559 0.621398 0.055585 0.170340 0.601554
6 0.219965 0.771391 0.143955 0.454560 0.550983
6 0.763768 0.672462 0.060580 0.322143 0.468881
6 0.943510 0.767622 0.112572 0.460580 0.403116
7 0.656584 0.429932 0.010343 0.059864 0.446102
7 0.695358 0.286386 0.034659 0.015729 0.385177