0 0.619704 0.627553 0.064589 0.086031 0.691079
0 0.027664 0.594034 0.055209 0.130362 0.650815
0 0.576821 0.602519 0.031488 0.049781 0.603122
0 0.290981 0.614946 0.056950 0.065210 0.495299
0 0.557592 0.585653 0.018378 0.022582 0.432886
0 0.522378 0.700478 0.136882 0.218738 0.712429
0 0.514876 0.588681 0.045575 0.019381 0.386597
0 0.607406 0.581370 0.028133 0.024670 0.364775
3 0.057362 0.588303 0.041374 0.063106 0.403382
3 0.658803 0.618550 0.027457 0.032663 0.352522
6 0.498458 0.641795 0.032140 0.039833 0.384485
6 0.593308 0.576891 0.008725 0.032700 0.436980
9 0.859737 0.759394 0.276456 0.189374 0.425124