0 0.482993 0.473382 0.048074 0.080211 0.690593
0 0.902543 0.561162 0.194247 0.227530 0.670108
3 0.431967 0.471271 0.020729 0.056494 0.815598
3 0.726922 0.487756 0.027220 0.063493 0.433539
5 0.348463 0.442932 0.066000 0.173156 0.559870
6 0.323038 0.483657 0.026470 0.108729 0.749206
6 0.943398 0.484097 0.025270 0.064819 0.518159
6 0.462762 0.438436 0.008014 0.029921 0.536398
6 0.778009 0.345668 0.044456 0.244067 0.457740
6 0.362473 0.480332 0.014943 0.099141 0.476766
6 0.251050 0.471125 0.014120 0.059487 0.356895
6 0.746501 0.245139 0.019468 0.094885 0.356426
8 0.585925 0.422100 0.035234 0.099503 0.378827