1 0.511403 0.415442 0.032136 0.056693 0.377828
2 0.290915 0.482620 0.356848 0.392271 0.558522
2 0.126328 0.421697 0.245943 0.410632 0.477953
2 0.476416 0.419439 0.033692 0.054787 0.382928
3 0.565915 0.698286 0.083429 0.232242 0.653903
3 0.491603 0.584739 0.047039 0.128105 0.481600
6 0.041031 0.630132 0.081730 0.379245 0.825250
6 0.704958 0.517842 0.046689 0.311124 0.819957
6 0.560297 0.608529 0.095391 0.294812 0.675083
6 0.494216 0.534104 0.043768 0.155656 0.426706
6 0.511498 0.476419 0.025834 0.070180 0.363974
9 0.788476 0.773875 0.399192 0.441019 0.400888