0 0.468363 0.605899 0.063443 0.112915 0.660749
2 0.838912 0.583469 0.129572 0.270570 0.410814
3 0.420183 0.681165 0.044040 0.139678 0.784668
3 0.743396 0.756209 0.112361 0.245666 0.743862
3 0.892147 0.851670 0.214318 0.293966 0.584331
3 0.513957 0.653186 0.040952 0.082076 0.394234
6 0.667490 0.607340 0.038034 0.153225 0.759480
6 0.328584 0.713162 0.042618 0.217582 0.686585
6 0.422602 0.626036 0.047732 0.166834 0.670363
6 0.590157 0.563910 0.016746 0.086562 0.643307
6 0.891945 0.743944 0.149287 0.441228 0.804330
6 0.114164 0.774679 0.125062 0.448550 0.645154
6 0.240389 0.783119 0.114578 0.432049 0.615031
6 0.690159 0.559120 0.016259 0.104275 0.648637
6 0.293982 0.711005 0.034571 0.215368 0.580667
6 0.563960 0.578199 0.016732 0.084058 0.558530
6 0.239351 0.591143 0.058405 0.126004 0.563173
6 0.704683 0.559132 0.014561 0.085755 0.626754
6 0.513966 0.611405 0.041798 0.145606 0.464874
6 0.526351 0.552853 0.016432 0.048046 0.394911
6 0.741349 0.671398 0.094828 0.274986 0.687449
6 0.060059 0.705719 0.105733 0.390000 0.495149
6 0.544163 0.565340 0.018309 0.095890 0.515649
8 0.120763 0.491953 0.068272 0.123371 0.451845
8 0.129995 0.238772 0.051985 0.115992 0.372102