0 0.917820 0.656376 0.069605 0.119817 0.691649
0 0.877378 0.604823 0.017097 0.030655 0.442462
0 0.862597 0.632320 0.029421 0.077894 0.569133
1 0.850263 0.577206 0.021866 0.027903 0.359195
2 0.062756 0.644401 0.090771 0.137954 0.560106
3 0.752323 0.696553 0.036454 0.100474 0.691250
3 0.806622 0.743262 0.053068 0.155878 0.622496
3 0.844729 0.681882 0.025881 0.076580 0.585858
3 0.961742 0.763970 0.075633 0.217337 0.483653
3 0.776620 0.651250 0.016640 0.047977 0.379415
6 0.812125 0.691235 0.046143 0.201721 0.684345
6 0.751045 0.653981 0.038220 0.134624 0.675976
6 0.958657 0.698810 0.058374 0.208006 0.709546
6 0.795787 0.608624 0.022547 0.130221 0.507074
6 0.846659 0.640582 0.029476 0.106057 0.567665
6 0.774679 0.632585 0.023447 0.083833 0.489687
8 0.603088 0.537669 0.047219 0.059558 0.481069
9 0.442339 0.638161 0.239202 0.234403 0.384886