0 0.481193 0.449485 0.051227 0.079924 0.622092
0 0.617861 0.463821 0.062575 0.107831 0.561301
0 0.683035 0.431365 0.025408 0.059822 0.428210
0 0.724928 0.449283 0.072341 0.111656 0.382536
0 0.498160 0.423255 0.021773 0.035174 0.364277
2 0.412258 0.423424 0.032022 0.054695 0.359783
3 0.536042 0.453663 0.022351 0.066345 0.635872
3 0.516075 0.447084 0.012755 0.039612 0.493708
3 0.660533 0.442223 0.019314 0.044774 0.422348
5 0.876778 0.503538 0.243522 0.487061 0.713741
6 0.077904 0.201331 0.149375 0.229322 0.887814
6 0.661801 0.429101 0.016861 0.070441 0.495603
6 0.644384 0.429834 0.015898 0.062246 0.430945
9 0.193121 0.438526 0.381704 0.236103 0.407083