0 0.527327 0.511546 0.054637 0.092838 0.671441
0 0.457370 0.481228 0.022030 0.026885 0.372345
1 0.547643 0.467907 0.094754 0.079169 0.651724
3 0.266832 0.689967 0.102842 0.260452 0.837459
3 0.295319 0.493953 0.030509 0.050513 0.562904
6 0.728881 0.611610 0.044612 0.268696 0.768632
6 0.267267 0.632213 0.097501 0.284461 0.646358
6 0.204665 0.513382 0.024626 0.107386 0.662052
6 0.274505 0.483348 0.009360 0.038667 0.433617
6 0.219040 0.502727 0.013442 0.071911 0.411763
7 0.736534 0.288286 0.037527 0.036683 0.380706
8 0.444585 0.366628 0.023989 0.028973 0.435108
9 0.777033 0.650924 0.440982 0.352488 0.465417
9 0.774979 0.733822 0.445574 0.512916 0.361929