0 0.059165 0.761765 0.117792 0.474240 0.490939
1 0.396500 0.461688 0.104841 0.065641 0.568527
1 0.696685 0.705601 0.198642 0.429561 0.614305
1 0.301240 0.736972 0.371605 0.523484 0.569169
1 0.513251 0.671979 0.118414 0.343610 0.536714
2 0.893521 0.725499 0.211733 0.547721 0.501236
6 0.584981 0.658454 0.040317 0.225528 0.684267
6 0.849258 0.622071 0.047067 0.080782 0.459181
7 0.271321 0.411445 0.015700 0.116610 0.505845
7 0.329831 0.183392 0.062108 0.029666 0.486046
7 0.278461 0.298426 0.014239 0.115045 0.397504
7 0.297615 0.405236 0.010483 0.070506 0.471825