0 0.125188 0.751623 0.249934 0.478744 0.682963
0 0.556662 0.527855 0.054655 0.095958 0.363815
3 0.332799 0.535662 0.024915 0.074999 0.482953
3 0.586759 0.622674 0.106201 0.149685 0.514073
3 0.386516 0.844131 0.120205 0.271217 0.411199
3 0.830620 0.681020 0.139356 0.152018 0.366139
5 0.426598 0.598809 0.115745 0.260234 0.417089
6 0.377037 0.686999 0.123294 0.413899 0.738699
6 0.597722 0.570773 0.054602 0.186655 0.591851
6 0.852117 0.586765 0.070156 0.196861 0.642778
6 0.203294 0.512550 0.022900 0.089747 0.617557
6 0.078788 0.492465 0.030389 0.079026 0.568616
6 0.173239 0.506925 0.018839 0.046329 0.568023
6 0.122203 0.483483 0.028449 0.079601 0.539563
6 0.254091 0.558602 0.042473 0.149692 0.558553
6 0.937182 0.718470 0.088663 0.433919 0.510943
6 0.615483 0.509385 0.022179 0.073351 0.491720
6 0.102103 0.501357 0.021849 0.054352 0.534357
6 0.278810 0.552163 0.026433 0.128265 0.524316
6 0.327168 0.497383 0.018987 0.075875 0.475441
6 0.256223 0.471468 0.015587 0.060806 0.406585
6 0.145018 0.497406 0.033547 0.061123 0.394432
6 0.666448 0.532475 0.035839 0.100240 0.350167