0 0.045615 0.506507 0.090842 0.137849 0.728967
0 0.613061 0.466107 0.055495 0.069670 0.682032
0 0.703731 0.442872 0.023409 0.030032 0.603117
0 0.462247 0.462838 0.094376 0.090486 0.640868
0 0.792418 0.436771 0.010940 0.031001 0.466988
0 0.504344 0.447050 0.032903 0.045471 0.409073
0 0.574731 0.443189 0.025755 0.038445 0.395764
0 0.543361 0.446419 0.034983 0.040629 0.410136
0 0.562199 0.445045 0.029667 0.039831 0.410294
3 0.532195 0.494902 0.026862 0.071903 0.715526
6 0.347707 0.479723 0.023709 0.114082 0.832819
6 0.660597 0.442913 0.011277 0.041828 0.697960
6 0.532360 0.469188 0.026287 0.087860 0.495265
9 0.895155 0.602110 0.205467 0.315306 0.358679