3 0.547751 0.803786 0.102088 0.302709 0.900140
6 0.118342 0.784218 0.133941 0.429390 0.803581
6 0.042770 0.821344 0.085280 0.355582 0.762635
6 0.641656 0.620993 0.034240 0.214143 0.662642
6 0.554106 0.692990 0.113613 0.316143 0.673411
6 0.449300 0.666316 0.028988 0.163381 0.607955
6 0.381984 0.668639 0.026651 0.157121 0.720120
6 0.618550 0.624453 0.025380 0.154574 0.543377
6 0.494679 0.584949 0.030404 0.149249 0.557135
6 0.423340 0.662954 0.027879 0.172039 0.511269
6 0.604417 0.568408 0.016261 0.083688 0.479477
6 0.460700 0.589164 0.027383 0.137811 0.496291
6 0.442260 0.581983 0.020586 0.067760 0.378542
6 0.589800 0.567291 0.016624 0.075551 0.369240
6 0.538280 0.562918 0.020869 0.075720 0.381718