0 0.470268 0.589097 0.084021 0.131293 0.687678
0 0.962705 0.520014 0.074178 0.150904 0.672210
0 0.728185 0.501594 0.037213 0.050940 0.532651
0 0.618425 0.505762 0.016427 0.031050 0.509759
0 0.874975 0.488371 0.062362 0.045535 0.572967
0 0.781569 0.513900 0.071951 0.077604 0.515866
0 0.950201 0.481102 0.066672 0.064719 0.459236
1 0.111020 0.535986 0.221573 0.579877 0.790663
1 0.363466 0.510500 0.122325 0.132310 0.707139
1 0.443994 0.509221 0.040945 0.075581 0.651473
1 0.808469 0.456049 0.108656 0.083507 0.671872
1 0.505295 0.517196 0.040030 0.080957 0.598738
1 0.231674 0.543900 0.045752 0.222619 0.621658
1 0.523487 0.502384 0.042963 0.069093 0.515359
3 0.864478 0.535141 0.037411 0.070245 0.601454
3 0.393846 0.596205 0.027513 0.068220 0.598746
3 0.356576 0.662457 0.054147 0.157544 0.824238
6 0.128632 0.702557 0.077281 0.353332 0.865253
6 0.860735 0.505207 0.026635 0.087918 0.770178
6 0.357242 0.606142 0.053981 0.173379 0.786184
6 0.396675 0.564666 0.023331 0.089482 0.741369
6 0.500983 0.536646 0.015233 0.050149 0.644989
6 0.649798 0.514954 0.015926 0.132720 0.606016
6 0.713541 0.501661 0.011500 0.045247 0.610586
6 0.424084 0.543004 0.011596 0.059375 0.549241
6 0.412127 0.543982 0.013191 0.054484 0.537994
6 0.446671 0.520315 0.007782 0.025473 0.455742
9 0.761183 0.757525 0.463894 0.473952 0.428138
9 0.713607 0.761004 0.366640 0.468067 0.374181