0 0.864992 0.743275 0.269184 0.511142 0.644976
0 0.664638 0.609697 0.027741 0.140602 0.405816
0 0.857637 0.582754 0.199506 0.112142 0.358472
1 0.499883 0.501617 0.308404 0.545726 0.854764
1 0.672361 0.508125 0.040865 0.206677 0.458710
3 0.271866 0.707677 0.079685 0.217893 0.778980
3 0.714314 0.625098 0.046961 0.125300 0.655128
6 0.191863 0.539647 0.046305 0.231874 0.792766
6 0.307945 0.537252 0.031091 0.146972 0.774913
6 0.274435 0.641852 0.057911 0.232319 0.697497
6 0.538380 0.607187 0.031883 0.114512 0.555347
6 0.766342 0.604781 0.017774 0.058813 0.476282
6 0.790361 0.534619 0.014586 0.037418 0.409630
9 0.175513 0.790455 0.345369 0.371215 0.421841