0 0.522095 0.528325 0.039846 0.064989 0.628082
0 0.316380 0.522939 0.025425 0.057894 0.509226
1 0.675926 0.539672 0.144958 0.275018 0.696878
1 0.586962 0.491449 0.037470 0.078194 0.371798
3 0.475811 0.605749 0.047388 0.166813 0.645983
6 0.364987 0.540359 0.017962 0.080428 0.707069
6 0.966699 0.449445 0.048555 0.124135 0.525416
6 0.734802 0.393695 0.026127 0.071180 0.463556
6 0.876132 0.368520 0.028895 0.046633 0.467983
6 0.923802 0.442773 0.038498 0.107329 0.482871
6 0.885907 0.447149 0.052900 0.113220 0.468390
6 0.878164 0.582661 0.047341 0.101259 0.468773
6 0.922508 0.597711 0.046171 0.108719 0.464007
6 0.962960 0.603398 0.044297 0.111104 0.467273
6 0.473949 0.565955 0.042386 0.162991 0.441169
9 0.137437 0.530668 0.271364 0.399744 0.409355