0 0.345540 0.755526 0.342646 0.487324 0.499875
1 0.527563 0.500764 0.028877 0.028929 0.397690
2 0.679115 0.595290 0.106701 0.168298 0.495868
2 0.527713 0.572489 0.056469 0.123467 0.417029
3 0.604759 0.626922 0.036197 0.087641 0.549706
3 0.562267 0.621247 0.040505 0.095221 0.468663
6 0.778452 0.613577 0.024036 0.140776 0.759937
6 0.079471 0.673945 0.039549 0.113798 0.701462
6 0.055875 0.667158 0.034945 0.123356 0.690811
6 0.608111 0.592635 0.030238 0.124575 0.576224
6 0.592543 0.596053 0.023875 0.136878 0.493801
6 0.563815 0.589976 0.033069 0.130265 0.437820
6 0.578626 0.551930 0.015791 0.046632 0.377531
6 0.544849 0.605672 0.028719 0.111274 0.391143