0 0.415249 0.746579 0.176419 0.260533 0.813432
0 0.520842 0.638778 0.052894 0.086005 0.618646
3 0.138333 0.670817 0.085293 0.141393 0.608313
3 0.940097 0.845039 0.118868 0.305714 0.554874
3 0.019461 0.683486 0.038788 0.209131 0.497166
3 0.047436 0.678779 0.094350 0.196623 0.407560
6 0.266299 0.681646 0.038203 0.160592 0.795952
6 0.334270 0.661769 0.030245 0.143330 0.767444
6 0.629399 0.653544 0.022113 0.091101 0.611519
6 0.375805 0.614592 0.020629 0.045057 0.458657
6 0.472082 0.602947 0.011267 0.034384 0.361749
6 0.408129 0.603975 0.013922 0.026927 0.381112
6 0.596529 0.629706 0.013792 0.053853 0.357883
6 0.580234 0.623399 0.010707 0.068153 0.365545
9 0.799791 0.702431 0.395759 0.299045 0.376556