0 0.852191 0.825461 0.295153 0.347698 0.764155
0 0.554752 0.780404 0.218735 0.350723 0.751955
1 0.516918 0.581473 0.116496 0.209346 0.764595
1 0.896705 0.543867 0.205707 0.233270 0.666402
2 0.727252 0.573737 0.232545 0.453608 0.394842
3 0.427752 0.736079 0.052573 0.146571 0.559047
3 0.371037 0.797360 0.080925 0.249731 0.419452
3 0.449940 0.637214 0.020149 0.065092 0.382134
6 0.280385 0.783373 0.114353 0.419482 0.665296
6 0.377000 0.734127 0.079080 0.312853 0.659950
6 0.203238 0.743182 0.135919 0.357727 0.372410
6 0.497697 0.606490 0.013067 0.020349 0.389651
9 0.071526 0.908224 0.140051 0.174605 0.524907