0 0.940684 0.528712 0.044684 0.061823 0.610204
0 0.987134 0.535728 0.025683 0.083279 0.586678
3 0.751355 0.671656 0.077903 0.160783 0.683570
3 0.872867 0.590182 0.039399 0.085950 0.615953
3 0.501435 0.648445 0.062496 0.154981 0.617082
3 0.602342 0.620126 0.066360 0.137629 0.577889
3 0.693594 0.607764 0.071672 0.107150 0.483160
3 0.644303 0.618853 0.081681 0.114291 0.562466
3 0.549628 0.644454 0.072767 0.130278 0.436565
3 0.808300 0.578160 0.040261 0.075127 0.402480
6 0.967159 0.520448 0.008772 0.050354 0.573474
6 0.904287 0.548473 0.017053 0.084476 0.564327
6 0.759007 0.614583 0.058670 0.181500 0.610953
6 0.887268 0.538384 0.019506 0.067418 0.445237
6 0.810540 0.529428 0.014349 0.040570 0.409502
6 0.873693 0.561524 0.032979 0.092707 0.549967
6 0.737107 0.538806 0.019658 0.062237 0.445792
6 0.858556 0.525962 0.020720 0.047766 0.384534
6 0.993288 0.486093 0.007634 0.019192 0.392082
8 0.668642 0.433248 0.111362 0.053601 0.423389
9 0.252156 0.761800 0.497735 0.146278 0.387183