0 0.544680 0.515013 0.069228 0.075308 0.587251
0 0.697492 0.520661 0.042645 0.107399 0.446014
0 0.377462 0.494912 0.039626 0.043497 0.361105
1 0.127726 0.491418 0.254791 0.982197 0.766224
1 0.280287 0.483861 0.059907 0.158414 0.520454
1 0.507010 0.475432 0.049897 0.091272 0.522616
1 0.440059 0.512473 0.087968 0.226809 0.487490
1 0.321913 0.478110 0.028105 0.049187 0.485973
3 0.784508 0.552454 0.048972 0.079592 0.670621
3 0.512740 0.525922 0.019299 0.053233 0.416398
3 0.541922 0.539943 0.023914 0.065695 0.562713
3 0.506000 0.516972 0.014747 0.043778 0.364682
3 0.371864 0.540373 0.018444 0.051795 0.475415
5 0.633680 0.525305 0.113158 0.242736 0.545709
6 0.347020 0.540999 0.032226 0.124263 0.731678
6 0.296014 0.546677 0.020126 0.117984 0.738258
6 0.264319 0.547826 0.024985 0.119410 0.723452
6 0.371479 0.517397 0.019676 0.078179 0.538238
6 0.779200 0.526289 0.024052 0.097752 0.497962
6 0.487588 0.511191 0.008741 0.048400 0.357112
6 0.767837 0.517391 0.018101 0.088243 0.409209