0 0.648482 0.612766 0.121942 0.149222 0.718589
0 0.949375 0.597977 0.100891 0.139309 0.684367
0 0.223734 0.634455 0.287204 0.207064 0.590476
0 0.030764 0.611638 0.061233 0.181018 0.530055
0 0.545409 0.541131 0.023182 0.078132 0.442783
0 0.097234 0.604334 0.072470 0.155685 0.454077
1 0.459864 0.619036 0.182910 0.414873 0.807172
3 0.752611 0.635052 0.063779 0.107912 0.847044
6 0.341881 0.650517 0.040963 0.226804 0.741677
6 0.747348 0.595503 0.031943 0.128921 0.716851
6 0.053799 0.583788 0.023443 0.114203 0.533779
6 0.760468 0.486310 0.017101 0.044311 0.470376
8 0.171829 0.426175 0.173623 0.066509 0.377022
9 0.623772 0.704844 0.124553 0.144638 0.475674