0 0.872856 0.802655 0.253863 0.393200 0.755564
0 0.677896 0.657985 0.137330 0.187866 0.722263
0 0.467862 0.691989 0.170213 0.276730 0.699838
0 0.839029 0.638432 0.132279 0.132771 0.648186
0 0.593924 0.605284 0.073670 0.113004 0.651881
0 0.534651 0.589875 0.031516 0.087638 0.423047
0 0.497168 0.581250 0.103821 0.105782 0.390339
0 0.560994 0.582068 0.034693 0.073214 0.378405
1 0.721030 0.560500 0.140902 0.158042 0.760219
1 0.532701 0.525237 0.044726 0.053441 0.525310
3 0.389517 0.628692 0.026679 0.087330 0.658677
6 0.360326 0.574137 0.017654 0.074205 0.656415
6 0.539195 0.552600 0.012753 0.038191 0.455441
6 0.622922 0.548786 0.009735 0.031589 0.369826
6 0.881332 0.584324 0.013257 0.052659 0.367405
6 0.503956 0.511047 0.010629 0.036698 0.356066
6 0.499480 0.606708 0.025998 0.036763 0.416359
6 0.442758 0.609085 0.024906 0.033308 0.353524
6 0.392965 0.588122 0.032655 0.081726 0.371779