0 0.704799 0.547509 0.037057 0.038592 0.484950
0 0.561879 0.582961 0.045913 0.081733 0.363009
1 0.512298 0.529344 0.028263 0.026803 0.434670
1 0.579580 0.528738 0.018385 0.040156 0.350914
1 0.954958 0.494494 0.070955 0.045127 0.437889
2 0.873955 0.517525 0.062623 0.081482 0.379170
3 0.601837 0.675903 0.047633 0.138815 0.788613
5 0.490556 0.711875 0.153227 0.366642 0.576451
5 0.224388 0.454684 0.386170 0.680353 0.481041
6 0.600972 0.625762 0.050366 0.160703 0.730086
8 0.553170 0.454738 0.018110 0.022590 0.534459
8 0.534418 0.442955 0.020428 0.006958 0.375542
9 0.807951 0.740616 0.379904 0.348203 0.578046