2 0.234059 0.602025 0.127441 0.167069 0.397449
2 0.572423 0.562684 0.061037 0.077122 0.358861
2 0.476065 0.571545 0.025000 0.104828 0.383460
3 0.756027 0.705817 0.082745 0.164996 0.762859
3 0.032360 0.820534 0.064314 0.225715 0.489305
3 0.186270 0.650933 0.091979 0.130134 0.573606
3 0.311405 0.611364 0.034325 0.069019 0.526676
3 0.147071 0.676244 0.048483 0.176895 0.380089
3 0.328584 0.581998 0.016379 0.045152 0.383724
5 0.412223 0.636106 0.143422 0.271202 0.643137
6 0.760363 0.640062 0.065155 0.191086 0.748985
6 0.347507 0.569726 0.026795 0.098113 0.637397
6 0.044218 0.483681 0.018639 0.089485 0.629631
6 0.728056 0.630538 0.024314 0.176516 0.628899
6 0.312927 0.582212 0.036461 0.120142 0.581353
6 0.511682 0.550350 0.009402 0.046664 0.503071
6 0.114884 0.526551 0.009908 0.060651 0.391901
6 0.362615 0.551267 0.009560 0.054332 0.387262