0 0.458499 0.556847 0.050284 0.078209 0.545444
0 0.420963 0.536733 0.017339 0.040597 0.376575
3 0.884341 0.627728 0.090597 0.174098 0.642631
3 0.376852 0.541302 0.011806 0.040601 0.357342
3 0.965270 0.669830 0.048299 0.132460 0.564189
5 0.143092 0.739505 0.285052 0.510967 0.673004
6 0.343570 0.763346 0.092116 0.470642 0.847463
6 0.982126 0.640816 0.035540 0.257502 0.759045
6 0.582145 0.550083 0.015457 0.066132 0.665835
6 0.517160 0.697264 0.080737 0.300650 0.664477
6 0.564263 0.660615 0.063868 0.289673 0.656670
6 0.521409 0.543908 0.014976 0.057054 0.358603