0 0.482432 0.558827 0.024680 0.037636 0.662941
0 0.623955 0.652642 0.147570 0.198373 0.658076
0 0.689832 0.552069 0.017555 0.022471 0.382967
0 0.706788 0.554224 0.023657 0.026535 0.388388
1 0.961917 0.528814 0.075686 0.150671 0.740816
1 0.503500 0.532637 0.026272 0.059380 0.562699
1 0.444723 0.528173 0.017529 0.022983 0.422424
2 0.018779 0.541057 0.037321 0.101702 0.433146
2 0.281668 0.538820 0.024827 0.034948 0.373439
3 0.224510 0.658361 0.050556 0.116900 0.848687
3 0.840537 0.689645 0.074201 0.156043 0.782318
3 0.400741 0.570439 0.009884 0.022650 0.551168
3 0.342648 0.597095 0.016436 0.043585 0.637546
3 0.519219 0.556936 0.007886 0.026476 0.432446
3 0.546533 0.553847 0.009036 0.027636 0.424378
6 0.120086 0.597684 0.036114 0.128410 0.765390
6 0.065697 0.599203 0.032575 0.145332 0.773154
6 0.342341 0.578018 0.016877 0.070903 0.678396
6 0.847707 0.642822 0.053951 0.187529 0.720785
6 0.225755 0.617684 0.041352 0.149863 0.824941
6 0.829359 0.629960 0.045486 0.171185 0.588844
6 0.100649 0.536998 0.012226 0.053598 0.584044
6 0.915500 0.571382 0.008224 0.032333 0.404050
6 0.798988 0.565632 0.009561 0.056343 0.370523
8 0.268054 0.443414 0.030649 0.033952 0.353205