0 0.466345 0.666548 0.159060 0.252600 0.739066
0 0.847581 0.581578 0.096789 0.086866 0.464530
0 0.964816 0.958850 0.069852 0.081465 0.356985
0 0.126660 0.555919 0.104135 0.088910 0.355464
1 0.669941 0.584617 0.217705 0.374103 0.708188
1 0.482006 0.517551 0.042610 0.052559 0.463308
3 0.284011 0.623229 0.044249 0.114742 0.711013
6 0.284633 0.604412 0.038438 0.139889 0.742850
6 0.559583 0.595069 0.014689 0.083493 0.608206
6 0.319315 0.542694 0.007871 0.030742 0.443776
6 0.557994 0.548574 0.008910 0.034955 0.377852
6 0.240485 0.544886 0.016858 0.052575 0.645467
7 0.473031 0.465250 0.004966 0.008918 0.387436
9 0.093398 0.787765 0.183096 0.411113 0.385679