0 0.374266 0.778648 0.632806 0.441165 0.724043
0 0.654288 0.601228 0.104470 0.132052 0.653825
0 0.603718 0.533420 0.013108 0.022529 0.360762
1 0.477401 0.483114 0.128254 0.170826 0.863737
3 0.852672 0.662534 0.132700 0.153322 0.790408
3 0.585253 0.561793 0.012371 0.030947 0.353446
6 0.188907 0.622005 0.097647 0.172056 0.792961
6 0.851652 0.615366 0.061631 0.173692 0.730085
6 0.883376 0.600426 0.051029 0.171474 0.745821
6 0.964443 0.333147 0.039974 0.133270 0.489361
6 0.407187 0.676103 0.080266 0.127966 0.432484
6 0.584616 0.545808 0.014063 0.054567 0.479691
6 0.594073 0.540651 0.012215 0.041844 0.350161