0 0.886927 0.726407 0.225743 0.465433 0.749567
0 0.187112 0.455187 0.040389 0.042353 0.353430
0 0.509901 0.470466 0.080284 0.074656 0.408015
1 0.392572 0.435202 0.142996 0.150476 0.385928
1 0.537281 0.437590 0.151270 0.138827 0.416367
2 0.727618 0.459384 0.212444 0.194257 0.486350
2 0.099773 0.436384 0.130445 0.182514 0.490216
3 0.291657 0.589728 0.060207 0.132247 0.787042
3 0.088687 0.538209 0.038144 0.090983 0.440034
3 0.196779 0.485069 0.023384 0.055086 0.351784
3 0.197946 0.508624 0.023926 0.089800 0.350501
5 0.382500 0.497633 0.097435 0.127554 0.463406
6 0.223507 0.606432 0.066576 0.322827 0.728703
6 0.286076 0.533383 0.049142 0.167250 0.714408
6 0.134967 0.554544 0.046793 0.242863 0.641888
6 0.049538 0.559183 0.056130 0.252861 0.606172
6 0.560828 0.435355 0.017439 0.070978 0.395687
6 0.191358 0.475647 0.023564 0.079563 0.443989
9 0.756557 0.523692 0.465978 0.138438 0.453700