0 0.521916 0.534516 0.014080 0.022218 0.391834
0 0.102800 0.529361 0.096673 0.046834 0.421851
1 0.438122 0.529224 0.057306 0.112509 0.710084
2 0.301220 0.510650 0.090715 0.116326 0.571172
2 0.360150 0.528238 0.030917 0.044161 0.422686
2 0.394725 0.532164 0.033498 0.043901 0.402380
2 0.110018 0.457756 0.108856 0.190454 0.351775
3 0.580160 0.618182 0.034575 0.087319 0.821405
3 0.486815 0.554983 0.011485 0.031913 0.582031
6 0.580638 0.583390 0.034639 0.110817 0.776789
6 0.535410 0.542678 0.008107 0.029417 0.404935
6 0.471622 0.540385 0.006395 0.035328 0.357963
6 0.500547 0.543037 0.006102 0.030235 0.387236
6 0.514400 0.543311 0.006943 0.030060 0.393107
8 0.373749 0.406938 0.043638 0.030171 0.489114
9 0.766135 0.672258 0.463073 0.290341 0.435592