0 0.887503 0.600864 0.124775 0.124416 0.690967
0 0.549197 0.560155 0.015054 0.038149 0.410757
0 0.967360 0.603456 0.064954 0.126508 0.591967
0 0.342676 0.559708 0.024172 0.030403 0.397322
0 0.293566 0.555015 0.030018 0.033786 0.403492
0 0.256428 0.562077 0.019665 0.042076 0.368340
1 0.404761 0.546058 0.041503 0.078969 0.472701
2 0.167911 0.637520 0.212364 0.304566 0.681534
2 0.740710 0.538315 0.080408 0.108335 0.452990
2 0.485376 0.634713 0.098823 0.221244 0.500802
2 0.528971 0.556146 0.027903 0.070792 0.398832
2 0.636689 0.548558 0.024653 0.053180 0.365967
2 0.450131 0.559845 0.043036 0.108259 0.365919
3 0.354969 0.580158 0.016384 0.052135 0.529770
3 0.380989 0.598961 0.018441 0.041196 0.619256
3 0.666902 0.568095 0.017694 0.039589 0.438039
6 0.382161 0.574688 0.020078 0.063757 0.587142
6 0.597034 0.572260 0.011989 0.064864 0.608207
6 0.420090 0.571145 0.015581 0.043934 0.409063
6 0.323710 0.572690 0.011015 0.050195 0.538662
6 0.562038 0.559324 0.008636 0.036813 0.404716
6 0.332605 0.569266 0.009062 0.041325 0.438863
7 0.526939 0.502440 0.005135 0.024265 0.366754
8 0.546225 0.442968 0.020367 0.008014 0.440609
9 0.780610 0.659233 0.433488 0.204004 0.406022