1 0.705075 0.578831 0.365753 0.648253 0.893376
2 0.458198 0.629653 0.106853 0.277417 0.500877
2 0.942104 0.642383 0.115114 0.245576 0.418534
3 0.349455 0.787405 0.071290 0.187988 0.775427
3 0.462320 0.751054 0.071835 0.197485 0.714886
3 0.233110 0.858286 0.117752 0.279909 0.779037
3 0.384038 0.627189 0.042538 0.050078 0.491916
6 0.244674 0.762962 0.097774 0.301589 0.815253
6 0.058471 0.782152 0.107502 0.433567 0.801231
6 0.460414 0.702057 0.071327 0.246951 0.720920
6 0.348693 0.703827 0.075153 0.243083 0.734583