0 0.131055 0.629605 0.139703 0.201299 0.698183
0 0.248362 0.550069 0.041702 0.077163 0.449986
2 0.327340 0.637840 0.136336 0.305135 0.599598
2 0.470156 0.568318 0.142023 0.292000 0.559086
2 0.893265 0.736256 0.212878 0.525685 0.488855
3 0.711230 0.616039 0.054485 0.116943 0.632283
3 0.550378 0.610175 0.032886 0.101576 0.565761
3 0.764046 0.624165 0.031562 0.132640 0.554529
3 0.471660 0.810164 0.066830 0.207103 0.411767
5 0.633216 0.627091 0.157228 0.275663 0.544645
6 0.463668 0.676539 0.092909 0.301826 0.834444
6 0.551675 0.579827 0.032414 0.137836 0.695426
6 0.896564 0.785471 0.077343 0.368520 0.474775
6 0.543496 0.525123 0.013590 0.043144 0.483854
6 0.215982 0.518703 0.012265 0.079744 0.362848
6 0.788434 0.646202 0.048734 0.284309 0.441707
6 0.231304 0.514435 0.008465 0.034629 0.435329