0 0.498184 0.550122 0.033362 0.051473 0.547129
0 0.518660 0.529257 0.018652 0.029782 0.351137
1 0.391215 0.538598 0.066815 0.170270 0.564912
1 0.435366 0.535801 0.027513 0.089470 0.500654
2 0.087668 0.691268 0.174160 0.460207 0.625985
2 0.632848 0.572567 0.112802 0.301768 0.662222
3 0.264298 0.565182 0.026343 0.073443 0.426601
3 0.531960 0.556715 0.012014 0.045410 0.416480
3 0.462834 0.688786 0.061187 0.201689 0.811180
5 0.464607 0.717100 0.055840 0.140727 0.353675
6 0.982399 0.684506 0.034908 0.313314 0.785029
6 0.873012 0.651504 0.063332 0.256599 0.856534
8 0.025349 0.302124 0.050428 0.124953 0.370494