0 0.569541 0.572002 0.037144 0.053018 0.606311
0 0.208244 0.606219 0.059665 0.118656 0.578388
0 0.809935 0.659747 0.271548 0.340261 0.499415
0 0.628161 0.595400 0.054943 0.100872 0.500250
0 0.136145 0.533996 0.071125 0.052642 0.360574
0 0.983671 0.579269 0.032633 0.048721 0.376162
1 0.375240 0.521971 0.278624 0.473791 0.840035
1 0.648407 0.543225 0.076001 0.064084 0.535003
3 0.595678 0.623567 0.036045 0.106308 0.742472
3 0.045827 0.880779 0.091177 0.236312 0.540229
3 0.089695 0.754728 0.113242 0.224090 0.571019
6 0.434305 0.613695 0.052099 0.148562 0.752003
6 0.030991 0.851207 0.061750 0.295658 0.660956
6 0.180653 0.590690 0.023162 0.119726 0.609803
6 0.950924 0.590202 0.026962 0.062689 0.438374
6 0.099403 0.697564 0.089411 0.276622 0.677639