0 0.733394 0.714006 0.215851 0.255199 0.688779
0 0.562829 0.610491 0.059895 0.086977 0.613295
0 0.508515 0.595807 0.040927 0.052835 0.486204
0 0.606072 0.601799 0.040044 0.060005 0.589919
0 0.536604 0.596960 0.019116 0.058566 0.415995
0 0.653901 0.582179 0.019650 0.031212 0.353065
5 0.867826 0.653179 0.184457 0.230380 0.529000
6 0.639299 0.607376 0.027330 0.093630 0.598601
6 0.667004 0.582071 0.012086 0.036451 0.529363
8 0.660007 0.449929 0.074527 0.029493 0.358211
9 0.386773 0.802750 0.213831 0.378165 0.567802