0 0.353400 0.627424 0.144717 0.204480 0.766369
0 0.492117 0.594750 0.100230 0.176837 0.662112
0 0.716655 0.714994 0.253094 0.338018 0.660856
0 0.555506 0.550953 0.024087 0.042789 0.352622
0 0.582795 0.579360 0.071034 0.097614 0.365617
1 0.548650 0.522075 0.032252 0.051072 0.448039
2 0.610379 0.524398 0.058104 0.064124 0.449684
3 0.084016 0.788097 0.166156 0.334947 0.806320
3 0.574355 0.631487 0.048920 0.109861 0.535104
6 0.970839 0.611774 0.017573 0.102456 0.674564
6 0.840328 0.575495 0.013732 0.072458 0.721615
6 0.956912 0.608552 0.021325 0.107558 0.719484
6 0.115516 0.691765 0.072061 0.333070 0.509234
6 0.078332 0.705717 0.141605 0.318167 0.405376
8 0.829084 0.214224 0.112247 0.083108 0.409460
8 0.210585 0.079174 0.225692 0.070314 0.427313