0 0.835951 0.816102 0.327211 0.366544 0.771892
0 0.586861 0.629307 0.165454 0.234384 0.696475
0 0.171447 0.789137 0.342177 0.419574 0.731717
0 0.504148 0.588714 0.058906 0.115451 0.627708
0 0.451576 0.556205 0.055525 0.073198 0.603597
1 0.326244 0.521528 0.198819 0.360551 0.858009
3 0.728051 0.602339 0.042672 0.081604 0.827230
6 0.218946 0.523048 0.012683 0.075517 0.572250
6 0.930229 0.576671 0.021603 0.097286 0.405651
6 0.181648 0.518578 0.017472 0.092940 0.538189
6 0.725577 0.577113 0.019571 0.083560 0.499296