0 0.517765 0.618535 0.111141 0.167805 0.731216
0 0.446039 0.563540 0.044382 0.080013 0.582025
0 0.637710 0.569053 0.059171 0.084398 0.467226
2 0.389699 0.589705 0.075389 0.169185 0.584141
2 0.517424 0.505012 0.051172 0.064386 0.473390
3 0.067491 0.594747 0.108402 0.222239 0.803949
3 0.641706 0.644752 0.056557 0.149494 0.672063
3 0.970207 0.618903 0.058886 0.150371 0.496182
3 0.675073 0.624114 0.038438 0.111280 0.548287
3 0.598072 0.609998 0.034682 0.100677 0.584538
3 0.965784 0.852529 0.068252 0.231793 0.377803
3 0.857039 0.700851 0.155585 0.204409 0.509423
3 0.579477 0.563077 0.017090 0.050937 0.404116
3 0.936669 0.776456 0.125708 0.253675 0.445434
6 0.247212 0.547862 0.032293 0.151548 0.649537
6 0.370788 0.554800 0.015933 0.041150 0.493535
6 0.639177 0.567043 0.031642 0.068720 0.521190
6 0.565634 0.554102 0.014703 0.054501 0.423642
6 0.599025 0.552133 0.027049 0.041048 0.430298
6 0.477688 0.545568 0.016002 0.050315 0.395170