0 0.630068 0.586076 0.066458 0.095817 0.538988
2 0.852993 0.502180 0.292123 0.471953 0.384172
3 0.362041 0.710812 0.077130 0.230793 0.812199
3 0.550502 0.590084 0.024696 0.077620 0.653431
3 0.517967 0.584892 0.017646 0.061508 0.650029
3 0.469878 0.595379 0.020644 0.072887 0.590353
3 0.610634 0.601358 0.028317 0.071435 0.642111
3 0.744667 0.638183 0.055708 0.146458 0.562234
3 0.452553 0.597803 0.021457 0.079854 0.623475
3 0.686326 0.639002 0.050962 0.117957 0.584135
3 0.533990 0.571881 0.015465 0.057388 0.502655
3 0.567764 0.573028 0.015082 0.046769 0.458221
3 0.649926 0.598412 0.027233 0.070738 0.489998
3 0.591973 0.578953 0.015515 0.047412 0.353955
3 0.502941 0.578235 0.009349 0.042514 0.350793
6 0.609004 0.582481 0.026346 0.103851 0.524236
6 0.933818 0.765942 0.113633 0.463940 0.753449
6 0.490650 0.589290 0.022615 0.109699 0.574181
6 0.309034 0.339607 0.017630 0.050948 0.480626
6 0.325804 0.331218 0.015295 0.033594 0.448370
6 0.580073 0.574686 0.018032 0.094799 0.545371
6 0.324262 0.359051 0.014844 0.024787 0.433918
6 0.406864 0.578332 0.015253 0.077338 0.450152
6 0.462225 0.395864 0.016966 0.041465 0.414015
6 0.418807 0.580792 0.014706 0.102263 0.455604
6 0.446110 0.403481 0.010412 0.032876 0.366388
6 0.435522 0.588774 0.016391 0.083325 0.442134
6 0.979880 0.826683 0.039892 0.344378 0.421794