0 0.451571 0.782638 0.223270 0.354935 0.685587
1 0.553583 0.597538 0.181695 0.318575 0.765661
1 0.857663 0.521838 0.284168 0.932690 0.706012
1 0.433042 0.586535 0.022918 0.042082 0.489237
1 0.670137 0.592495 0.056782 0.103152 0.520371
1 0.694014 0.573380 0.046562 0.058109 0.463596
1 0.703167 0.630502 0.030214 0.088140 0.440607
3 0.696215 0.868158 0.136443 0.260886 0.453801
3 0.418370 0.869235 0.231567 0.259557 0.531658
3 0.563664 0.714700 0.039990 0.176754 0.387874
3 0.635426 0.788269 0.084225 0.249119 0.397265
6 0.445989 0.810553 0.143000 0.376703 0.821050
6 0.902596 0.804669 0.194596 0.388859 0.833272
6 0.624806 0.742214 0.082107 0.287198 0.699097
6 0.667733 0.627734 0.025372 0.062789 0.558097
6 0.125975 0.823531 0.251718 0.351185 0.805414
6 0.675107 0.720741 0.092996 0.157544 0.376563
6 0.528204 0.627111 0.026873 0.058090 0.424414
6 0.053407 0.420741 0.106545 0.508900 0.361400
9 0.174310 0.845474 0.202942 0.296870 0.367449