0 0.897234 0.630109 0.204961 0.268506 0.593595
0 0.741968 0.560439 0.036207 0.087605 0.494933
0 0.089555 0.752584 0.178105 0.492990 0.489855
1 0.430816 0.464878 0.076295 0.052827 0.676462
3 0.777542 0.590131 0.051010 0.095524 0.695233
5 0.435915 0.737456 0.502774 0.520027 0.642154
5 0.667432 0.546223 0.136676 0.197892 0.405814
6 0.820138 0.500526 0.013562 0.053271 0.491723
6 0.772792 0.560586 0.023409 0.108085 0.442250
6 0.798727 0.501091 0.016638 0.046991 0.379142
9 0.830093 0.803560 0.333824 0.382362 0.553007