0 0.666961 0.543177 0.087228 0.115904 0.670291
0 0.490285 0.501632 0.023995 0.036384 0.603821
0 0.558096 0.532212 0.086602 0.117345 0.604484
0 0.784310 0.534191 0.111169 0.106350 0.609376
0 0.712446 0.517464 0.021784 0.051517 0.425310
1 0.855427 0.487764 0.225014 0.198378 0.736191
2 0.949496 0.638092 0.100067 0.562078 0.424589
3 0.162502 0.547130 0.074486 0.069568 0.835538
3 0.384354 0.537523 0.025238 0.051815 0.469789
5 0.437432 0.575419 0.093612 0.217342 0.587999
6 0.162095 0.517956 0.033429 0.088334 0.677536
6 0.386688 0.511494 0.019823 0.049299 0.445841
9 0.277291 0.514147 0.145309 0.056135 0.360465