0 0.258252 0.651745 0.273565 0.318628 0.727273
0 0.637118 0.498008 0.036704 0.046849 0.652350
0 0.423808 0.516319 0.048021 0.072273 0.377094
0 0.531075 0.513090 0.065422 0.100713 0.524273
1 0.561450 0.455683 0.035036 0.064261 0.465379
3 0.724938 0.688710 0.120000 0.275775 0.806258
3 0.576449 0.595499 0.038568 0.085659 0.703391
3 0.492475 0.549458 0.027109 0.103785 0.620192
3 0.029264 0.649294 0.058081 0.197522 0.546644
3 0.377254 0.538652 0.027487 0.050829 0.356150
3 0.132184 0.632228 0.082759 0.195664 0.385445
6 0.709133 0.603388 0.081861 0.255214 0.878055
6 0.573725 0.542201 0.046387 0.141058 0.713007
6 0.454738 0.540341 0.042264 0.136291 0.695286
6 0.143131 0.541703 0.048891 0.128093 0.702692
6 0.379792 0.515862 0.025899 0.087503 0.607058
6 0.209996 0.492159 0.024992 0.044470 0.637432
6 0.947258 0.512455 0.021238 0.096142 0.473315
6 0.658005 0.493543 0.009573 0.039226 0.393129
6 0.675112 0.486079 0.005544 0.034414 0.377832
6 0.386917 0.488219 0.010927 0.031470 0.351596
7 0.356850 0.390533 0.010661 0.043636 0.657376
8 0.393692 0.286096 0.040810 0.047043 0.576586
9 0.921628 0.630470 0.153631 0.232986 0.567377