0 0.508827 0.643629 0.074093 0.117030 0.671908
0 0.647648 0.588441 0.059876 0.045255 0.574322
0 0.465706 0.599388 0.033903 0.045062 0.575718
0 0.407485 0.623970 0.060812 0.080781 0.541422
0 0.538858 0.603962 0.049037 0.062764 0.409784
3 0.725910 0.630466 0.023015 0.065389 0.720534
3 0.677762 0.602487 0.034083 0.046185 0.620212
3 0.577948 0.604182 0.013463 0.038631 0.584565
3 0.605865 0.595202 0.016306 0.029102 0.536080
6 0.633051 0.606433 0.009852 0.060139 0.601043
8 0.706831 0.464327 0.046107 0.037507 0.372737
9 0.882589 0.663298 0.230951 0.166110 0.425634