0 0.907262 0.711874 0.184970 0.424334 0.746417
0 0.015481 0.613456 0.030752 0.125195 0.425155
0 0.378439 0.557854 0.063221 0.036450 0.399425
1 0.516238 0.520491 0.040006 0.036498 0.513171
2 0.253778 0.547683 0.098214 0.114588 0.549290
2 0.519896 0.595985 0.053553 0.122373 0.541703
2 0.563298 0.545108 0.026552 0.048374 0.443558
3 0.480793 0.591433 0.018159 0.061685 0.734075
3 0.171083 0.764684 0.122368 0.263060 0.784108
3 0.018811 0.737692 0.037344 0.204797 0.652777
3 0.422000 0.576731 0.012765 0.039044 0.698129
3 0.383582 0.582016 0.015234 0.045168 0.688849
3 0.335920 0.596126 0.020389 0.054477 0.731970
6 0.177807 0.686913 0.086253 0.264630 0.876402
6 0.337405 0.579148 0.020228 0.057972 0.667675
8 0.707292 0.476368 0.024606 0.060366 0.416309
9 0.706120 0.614824 0.261234 0.138442 0.488041