0 0.763240 0.620301 0.053102 0.081445 0.604382
1 0.556369 0.570092 0.129827 0.235930 0.819266
2 0.900383 0.512814 0.198337 0.808567 0.431233
3 0.786391 0.724422 0.045406 0.164756 0.653044
3 0.151397 0.899903 0.199292 0.198225 0.398869
3 0.666173 0.837898 0.112859 0.321673 0.470552
3 0.718878 0.653073 0.036591 0.075833 0.581292
3 0.427559 0.628215 0.025340 0.073859 0.594019
6 0.168884 0.799609 0.159262 0.398162 0.872926
6 0.663557 0.763642 0.107723 0.345639 0.782156
6 0.786645 0.679570 0.054725 0.231099 0.776216
6 0.722077 0.622283 0.024047 0.102408 0.588353
6 0.485420 0.594982 0.015758 0.085415 0.448101
8 0.401585 0.453633 0.028121 0.060210 0.376931
9 0.124558 0.799001 0.245611 0.231932 0.458812