0 0.842998 0.756900 0.313679 0.483842 0.721924
0 0.682350 0.471551 0.042179 0.051381 0.642957
0 0.592366 0.455350 0.028418 0.045309 0.563004
0 0.560043 0.436010 0.014070 0.020681 0.465783
0 0.825125 0.494321 0.068004 0.063264 0.560142
0 0.787420 0.478772 0.037236 0.055732 0.545848
0 0.607756 0.445691 0.020193 0.036879 0.450849
1 0.638483 0.465734 0.035088 0.065050 0.435919
1 0.703703 0.455821 0.020471 0.040208 0.350850
1 0.539853 0.420891 0.019740 0.031405 0.385529
3 0.493810 0.495051 0.021091 0.058946 0.550600
3 0.545180 0.452557 0.010246 0.037538 0.460119
3 0.474886 0.471473 0.015340 0.043062 0.536469
3 0.507514 0.475073 0.013715 0.050749 0.432497
6 0.254623 0.585716 0.059726 0.300969 0.866958
6 0.732984 0.477495 0.016220 0.058901 0.667165
6 0.494260 0.467385 0.022412 0.074449 0.589056
6 0.475983 0.457257 0.017184 0.066151 0.391891
6 0.255658 0.338697 0.038525 0.065520 0.400500