0 0.386332 0.536315 0.019737 0.026387 0.518603
0 0.515572 0.527366 0.029793 0.015484 0.483623
3 0.431608 0.609687 0.037600 0.114383 0.758102
3 0.332681 0.642134 0.047457 0.120670 0.814681
3 0.456766 0.573238 0.023431 0.064031 0.649171
3 0.366583 0.545716 0.012158 0.038301 0.515440
6 0.333810 0.583771 0.047713 0.142367 0.796257
6 0.430480 0.575927 0.033956 0.124983 0.734439
6 0.456640 0.554447 0.021746 0.074980 0.652341
6 0.417794 0.537780 0.012793 0.040166 0.368274
6 0.353199 0.538281 0.009314 0.038029 0.378175
9 0.162574 0.692298 0.320288 0.344402 0.416519