0 0.371907 0.584479 0.051495 0.101128 0.377861
0 0.428126 0.578614 0.040843 0.073724 0.387905
1 0.478195 0.557358 0.060591 0.116666 0.486893
1 0.428903 0.542937 0.050670 0.081892 0.356638
3 0.647601 0.770947 0.102825 0.274228 0.777397
3 0.429974 0.632787 0.030902 0.073878 0.633579
3 0.756976 0.597647 0.039902 0.083565 0.522060
3 0.335197 0.581187 0.017615 0.044308 0.404104
5 0.534701 0.619383 0.077021 0.190984 0.517187
6 0.396288 0.627891 0.039153 0.166522 0.793775
6 0.640617 0.663432 0.073989 0.288421 0.789817
6 0.430258 0.598666 0.029361 0.101727 0.573979
6 0.440919 0.585970 0.015115 0.076246 0.430997
9 0.141232 0.835946 0.276148 0.314622 0.398029