0 0.706162 0.648160 0.038963 0.055649 0.411506
1 0.570175 0.579749 0.118576 0.218744 0.817391
1 0.861320 0.623069 0.252093 0.272615 0.832329
2 0.493424 0.582646 0.043113 0.129595 0.477998
3 0.157645 0.878692 0.176849 0.240090 0.624898
5 0.374625 0.596942 0.105271 0.147070 0.472489
6 0.247337 0.675332 0.030250 0.184016 0.718949
6 0.300013 0.644730 0.029222 0.135915 0.711767
6 0.178027 0.794985 0.126471 0.407267 0.810329
6 0.372103 0.628712 0.016471 0.087832 0.480393
6 0.361177 0.638608 0.011651 0.070816 0.368306
9 0.813505 0.829348 0.368081 0.331436 0.462114