1 0.476155 0.526587 0.052832 0.107033 0.540308
2 0.578254 0.502534 0.093196 0.109768 0.664337
3 0.432962 0.716150 0.062642 0.162966 0.759448
3 0.649475 0.558455 0.029513 0.071221 0.744831
3 0.467232 0.576667 0.031540 0.075085 0.674237
4 0.435152 0.713777 0.058900 0.168745 0.410681
6 0.428477 0.630554 0.073046 0.246994 0.803461
6 0.606244 0.544288 0.024269 0.092727 0.644210
6 0.468443 0.546185 0.034310 0.130458 0.652702
6 0.648472 0.539586 0.025973 0.080210 0.683375
8 0.076336 0.156574 0.151973 0.230373 0.497594
9 0.185036 0.677251 0.364999 0.348678 0.372415