0 0.699774 0.564248 0.108372 0.100102 0.645815
0 0.604745 0.561414 0.027249 0.074453 0.423801
2 0.562069 0.563690 0.070797 0.112168 0.456008
3 0.642324 0.632630 0.047688 0.101444 0.753053
3 0.472657 0.614712 0.026912 0.083604 0.691304
3 0.279969 0.672845 0.092045 0.185131 0.576827
3 0.488802 0.571977 0.012431 0.036183 0.433007
3 0.453078 0.571923 0.011529 0.025681 0.397230
3 0.769475 0.621572 0.072671 0.087769 0.447085
3 0.327876 0.655282 0.049002 0.126851 0.370620
3 0.818400 0.636988 0.094651 0.114336 0.415016
6 0.199119 0.613805 0.057375 0.185171 0.757897
6 0.096910 0.760415 0.093662 0.450474 0.774432
6 0.371663 0.650798 0.051969 0.201301 0.689535
6 0.644298 0.593765 0.036127 0.116316 0.719762
6 0.035085 0.762353 0.070033 0.472772 0.571262
6 0.472485 0.586565 0.027441 0.104651 0.626145
6 0.416881 0.653961 0.043127 0.185658 0.563695
6 0.437508 0.578509 0.013686 0.067814 0.566090
6 0.298775 0.572900 0.030401 0.152066 0.473560
6 0.524919 0.567602 0.009568 0.062303 0.493654