3 0.353326 0.683736 0.097966 0.149703 0.787811
3 0.141724 0.601718 0.013822 0.043352 0.458194
3 0.014938 0.637410 0.029662 0.072964 0.537105
3 0.252427 0.605667 0.037109 0.062237 0.516187
3 0.977309 0.676315 0.044182 0.082839 0.450989
3 0.162528 0.580103 0.010280 0.033097 0.378715
3 0.048953 0.616205 0.046307 0.057430 0.366130
5 0.783228 0.730594 0.431490 0.533062 0.401814
6 0.341492 0.646174 0.038167 0.159334 0.792647
6 0.193514 0.592925 0.020641 0.080917 0.627159
6 0.298300 0.626312 0.026989 0.154104 0.776463
6 0.408381 0.646645 0.042275 0.189456 0.621121
6 0.090529 0.604004 0.019591 0.088484 0.603846
6 0.904109 0.820917 0.113299 0.356634 0.442302
6 0.073610 0.584562 0.008853 0.023494 0.377545
6 0.152950 0.580330 0.011265 0.038208 0.390570
8 0.186799 0.490526 0.032389 0.023123 0.405922