0 0.701545 0.641490 0.230223 0.174693 0.728552
0 0.640438 0.554668 0.015040 0.026642 0.469541
0 0.563192 0.553679 0.019663 0.037127 0.483226
0 0.968926 0.781124 0.061788 0.435419 0.451498
0 0.575631 0.562121 0.009656 0.040987 0.417914
2 0.682350 0.561204 0.074497 0.087471 0.395705
2 0.924157 0.690699 0.119115 0.242934 0.431671
3 0.292492 0.627756 0.040653 0.086325 0.812422
3 0.808081 0.703555 0.101173 0.166376 0.594195
3 0.589826 0.578110 0.019646 0.053664 0.519935
3 0.407944 0.587881 0.023940 0.062948 0.760494
5 0.517447 0.608879 0.084669 0.161773 0.549270
6 0.846457 0.672136 0.051482 0.246682 0.745452
6 0.295103 0.590631 0.033755 0.113680 0.806109
6 0.829052 0.659102 0.053034 0.218147 0.556142
6 0.620974 0.573674 0.016533 0.070411 0.593141
6 0.407833 0.569733 0.023761 0.076187 0.694665
6 0.878628 0.567354 0.014548 0.027785 0.455777
6 0.832249 0.435308 0.026192 0.080352 0.395377
6 0.907196 0.560233 0.014985 0.021003 0.350625
9 0.239929 0.615745 0.475424 0.134447 0.437650