3 0.193704 0.715712 0.147775 0.204904 0.774976
3 0.892121 0.749485 0.214371 0.240055 0.684840
3 0.744381 0.630802 0.053478 0.159343 0.653516
3 0.022637 0.670550 0.044865 0.266750 0.417230
5 0.542374 0.715688 0.377221 0.450609 0.709254
6 0.889643 0.705610 0.080175 0.368720 0.819479
6 0.199103 0.654904 0.081626 0.239313 0.812188
6 0.696683 0.085062 0.067445 0.125149 0.679155
6 0.518626 0.084147 0.067594 0.168153 0.658005
6 0.576350 0.704282 0.059960 0.297720 0.505548
6 0.818554 0.636115 0.073665 0.265372 0.762749
6 0.356728 0.125627 0.050951 0.119427 0.615467
6 0.235135 0.154239 0.027690 0.083742 0.432074
6 0.236606 0.075704 0.025023 0.067853 0.410025
6 0.237329 0.016800 0.022496 0.033280 0.350373