0 0.526159 0.575982 0.063702 0.081902 0.647465
0 0.750932 0.601731 0.119171 0.156190 0.539552
0 0.488547 0.557608 0.025922 0.049436 0.511933
0 0.581504 0.562468 0.028454 0.045145 0.365668
0 0.597507 0.568485 0.041396 0.055089 0.464624
2 0.153798 0.737180 0.306950 0.522395 0.555423
3 0.624457 0.677071 0.059660 0.149708 0.765520
3 0.375405 0.664386 0.045761 0.110383 0.637399
3 0.851869 0.828293 0.177610 0.341646 0.521644
3 0.407397 0.622223 0.024833 0.075240 0.545654
3 0.307982 0.605812 0.024876 0.069884 0.366730
3 0.764355 0.682553 0.042095 0.125994 0.378557
6 0.626815 0.615535 0.057818 0.163240 0.786006
6 0.469666 0.569074 0.032129 0.104883 0.743248
6 0.512086 0.573340 0.019911 0.099374 0.744456
6 0.853176 0.743502 0.116515 0.343821 0.389598
6 0.768508 0.646126 0.049345 0.198338 0.506913
6 0.374489 0.606692 0.047076 0.154447 0.550922
6 0.692104 0.579119 0.013762 0.076204 0.357037
6 0.407849 0.582930 0.028223 0.114037 0.394183
6 0.365668 0.556455 0.020272 0.051603 0.407165
6 0.795865 0.679329 0.062854 0.232228 0.367205