0 0.607302 0.584266 0.055831 0.075687 0.660381
0 0.651169 0.581746 0.026466 0.064473 0.462407
0 0.531442 0.531767 0.018578 0.022442 0.361047
2 0.729272 0.570341 0.134707 0.169305 0.466360
3 0.449036 0.661796 0.039050 0.099058 0.785494
3 0.559695 0.569097 0.014110 0.036647 0.551676
3 0.025615 0.853184 0.050718 0.227627 0.511589
3 0.369183 0.593572 0.020170 0.071591 0.374968
5 0.500557 0.593641 0.061465 0.129428 0.460080
5 0.273537 0.607656 0.175196 0.186560 0.406440
6 0.755642 0.619879 0.029106 0.161019 0.724946
6 0.451271 0.614610 0.037167 0.130326 0.728894
6 0.533911 0.558720 0.013594 0.047219 0.578095
6 0.359076 0.586792 0.024548 0.088798 0.568715
6 0.376556 0.576064 0.020884 0.071719 0.416493
6 0.424520 0.574711 0.015790 0.045115 0.382099