0 0.670694 0.562415 0.070623 0.078642 0.691905
0 0.607908 0.536035 0.030831 0.031523 0.539815
2 0.054367 0.635729 0.108458 0.207094 0.660603
2 0.878172 0.563355 0.072591 0.098600 0.501376
3 0.818006 0.599956 0.041033 0.097380 0.760728
3 0.412324 0.601534 0.028792 0.077864 0.682105
3 0.775999 0.581996 0.029068 0.070712 0.670188
3 0.446961 0.558608 0.009505 0.022878 0.591044
3 0.457607 0.549108 0.007766 0.022698 0.554973
3 0.495607 0.552591 0.008851 0.024001 0.551582
3 0.474113 0.536904 0.004925 0.014070 0.359024
3 0.428080 0.577751 0.009025 0.037206 0.372907
6 0.775973 0.561285 0.026464 0.086297 0.674798
6 0.424763 0.559544 0.015291 0.067463 0.507252
6 0.813493 0.573932 0.027582 0.101847 0.639359
6 0.412143 0.572413 0.028798 0.094123 0.538091
6 0.800868 0.558465 0.018292 0.069817 0.434182