0 0.638928 0.510308 0.112536 0.149369 0.697538
0 0.478051 0.453751 0.038441 0.054704 0.659738
0 0.870211 0.712782 0.259499 0.502362 0.690231
0 0.539919 0.456255 0.039316 0.058616 0.677078
0 0.867488 0.470684 0.092759 0.050573 0.413652
1 0.519631 0.419514 0.052489 0.090824 0.782131
6 0.104091 0.522539 0.014137 0.055024 0.548170
6 0.013910 0.528068 0.026057 0.065803 0.516493
6 0.086531 0.522888 0.014665 0.032068 0.456920
6 0.052262 0.508876 0.021023 0.043959 0.389755
6 0.022779 0.571331 0.011965 0.022950 0.374792
9 0.232318 0.706498 0.459982 0.564194 0.725132