0 0.201327 0.552304 0.072643 0.066058 0.691077
0 0.082989 0.685313 0.165712 0.283977 0.700214
0 0.947715 0.580597 0.103205 0.078492 0.731960
0 0.471126 0.557581 0.026470 0.046267 0.574854
0 0.984952 0.561446 0.029756 0.052679 0.497698
0 0.338885 0.551135 0.017152 0.043666 0.420610
0 0.343240 0.566740 0.012384 0.048900 0.406268
1 0.403330 0.538754 0.115823 0.164607 0.816864
2 0.562110 0.539239 0.039004 0.067220 0.486102
2 0.105976 0.558944 0.123878 0.120668 0.441850
2 0.513027 0.545071 0.033742 0.071219 0.450450
3 0.531683 0.656549 0.044315 0.117792 0.789638
3 0.883189 0.567592 0.019113 0.048137 0.371752
6 0.409274 0.560350 0.016207 0.045434 0.634322
6 0.531467 0.608308 0.043014 0.133147 0.657027
6 0.546236 0.557617 0.016336 0.059860 0.562537
6 0.285884 0.552179 0.009922 0.057155 0.467152
6 0.519709 0.550030 0.015868 0.043305 0.358433
9 0.788038 0.686305 0.419304 0.310760 0.680430