0 0.095407 0.576005 0.081841 0.102707 0.494410
2 0.487397 0.518525 0.101614 0.219130 0.414827
3 0.400858 0.723913 0.066287 0.159872 0.780946
3 0.313046 0.648506 0.044936 0.106374 0.726845
3 0.477915 0.651966 0.035624 0.096563 0.688560
3 0.135438 0.651334 0.029024 0.091425 0.474572
3 0.440477 0.631891 0.027229 0.084349 0.505164
5 0.233384 0.581532 0.080697 0.170735 0.355750
6 0.477741 0.600991 0.039865 0.140773 0.675213
6 0.173368 0.642763 0.045123 0.246005 0.678532
6 0.313225 0.596422 0.039064 0.143443 0.659748
6 0.348863 0.563692 0.016157 0.090036 0.625521
6 0.148928 0.634949 0.039716 0.228282 0.590029
6 0.390543 0.558846 0.020783 0.073416 0.482261
6 0.437782 0.593393 0.033876 0.135028 0.491924
6 0.535038 0.553403 0.013541 0.062223 0.472372
6 0.323047 0.537332 0.012917 0.051181 0.500576
6 0.404691 0.650475 0.064216 0.215551 0.646282
9 0.826064 0.717794 0.324014 0.452420 0.585426