0 0.627686 0.530763 0.085053 0.108802 0.644548
0 0.528466 0.538785 0.076295 0.117843 0.587810
0 0.428814 0.538309 0.066903 0.105059 0.575300
0 0.494873 0.496168 0.020134 0.046312 0.372829
0 0.468799 0.506104 0.037613 0.072861 0.357428
0 0.782268 0.607112 0.165525 0.166544 0.389980
1 0.491126 0.457666 0.029679 0.036113 0.531603
1 0.530163 0.465705 0.031028 0.029648 0.393237
3 0.375546 0.607597 0.053487 0.174755 0.810509
5 0.086326 0.740333 0.171548 0.514110 0.510879
5 0.850010 0.734741 0.297957 0.524870 0.424365
5 0.374508 0.616348 0.053296 0.155307 0.369804
6 0.073989 0.771037 0.147376 0.346154 0.725517
6 0.385768 0.560624 0.033327 0.151395 0.431553
6 0.809703 0.719518 0.111618 0.309938 0.429043
8 0.877449 0.424552 0.132323 0.126250 0.486786
8 0.082515 0.223532 0.052608 0.111564 0.382692