0 0.591480 0.538307 0.018474 0.030627 0.554639
0 0.610153 0.546488 0.028727 0.038813 0.604965
0 0.449247 0.550285 0.026949 0.048534 0.569415
0 0.571071 0.527329 0.013578 0.020249 0.439410
0 0.460972 0.541449 0.021187 0.040615 0.377901
1 0.468175 0.509386 0.036611 0.052186 0.361496
2 0.391321 0.540743 0.092705 0.144234 0.568848
3 0.502417 0.563588 0.014970 0.032125 0.589064
3 0.477163 0.565235 0.012475 0.034699 0.645962
5 0.284153 0.656719 0.141142 0.300289 0.701105
6 0.213486 0.641904 0.046725 0.267038 0.860881
6 0.693137 0.578102 0.021822 0.094836 0.748614
6 0.635869 0.557087 0.011960 0.051888 0.755245
6 0.477163 0.548013 0.015002 0.056337 0.508780
6 0.754892 0.577776 0.015850 0.071816 0.535585
6 0.252719 0.285350 0.016491 0.025207 0.451322
6 0.762523 0.581636 0.021464 0.072628 0.497210
6 0.780858 0.577415 0.020562 0.073227 0.507119
6 0.492697 0.539493 0.010258 0.040155 0.386450
6 0.503077 0.546254 0.015511 0.043949 0.418347