0 0.855942 0.781134 0.287306 0.435857 0.755175
0 0.476635 0.687776 0.187891 0.389804 0.699610
2 0.589816 0.585666 0.072014 0.140460 0.423585
3 0.984740 0.591464 0.030288 0.136634 0.421959
3 0.951132 0.586466 0.032209 0.084835 0.458990
5 0.670179 0.611841 0.100920 0.217209 0.498885
6 0.223117 0.625134 0.045785 0.213320 0.714247
6 0.260425 0.603862 0.037291 0.189535 0.678228
6 0.783519 0.553215 0.029781 0.061372 0.512453
8 0.355183 0.478651 0.024693 0.031713 0.388478
9 0.195967 0.772648 0.387662 0.439220 0.605814