0 0.877751 0.753888 0.244079 0.489560 0.756443
0 0.643370 0.619003 0.137664 0.170829 0.642460
0 0.461338 0.778038 0.316085 0.441961 0.722550
0 0.343819 0.526312 0.032242 0.056436 0.350590
0 0.211212 0.524945 0.082278 0.078069 0.413791
1 0.875828 0.537346 0.139932 0.171135 0.582306
1 0.270488 0.506216 0.045061 0.063708 0.357666
2 0.599793 0.530689 0.043603 0.093928 0.390831
2 0.398156 0.525723 0.062772 0.127437 0.365117
3 0.652977 0.698684 0.062505 0.173165 0.734199
3 0.517559 0.544468 0.028448 0.044435 0.371999
6 0.647791 0.642123 0.066817 0.239848 0.726698
6 0.156255 0.513699 0.029812 0.086620 0.721792
6 0.290490 0.540724 0.011797 0.075914 0.637992
6 0.262304 0.534976 0.015103 0.069752 0.646306
6 0.235402 0.658662 0.057658 0.253044 0.552488
6 0.395883 0.544072 0.026358 0.050027 0.534985
6 0.338969 0.545686 0.017091 0.084353 0.525774
6 0.700512 0.554175 0.020942 0.045082 0.495418
6 0.642408 0.518369 0.018168 0.035062 0.487295
6 0.530641 0.537310 0.016456 0.056969 0.416101
6 0.564796 0.571648 0.027648 0.091576 0.428596
6 0.098859 0.510391 0.022719 0.087390 0.469144
6 0.360260 0.555803 0.013809 0.088281 0.393133
6 0.927833 0.504342 0.026520 0.047584 0.387299
6 0.317943 0.543704 0.014133 0.092172 0.581623
8 0.739302 0.196393 0.069353 0.183252 0.378219
8 0.338579 0.417559 0.018516 0.041975 0.375992
9 0.312812 0.577703 0.092499 0.081025 0.378443