0 0.939897 0.713991 0.119779 0.195245 0.735510
0 0.390903 0.637359 0.036128 0.146335 0.534298
0 0.434929 0.586828 0.029421 0.038141 0.550407
0 0.413232 0.574765 0.014369 0.024586 0.453700
0 0.451576 0.582897 0.015818 0.029819 0.446150
1 0.541546 0.596635 0.127232 0.244917 0.648358
1 0.253329 0.614038 0.260888 0.474021 0.615240
3 0.759094 0.690806 0.048338 0.112000 0.835576
3 0.402849 0.592337 0.011063 0.027352 0.356283
6 0.755619 0.656475 0.036884 0.128622 0.612003
6 0.742902 0.657995 0.025454 0.133192 0.522308
6 0.403233 0.581763 0.009923 0.041758 0.524526
9 0.797736 0.820788 0.400318 0.347935 0.470084