0 0.457242 0.604188 0.104181 0.154773 0.720900
1 0.517158 0.515079 0.035881 0.055616 0.557010
3 0.608465 0.679438 0.056791 0.182618 0.797829
3 0.554163 0.619778 0.043329 0.124903 0.766154
3 0.214510 0.726842 0.086495 0.226477 0.681388
3 0.822159 0.599325 0.072196 0.102204 0.539389
3 0.349618 0.609376 0.066891 0.122963 0.529507
3 0.048300 0.878860 0.095760 0.238999 0.394221
3 0.511003 0.544495 0.015441 0.034222 0.398788
3 0.093757 0.795284 0.111322 0.178221 0.370210
6 0.353375 0.595452 0.033537 0.158443 0.710700
6 0.609080 0.618502 0.056951 0.205521 0.691317
6 0.865133 0.530685 0.027571 0.149695 0.677334
6 0.521401 0.543186 0.013146 0.068885 0.569305
6 0.565689 0.539058 0.019793 0.053785 0.568629
6 0.979615 0.264211 0.039960 0.144246 0.580712
6 0.486753 0.525986 0.012860 0.023964 0.468709
6 0.987034 0.411461 0.025723 0.125545 0.590063
6 0.553660 0.585632 0.042641 0.131399 0.527728
6 0.431621 0.521671 0.013733 0.026201 0.356139
8 0.202364 0.530890 0.046876 0.048811 0.350595