0 0.940355 0.740455 0.118800 0.347706 0.683687
0 0.690168 0.749228 0.364707 0.491505 0.739257
0 0.209766 0.789630 0.419081 0.418602 0.790783
0 0.428748 0.576249 0.051809 0.119766 0.471377
0 0.250642 0.528869 0.059774 0.066736 0.428270
1 0.776316 0.514001 0.240507 0.274536 0.708684
1 0.517122 0.528197 0.077558 0.187115 0.598260
1 0.364258 0.557523 0.089264 0.101427 0.383813
3 0.456805 0.707261 0.049528 0.134937 0.429946
6 0.484604 0.611556 0.038102 0.188646 0.743518
6 0.864920 0.634406 0.057831 0.192341 0.467170
6 0.454588 0.641042 0.066162 0.218244 0.745789
6 0.393140 0.661686 0.073568 0.262141 0.798250