0 0.314070 0.725593 0.274635 0.358309 0.686309
0 0.038930 0.912913 0.077518 0.172795 0.548243
0 0.145744 0.638978 0.146126 0.194961 0.596997
0 0.610006 0.523488 0.045408 0.083406 0.438133
0 0.251429 0.622159 0.164690 0.199333 0.521637
1 0.824139 0.439433 0.350968 0.440363 0.834076
1 0.440157 0.524157 0.070486 0.151036 0.559089
1 0.343006 0.516495 0.037239 0.061808 0.469882
3 0.497709 0.646189 0.052607 0.147735 0.876220
6 0.498056 0.598033 0.057138 0.171053 0.783051
6 0.034282 0.629846 0.033093 0.158194 0.573639
6 0.375652 0.531010 0.026307 0.036516 0.594164
6 0.348064 0.534363 0.018716 0.028153 0.671680
6 0.838762 0.403609 0.031198 0.087898 0.552248
6 0.015137 0.656130 0.029988 0.154687 0.595750
6 0.480117 0.523763 0.008226 0.034108 0.390261
9 0.630040 0.677417 0.072669 0.260918 0.396148