0 0.756695 0.699555 0.272728 0.348750 0.647728
0 0.082103 0.566692 0.096389 0.076102 0.636371
0 0.525459 0.527010 0.028561 0.043830 0.561129
0 0.447779 0.521138 0.022067 0.039128 0.535258
0 0.502966 0.509869 0.019655 0.035395 0.385303
0 0.606116 0.521786 0.024545 0.025659 0.373292
3 0.546313 0.559490 0.015538 0.040226 0.725489
5 0.481899 0.566270 0.054903 0.125419 0.568999
5 0.271012 0.623345 0.118892 0.232784 0.549918
5 0.366595 0.597981 0.081643 0.181827 0.539927
6 0.792245 0.518717 0.015959 0.032324 0.458671
6 0.173805 0.583111 0.019131 0.090378 0.503023
6 0.740326 0.515310 0.016402 0.029093 0.435888