0 0.833019 0.715835 0.330165 0.366042 0.758908
0 0.491484 0.735951 0.245096 0.394560 0.715483
0 0.044627 0.913956 0.088954 0.170716 0.610586
0 0.661619 0.611306 0.123794 0.176840 0.636797
0 0.958987 0.926644 0.081524 0.145519 0.547252
0 0.398786 0.574461 0.109566 0.154155 0.610489
0 0.908463 0.559214 0.071202 0.071311 0.460412
0 0.505521 0.531684 0.064694 0.031178 0.405406
0 0.450533 0.529232 0.033909 0.038350 0.456486
0 0.626661 0.553100 0.065604 0.099245 0.363030
0 0.584120 0.552177 0.036620 0.094235 0.446937
1 0.481493 0.499150 0.047034 0.081818 0.486907
6 0.337227 0.542558 0.015235 0.070152 0.626589
6 0.300362 0.524368 0.014932 0.049126 0.362398
9 0.116543 0.528022 0.229935 0.148708 0.376793