0 0.298330 0.634765 0.190990 0.195642 0.769261
0 0.496701 0.704211 0.201426 0.306386 0.739166
0 0.814276 0.741497 0.301051 0.382988 0.700494
0 0.955610 0.613996 0.088485 0.156249 0.666635
0 0.532696 0.546416 0.065255 0.041345 0.509655
0 0.421013 0.581082 0.085096 0.109486 0.660099
0 0.748031 0.538354 0.071180 0.057400 0.400483
0 0.660539 0.593472 0.081128 0.121140 0.532826
0 0.834458 0.578580 0.112197 0.108298 0.382085
1 0.545761 0.509242 0.065376 0.068680 0.532274
3 0.592272 0.647305 0.035083 0.085302 0.529254
3 0.658736 0.646405 0.038507 0.114212 0.586915
6 0.657654 0.609026 0.041816 0.158292 0.731034
6 0.431306 0.584050 0.030958 0.110538 0.707437
6 0.386573 0.541354 0.011423 0.035792 0.460305
6 0.478707 0.537607 0.022501 0.032200 0.416863
6 0.458636 0.536824 0.013846 0.032626 0.378409
6 0.589778 0.606902 0.041881 0.164171 0.395935
9 0.188365 0.511978 0.372655 0.189629 0.357996