0 0.901632 0.603815 0.137284 0.132501 0.617678
2 0.297779 0.609568 0.083759 0.178578 0.358888
3 0.726989 0.657447 0.084244 0.122738 0.796826
3 0.903407 0.826652 0.191517 0.344600 0.793094
3 0.547015 0.573393 0.024655 0.052696 0.419873
5 0.436507 0.694148 0.168647 0.367549 0.643168
5 0.151061 0.658618 0.164539 0.323310 0.502109
6 0.349940 0.623476 0.026654 0.188234 0.759668
6 0.897456 0.728662 0.112518 0.338227 0.892262
6 0.724846 0.614217 0.054083 0.139381 0.855751
6 0.594878 0.570021 0.012431 0.076575 0.488158
6 0.585932 0.571200 0.011583 0.070678 0.452215