0 0.630158 0.602451 0.048278 0.113067 0.536325
0 0.553360 0.643983 0.127989 0.263065 0.367161
0 0.384141 0.545659 0.020071 0.036182 0.372593
2 0.808548 0.644695 0.243488 0.416072 0.651941
3 0.440565 0.705462 0.051586 0.138755 0.732372
3 0.533330 0.788902 0.097575 0.241234 0.763436
3 0.671696 0.645390 0.025802 0.098074 0.592602
3 0.477597 0.631115 0.028049 0.087423 0.474024
6 0.671219 0.616795 0.023646 0.126576 0.704103
6 0.443204 0.634829 0.050016 0.166284 0.552063
6 0.409914 0.592996 0.019302 0.115358 0.493651
6 0.531113 0.681145 0.081471 0.259228 0.416033
6 0.398429 0.561503 0.013582 0.074065 0.447693
6 0.463097 0.566432 0.024245 0.078126 0.353145
9 0.215866 0.783788 0.425365 0.417796 0.663260