0 0.076060 0.506239 0.151734 0.281237 0.639264
0 0.783880 0.730994 0.431945 0.535860 0.567708
0 0.326195 0.377573 0.020785 0.058733 0.447331
0 0.293903 0.384985 0.054395 0.087847 0.455308
3 0.197315 0.767102 0.201410 0.462265 0.857570
3 0.504951 0.494608 0.138157 0.191208 0.528046
3 0.431555 0.464936 0.112153 0.158917 0.368601
6 0.191240 0.706819 0.148520 0.579436 0.812119
6 0.865114 0.305107 0.032965 0.067253 0.515580
6 0.797119 0.328623 0.018415 0.065998 0.423440
6 0.796411 0.404680 0.027614 0.072672 0.413013
6 0.081663 0.379673 0.017599 0.031696 0.429486
6 0.900867 0.306324 0.025428 0.063440 0.434030
6 0.908639 0.362665 0.021696 0.039931 0.383465
8 0.863325 0.143409 0.095508 0.093248 0.395845