0 0.820978 0.555094 0.145320 0.131822 0.714042
0 0.900234 0.801994 0.199116 0.394115 0.728200
0 0.576661 0.511225 0.062223 0.084911 0.605955
0 0.531869 0.486832 0.032354 0.053556 0.554066
0 0.641047 0.493372 0.024987 0.042681 0.534812
0 0.490372 0.464307 0.013183 0.019806 0.398479
1 0.484573 0.453521 0.038260 0.042792 0.376898
2 0.516226 0.457168 0.030189 0.059154 0.450394
3 0.460240 0.479359 0.011474 0.046957 0.551038
3 0.707135 0.519176 0.025068 0.058954 0.787951
3 0.481583 0.475804 0.009774 0.037170 0.459891
6 0.920342 0.542286 0.013672 0.091645 0.795653
9 0.257641 0.731096 0.405134 0.526342 0.411838