0 0.750522 0.582991 0.072898 0.086251 0.645749
0 0.457652 0.544048 0.020571 0.033613 0.581916
0 0.570590 0.545879 0.030132 0.041767 0.367767
0 0.445060 0.544770 0.011231 0.029152 0.360150
1 0.459408 0.531144 0.036465 0.042779 0.534246
2 0.489859 0.530005 0.026081 0.071025 0.484166
2 0.421556 0.534353 0.020657 0.052780 0.457021
3 0.667400 0.580488 0.022186 0.064896 0.585349
3 0.705171 0.588182 0.024541 0.061090 0.472422
3 0.285979 0.527773 0.023476 0.038323 0.426805
3 0.222162 0.720454 0.092972 0.198828 0.778446
6 0.342969 0.555871 0.017109 0.079422 0.812227
6 0.204812 0.643350 0.081347 0.236799 0.757758
6 0.236529 0.647561 0.059660 0.223880 0.657772
9 0.761994 0.773117 0.470732 0.441107 0.392001