0 0.441843 0.595816 0.043019 0.034386 0.596534
0 0.632596 0.654841 0.103540 0.122407 0.736949
0 0.320310 0.661003 0.104292 0.150281 0.670631
0 0.362567 0.629995 0.048625 0.094814 0.599164
0 0.265448 0.639187 0.044289 0.093383 0.358243
1 0.379803 0.588361 0.042298 0.093993 0.592855
1 0.401399 0.580615 0.012970 0.046634 0.389835
2 0.121982 0.744193 0.201942 0.388074 0.440060
2 0.044988 0.732507 0.089752 0.531999 0.418853
3 0.483955 0.614298 0.010337 0.033259 0.545949
6 0.484364 0.604903 0.011248 0.051812 0.817370
8 0.176614 0.460182 0.028815 0.066232 0.362917
9 0.750193 0.627290 0.494751 0.479510 0.528042