0 0.267941 0.546525 0.025130 0.056670 0.393625
1 0.513750 0.542537 0.121717 0.158971 0.391717
3 0.433174 0.584880 0.032850 0.083117 0.786890
3 0.319438 0.569080 0.017748 0.061359 0.707660
3 0.256283 0.586258 0.036419 0.081168 0.689288
6 0.217583 0.628781 0.039419 0.160058 0.708748
6 0.507240 0.596102 0.030108 0.154438 0.682071
6 0.539574 0.607631 0.034598 0.138155 0.633680
6 0.851082 0.683963 0.044856 0.103717 0.544175
6 0.286649 0.551266 0.010896 0.055135 0.455630
6 0.583624 0.595394 0.026758 0.158062 0.573405
6 0.306032 0.544770 0.011040 0.050395 0.454240
6 0.572631 0.605501 0.030150 0.169451 0.485249
6 0.609678 0.543224 0.020479 0.050309 0.419966
6 0.296192 0.546682 0.009790 0.046818 0.382740
6 0.202967 0.550239 0.013052 0.056888 0.385335