0 0.413299 0.549271 0.090191 0.079827 0.593286
0 0.451976 0.524776 0.029715 0.036641 0.401392
0 0.590820 0.554522 0.058985 0.085734 0.651367
0 0.617524 0.534039 0.027342 0.050350 0.361599
0 0.232748 0.558784 0.061964 0.048181 0.450261
1 0.838364 0.569622 0.052037 0.111184 0.373975
1 0.892996 0.551535 0.057843 0.071811 0.385380
2 0.725746 0.545542 0.062819 0.077468 0.433975
3 0.527015 0.592753 0.031307 0.079554 0.739127
3 0.967286 0.763386 0.064945 0.157291 0.515346
3 0.465141 0.604790 0.025971 0.066008 0.737464
3 0.855526 0.642693 0.029264 0.076642 0.434274
3 0.896466 0.657265 0.068031 0.145838 0.405873
3 0.974075 0.579246 0.020325 0.058588 0.419189
3 0.946638 0.664542 0.050046 0.129419 0.419184
5 0.794931 0.587446 0.079648 0.140739 0.414783
6 0.983682 0.683834 0.032436 0.266100 0.772709
6 0.466861 0.569115 0.029655 0.102402 0.714669
6 0.933822 0.554708 0.018737 0.080529 0.732448
6 0.891766 0.632432 0.038321 0.167224 0.569630
6 0.527138 0.559222 0.032116 0.100337 0.678778
7 0.017148 0.238101 0.013872 0.050062 0.484337
8 0.230939 0.430328 0.040456 0.065461 0.362442