0 0.298669 0.638042 0.164915 0.217617 0.744914
0 0.071961 0.652193 0.143729 0.252832 0.796799
0 0.771989 0.610286 0.111468 0.136739 0.721039
0 0.333030 0.522918 0.039641 0.024281 0.350166
0 0.482388 0.547048 0.029761 0.067996 0.394452
1 0.518573 0.534887 0.027968 0.058400 0.380215
1 0.406149 0.511477 0.020427 0.051486 0.453975
2 0.454673 0.511002 0.048480 0.088624 0.419037
3 0.428649 0.566935 0.021980 0.063120 0.690045
3 0.973005 0.699389 0.053597 0.140920 0.446373
3 0.453068 0.557745 0.017408 0.049967 0.677986
3 0.231660 0.567452 0.038794 0.098682 0.556655
3 0.496661 0.636253 0.042640 0.120647 0.789959
3 0.367899 0.533901 0.019003 0.037907 0.389036
6 0.453278 0.536498 0.016512 0.060535 0.681215
6 0.980499 0.659606 0.038651 0.190595 0.691450
6 0.428706 0.547550 0.021253 0.068815 0.655524
6 0.496706 0.593343 0.042711 0.147558 0.641311
6 0.913884 0.591006 0.027158 0.058437 0.425819
6 0.352365 0.515430 0.010293 0.029825 0.394590
6 0.884645 0.606096 0.024612 0.098352 0.397715
7 0.362828 0.381846 0.011660 0.045946 0.434280
8 0.477270 0.393731 0.032576 0.027428 0.420076
8 0.570746 0.298592 0.059286 0.059813 0.493391
9 0.757893 0.782112 0.477142 0.428169 0.350249