0 0.810306 0.563048 0.094133 0.111678 0.646352
0 0.558502 0.539426 0.026159 0.040193 0.636023
0 0.616530 0.569761 0.069670 0.092523 0.618630
2 0.739949 0.525041 0.039230 0.048995 0.355076
3 0.625174 0.629056 0.039404 0.102533 0.829335
3 0.491730 0.559322 0.012863 0.036463 0.704577
3 0.758856 0.548349 0.014376 0.043161 0.515751
3 0.520666 0.527099 0.005432 0.019271 0.491717
3 0.499885 0.534043 0.006644 0.016515 0.380796
6 0.624408 0.583740 0.035681 0.120359 0.842690
6 0.491796 0.541951 0.013641 0.043432 0.659934
8 0.315864 0.481651 0.019183 0.025875 0.426395