1 0.453863 0.555683 0.014786 0.059063 0.358253
2 0.391040 0.516851 0.090195 0.208494 0.611453
2 0.850611 0.581003 0.106350 0.110763 0.536904
2 0.803061 0.596213 0.075420 0.095282 0.490334
2 0.692696 0.569111 0.033950 0.066874 0.370673
2 0.045255 0.503735 0.090199 0.283597 0.445662
3 0.942164 0.634100 0.037272 0.064275 0.680658
3 0.501524 0.580803 0.009464 0.018829 0.443022
3 0.527202 0.580501 0.010958 0.020648 0.467990
3 0.960157 0.842875 0.078702 0.311800 0.491113
3 0.643465 0.587833 0.010326 0.027465 0.378135
5 0.196625 0.497040 0.329136 0.509947 0.736839
6 0.936281 0.608985 0.018882 0.079977 0.746021
6 0.127521 0.362166 0.055468 0.129499 0.373047