0 0.186937 0.704227 0.372967 0.589193 0.630979
0 0.367306 0.436745 0.028276 0.063383 0.434196
0 0.399462 0.429349 0.024360 0.052655 0.413893
3 0.486139 0.494405 0.036939 0.089709 0.686899
3 0.568764 0.485181 0.019926 0.050581 0.350298
3 0.447373 0.466606 0.023601 0.057815 0.478796
5 0.616506 0.493824 0.083017 0.163856 0.404748
6 0.430410 0.510370 0.049498 0.182157 0.691960
6 0.501793 0.456641 0.019797 0.092861 0.517388
6 0.730570 0.450353 0.027374 0.104173 0.554285
6 0.482255 0.465811 0.024972 0.089084 0.415501
6 0.704448 0.449150 0.020676 0.106094 0.508647
6 0.764000 0.442552 0.019793 0.075496 0.391265
9 0.839430 0.639520 0.317192 0.248881 0.425894