0 0.416827 0.719743 0.269021 0.340036 0.748901
0 0.930413 0.667038 0.138643 0.246971 0.524931
0 0.122484 0.787983 0.244527 0.422602 0.746266
1 0.175583 0.615412 0.121196 0.200432 0.601934
1 0.625773 0.549005 0.039797 0.085593 0.481569
1 0.297444 0.614290 0.094609 0.210924 0.488775
3 0.840471 0.731501 0.175157 0.244005 0.823956
3 0.639102 0.631648 0.089664 0.102769 0.729024
3 0.080995 0.588930 0.024031 0.053464 0.597221
3 0.548135 0.652804 0.090112 0.134041 0.664912
3 0.691766 0.562951 0.029223 0.034294 0.397470
6 0.826378 0.642531 0.060003 0.271003 0.846198
6 0.049556 0.565945 0.028579 0.089563 0.577374
6 0.714767 0.552340 0.011696 0.057930 0.616377
6 0.638468 0.605104 0.042915 0.112838 0.671128
6 0.541290 0.607568 0.046624 0.166151 0.494186
6 0.512926 0.574164 0.016114 0.071159 0.408377
6 0.082724 0.564801 0.025230 0.075080 0.488742
6 0.690454 0.550252 0.008856 0.040870 0.376593
6 0.126015 0.618808 0.019715 0.130269 0.409827
8 0.024084 0.385541 0.031003 0.076694 0.364135