2 0.140891 0.624707 0.281034 0.744673 0.601291
3 0.636530 0.702915 0.070588 0.209570 0.768330
3 0.506980 0.592510 0.023039 0.069204 0.672665
3 0.593250 0.597598 0.016265 0.067187 0.445072
5 0.436467 0.644641 0.129382 0.285948 0.684860
6 0.103227 0.740132 0.106716 0.517211 0.820279
6 0.627739 0.636075 0.061837 0.207395 0.715647
6 0.327925 0.620390 0.027663 0.157503 0.621961
6 0.346541 0.611104 0.022994 0.155050 0.626147
6 0.553466 0.579750 0.017046 0.100412 0.644288
6 0.571368 0.577627 0.018276 0.103198 0.499537
6 0.610117 0.576812 0.028062 0.103731 0.444696