0 0.898189 0.523617 0.141227 0.149500 0.773523
0 0.735160 0.496642 0.080502 0.116230 0.710249
0 0.288865 0.497640 0.063239 0.101377 0.580199
0 0.682177 0.443713 0.016402 0.026681 0.528547
0 0.449759 0.457520 0.054141 0.042387 0.605827
0 0.654501 0.444876 0.016387 0.022814 0.489156
0 0.699190 0.441415 0.012977 0.019146 0.363463
1 0.737161 0.427161 0.016021 0.026444 0.388900
2 0.511899 0.446126 0.034891 0.076302 0.409354
3 0.501898 0.482032 0.019708 0.047501 0.676840
3 0.216724 0.502665 0.043154 0.074854 0.667437
3 0.147982 0.495166 0.057518 0.075214 0.633397
3 0.776279 0.464924 0.022686 0.037425 0.449929
3 0.575244 0.457586 0.024946 0.026763 0.431037
3 0.630862 0.474206 0.031465 0.044158 0.390127
3 0.545325 0.458714 0.010038 0.025221 0.424088
5 0.147970 0.493505 0.059066 0.077701 0.391181
6 0.503268 0.467191 0.016583 0.069341 0.632353
6 0.811096 0.457710 0.009889 0.044413 0.525561
6 0.832633 0.463266 0.009980 0.060900 0.550634
6 0.574727 0.452598 0.006819 0.035208 0.456630
6 0.822221 0.459850 0.008911 0.054058 0.402746
6 0.565035 0.453448 0.007592 0.033245 0.355626
6 0.418268 0.463923 0.010206 0.063560 0.466682
9 0.790888 0.729256 0.409172 0.530023 0.378751
9 0.746538 0.733379 0.318231 0.522804 0.441082