0 0.410771 0.566542 0.105553 0.088418 0.435923
2 0.789143 0.716503 0.420573 0.565562 0.563366
2 0.224316 0.642920 0.135209 0.264722 0.512305
2 0.584367 0.586319 0.153001 0.134528 0.394331
2 0.040513 0.729738 0.080626 0.425358 0.412467
3 0.307353 0.583816 0.021910 0.059224 0.590539
3 0.477025 0.583323 0.034954 0.048866 0.493186
6 0.896860 0.776960 0.162213 0.443111 0.797245
6 0.691027 0.578839 0.015634 0.076679 0.651883
6 0.092577 0.647259 0.040840 0.221430 0.603532
6 0.467578 0.549589 0.009101 0.038830 0.364497
6 0.841492 0.633042 0.042023 0.091263 0.357539
7 0.186016 0.349744 0.040100 0.074036 0.483808
9 0.653049 0.850845 0.157500 0.285728 0.483220