0 0.454628 0.599147 0.085528 0.129421 0.734239
0 0.722288 0.553275 0.090967 0.093598 0.585673
0 0.486688 0.532788 0.021852 0.030129 0.505483
0 0.963082 0.600538 0.023804 0.100915 0.399270
1 0.457342 0.516465 0.033529 0.039187 0.494451
2 0.862525 0.481058 0.140552 0.237554 0.532439
3 0.932344 0.545205 0.039139 0.068628 0.398219
6 0.812806 0.745174 0.118253 0.452730 0.882928
6 0.383277 0.561650 0.014336 0.083608 0.594617
6 0.866936 0.562607 0.035380 0.150436 0.550597
6 0.810300 0.514955 0.023789 0.052048 0.405988
6 0.417482 0.542347 0.009527 0.046021 0.471507
6 0.941778 0.523951 0.021847 0.108521 0.462469
6 0.470034 0.527921 0.009442 0.015867 0.380486
6 0.409983 0.545679 0.009036 0.052113 0.471970
6 0.371990 0.562915 0.020802 0.102167 0.701927
6 0.441658 0.524105 0.007823 0.020895 0.357109
9 0.748684 0.753621 0.496774 0.475368 0.469482