0 0.595641 0.492952 0.029379 0.036314 0.525467
0 0.492700 0.462309 0.053273 0.018141 0.413211
5 0.512365 0.681060 0.206871 0.449552 0.689061
5 0.175843 0.731605 0.331069 0.531820 0.564579
6 0.680730 0.411091 0.025063 0.068155 0.455630
6 0.225532 0.383562 0.045959 0.191909 0.476493
6 0.836808 0.525404 0.025520 0.095410 0.526658
6 0.656219 0.399513 0.020224 0.042364 0.416100
6 0.174943 0.422548 0.028725 0.132328 0.472944
6 0.973884 0.489993 0.020638 0.056263 0.435785
6 0.650236 0.465020 0.013152 0.034690 0.411490
6 0.708587 0.507666 0.035706 0.052664 0.440913
6 0.688115 0.465215 0.013194 0.035410 0.401657
6 0.616099 0.492764 0.011847 0.038166 0.398844
6 0.930800 0.362771 0.029695 0.110153 0.390290
6 0.974561 0.213627 0.018482 0.067032 0.357645
6 0.033253 0.501240 0.049218 0.142230 0.417910
6 0.757398 0.436931 0.014766 0.060492 0.378861
6 0.663309 0.464592 0.011827 0.033925 0.410257
6 0.191979 0.426991 0.039371 0.120467 0.466409
6 0.957528 0.223878 0.020635 0.071633 0.363845
6 0.259249 0.425811 0.023199 0.094975 0.390199
6 0.963781 0.385413 0.023034 0.061601 0.358804
6 0.245349 0.174586 0.012997 0.086638 0.366404
6 0.716582 0.437789 0.010184 0.044879 0.356534
6 0.675549 0.464477 0.012741 0.035679 0.406817
6 0.981894 0.390092 0.019806 0.052229 0.380021
6 0.233350 0.149578 0.012550 0.074024 0.374329
6 0.972544 0.557201 0.022165 0.089206 0.414532
6 0.435116 0.445884 0.010512 0.037504 0.372039
6 0.239085 0.248862 0.012269 0.083195 0.350537
6 0.267547 0.195854 0.010342 0.063308 0.358307
6 0.150747 0.246049 0.064510 0.491485 0.360794
9 0.764424 0.788440 0.339827 0.417346 0.549625