0 0.739590 0.661322 0.052143 0.145431 0.508759
0 0.983778 0.588850 0.032113 0.048993 0.357925
0 0.860681 0.752050 0.273694 0.388320 0.683243
1 0.522486 0.554027 0.389584 0.695646 0.850743
1 0.744582 0.559940 0.051894 0.065778 0.379150
3 0.273023 0.836627 0.121323 0.256838 0.657694
3 0.132987 0.888710 0.140113 0.221267 0.619218
3 0.836156 0.893011 0.173236 0.212798 0.471535
6 0.819722 0.788014 0.145436 0.422328 0.853164
6 0.092830 0.798930 0.185669 0.400587 0.761432
6 0.242636 0.588709 0.020445 0.099690 0.587901
6 0.305008 0.767435 0.058846 0.349868 0.415075
6 0.207639 0.602595 0.029723 0.135456 0.410917
6 0.282012 0.759564 0.104681 0.365757 0.442044