0 0.256151 0.573123 0.101828 0.108476 0.586716
3 0.968284 0.683044 0.062521 0.130462 0.684395
3 0.192768 0.628389 0.097039 0.132265 0.741127
3 0.122336 0.563761 0.050977 0.074651 0.500199
3 0.071018 0.560431 0.042201 0.087300 0.474020
5 0.518985 0.674638 0.701040 0.641464 0.731767
6 0.377975 0.580473 0.106946 0.106818 0.774112
6 0.201065 0.577915 0.054147 0.141628 0.784726
6 0.968938 0.629982 0.051438 0.172988 0.743167
6 0.917387 0.633922 0.026738 0.072584 0.516287
6 0.282312 0.511034 0.015896 0.025349 0.364683