0 0.038278 0.759334 0.076233 0.478080 0.353138
1 0.244757 0.735855 0.398960 0.525476 0.650506
1 0.521642 0.726489 0.198148 0.472362 0.659097
1 0.700071 0.674743 0.165272 0.337788 0.551023
2 0.857245 0.729712 0.284794 0.538783 0.522948
2 0.673438 0.572010 0.149978 0.231567 0.484623
6 0.793217 0.862897 0.056826 0.271996 0.387662
6 0.025733 0.684054 0.051143 0.199434 0.357974
7 0.258102 0.251215 0.019090 0.132699 0.455654
7 0.248467 0.385209 0.018619 0.136993 0.464853
7 0.297090 0.391896 0.011676 0.077088 0.356847
7 0.319209 0.116133 0.072305 0.037662 0.441976
7 0.295908 0.379381 0.013643 0.105826 0.444410