0 0.631105 0.514487 0.020667 0.045751 0.410755
1 0.560720 0.478143 0.037130 0.035143 0.388025
2 0.153331 0.728418 0.274851 0.516861 0.605827
2 0.445380 0.618235 0.115407 0.256254 0.508621
2 0.577748 0.608960 0.109314 0.232031 0.370270
2 0.676596 0.555644 0.057094 0.116695 0.383288
2 0.748683 0.545137 0.048129 0.094303 0.364852
3 0.870937 0.585159 0.070654 0.080200 0.487491
3 0.804914 0.570486 0.036840 0.060728 0.581123
3 0.348491 0.706572 0.066467 0.198002 0.802517
6 0.349445 0.626824 0.068698 0.231948 0.735942
6 0.801829 0.554741 0.019353 0.088904 0.498654
6 0.906439 0.589210 0.014836 0.094969 0.468693
6 0.896797 0.513467 0.019651 0.079663 0.432268
6 0.365605 0.535279 0.018684 0.064903 0.407247