2 0.651887 0.607889 0.079236 0.167150 0.508481
2 0.402173 0.558134 0.061227 0.145264 0.417841
3 0.710574 0.628561 0.039532 0.108278 0.638283
3 0.393772 0.581651 0.021747 0.079705 0.505358
3 0.527215 0.543128 0.017448 0.038548 0.377977
3 0.587993 0.573835 0.023724 0.062528 0.641185
3 0.431917 0.567621 0.018515 0.056369 0.389362
3 0.534667 0.543687 0.032742 0.040069 0.397623
5 0.258290 0.680563 0.253871 0.341473 0.498903
6 0.764513 0.746005 0.107178 0.505573 0.865040
6 0.540387 0.609889 0.031324 0.138995 0.776078
6 0.414654 0.633714 0.041407 0.198788 0.789600
6 0.454994 0.588976 0.025575 0.120531 0.627427
6 0.529753 0.529405 0.018608 0.060630 0.546698
6 0.562290 0.519768 0.012128 0.050937 0.490180
7 0.944034 0.575672 0.026750 0.065308 0.404555
8 0.723876 0.310941 0.076773 0.069761 0.429650