0 0.505756 0.578979 0.043491 0.066502 0.648349
0 0.973392 0.587244 0.053033 0.068117 0.408322
0 0.710794 0.566516 0.016106 0.029073 0.369365
0 0.691521 0.565086 0.023742 0.026577 0.491057
0 0.669199 0.561573 0.009273 0.024034 0.369657
1 0.472824 0.534865 0.052145 0.091619 0.728644
2 0.770779 0.555906 0.089588 0.079706 0.431871
2 0.540943 0.555013 0.021563 0.049182 0.401107
3 0.393793 0.714156 0.069288 0.173117 0.787216
3 0.184272 0.597609 0.037075 0.079151 0.770097
3 0.323014 0.626485 0.034563 0.088659 0.794594
3 0.859441 0.830085 0.217605 0.337131 0.716297
6 0.394225 0.644583 0.063793 0.202350 0.832871
6 0.326525 0.590839 0.035584 0.117044 0.810857
6 0.904074 0.771822 0.161791 0.454456 0.805460
6 0.184389 0.576573 0.028872 0.087289 0.653747
6 0.836828 0.768993 0.145630 0.452860 0.770249