0 0.679347 0.735316 0.321806 0.413646 0.704518
0 0.439639 0.610385 0.128399 0.217891 0.652224
0 0.561560 0.566193 0.082744 0.139709 0.557573
0 0.525906 0.527496 0.037647 0.071867 0.476243
1 0.466506 0.471636 0.090388 0.115977 0.518953
2 0.916905 0.536622 0.164759 0.623160 0.544756
3 0.136506 0.652339 0.070493 0.180428 0.852832
5 0.345519 0.570857 0.048781 0.129048 0.395960
6 0.133584 0.621458 0.064762 0.213468 0.727143
6 0.386743 0.501617 0.012535 0.048290 0.534030
6 0.565118 0.542143 0.038488 0.084542 0.511122
6 0.345593 0.493423 0.016381 0.044180 0.479987
6 0.358521 0.509654 0.021713 0.083782 0.434916
6 0.401115 0.498728 0.012640 0.050779 0.417581
7 0.789896 0.284939 0.017387 0.064652 0.388450
9 0.165714 0.647312 0.324248 0.108989 0.362307