0 0.748472 0.620555 0.234369 0.309291 0.660792
0 0.639026 0.532416 0.116430 0.131846 0.475776
0 0.903154 0.720280 0.193383 0.557583 0.493835
1 0.509850 0.474117 0.125349 0.230822 0.747521
3 0.610299 0.587766 0.036572 0.086379 0.407595
5 0.366782 0.659994 0.171183 0.365475 0.675788
6 0.159415 0.683955 0.059033 0.350856 0.816190
6 0.028971 0.712122 0.057798 0.332000 0.734264
6 0.256833 0.548347 0.033049 0.157476 0.697978
6 0.607621 0.544205 0.044925 0.154971 0.666995
6 0.283731 0.546378 0.022463 0.161304 0.647850
8 0.266415 0.349485 0.036795 0.087370 0.461033