0 0.581369 0.595575 0.042614 0.078731 0.671783
0 0.558643 0.586881 0.018970 0.051957 0.514847
1 0.523114 0.610276 0.064072 0.146364 0.457822
2 0.151643 0.672236 0.302464 0.323996 0.595170
2 0.393512 0.607913 0.087663 0.181253 0.422908
2 0.626346 0.600400 0.050015 0.114192 0.367047
3 0.485779 0.681745 0.048198 0.143184 0.865174
6 0.943163 0.799873 0.104800 0.397971 0.857229
6 0.659697 0.634769 0.030520 0.140611 0.765810
6 0.619315 0.632917 0.027304 0.141276 0.765624
6 0.486581 0.630467 0.048150 0.164819 0.684136
6 0.471455 0.627869 0.021397 0.163111 0.359894
6 0.471506 0.581048 0.021071 0.069741 0.363643
9 0.830620 0.745372 0.334822 0.359026 0.492310