0 0.503966 0.679978 0.128638 0.191150 0.745309
0 0.337611 0.619888 0.085307 0.092781 0.750371
0 0.537150 0.594152 0.042126 0.048120 0.440747
0 0.383471 0.595540 0.041467 0.067126 0.528399
2 0.447528 0.569198 0.100167 0.181661 0.527248
3 0.221894 0.753806 0.117151 0.274774 0.780004
3 0.723105 0.615679 0.017555 0.045425 0.648151
3 0.551226 0.595782 0.015820 0.044434 0.378017
6 0.242162 0.176015 0.110008 0.177421 0.813902
6 0.163336 0.604111 0.023263 0.138225 0.706718
6 0.235347 0.694029 0.084856 0.257623 0.746958
6 0.741437 0.597751 0.011062 0.038460 0.395224
6 0.714106 0.597694 0.006227 0.039445 0.396292
8 0.622731 0.413930 0.029907 0.070688 0.465844
9 0.874917 0.804061 0.242702 0.374059 0.662348