2 0.576801 0.639576 0.090530 0.201297 0.479439
3 0.482670 0.739596 0.071753 0.166402 0.712165
3 0.752614 0.658997 0.039750 0.125231 0.625433
3 0.449940 0.648955 0.041158 0.112075 0.353859
3 0.192368 0.648571 0.058881 0.123456 0.397384
3 0.419884 0.645737 0.032874 0.081111 0.390966
3 0.224599 0.641547 0.055881 0.121023 0.450226
3 0.939053 0.647897 0.045890 0.095844 0.353443
5 0.829604 0.670517 0.130904 0.270489 0.546152
5 0.678639 0.675386 0.121260 0.269837 0.575431
5 0.348870 0.623239 0.117440 0.166907 0.506541
6 0.115460 0.636450 0.040768 0.190321 0.652555
6 0.909427 0.618607 0.022246 0.129041 0.657865
6 0.662292 0.630133 0.025875 0.065693 0.638999
6 0.477054 0.667128 0.079643 0.227309 0.595655
6 0.224387 0.580959 0.019819 0.071794 0.585135
6 0.269167 0.630700 0.026824 0.145673 0.712575
6 0.156717 0.650328 0.024086 0.160233 0.538974
6 0.410253 0.592169 0.026363 0.064321 0.443686
6 0.647513 0.625736 0.024287 0.074947 0.659340
6 0.185966 0.583957 0.019835 0.073605 0.453074
6 0.892881 0.612267 0.016482 0.135059 0.548911
6 0.134007 0.639126 0.030175 0.171470 0.439112
6 0.455865 0.590068 0.027839 0.075927 0.388729
6 0.741446 0.579228 0.015646 0.047010 0.394818
6 0.755520 0.587402 0.029694 0.055099 0.361576