0 0.014960 0.652604 0.029744 0.108420 0.529400
3 0.491381 0.698357 0.076425 0.157260 0.872284
3 0.640969 0.650076 0.067750 0.125876 0.815853
3 0.748244 0.621101 0.052846 0.098945 0.702147
3 0.871628 0.602988 0.038766 0.079560 0.520448
3 0.258451 0.586949 0.059852 0.048544 0.393021
6 0.493364 0.636676 0.064628 0.244628 0.851957
6 0.017795 0.561659 0.016865 0.080256 0.754321
6 0.701248 0.574886 0.024458 0.088487 0.734225
6 0.644742 0.621033 0.038623 0.168611 0.748696
6 0.243406 0.571293 0.027038 0.075305 0.639895
6 0.843718 0.617970 0.041520 0.141786 0.548988
6 0.878154 0.583131 0.023028 0.089472 0.468769
6 0.651371 0.555242 0.011161 0.051631 0.421795
6 0.736269 0.589603 0.023718 0.112176 0.511430
6 0.762274 0.598918 0.022513 0.115559 0.455049
6 0.267112 0.574569 0.040052 0.071514 0.395570
9 0.187066 0.628460 0.351290 0.054611 0.379508