0 0.502350 0.776677 0.313158 0.444243 0.739760
0 0.935580 0.949338 0.128134 0.100435 0.550210
0 0.268725 0.583199 0.078023 0.097872 0.403202
0 0.420591 0.565689 0.079247 0.096005 0.450890
1 0.575694 0.480163 0.220347 0.420154 0.608531
1 0.843411 0.625354 0.312427 0.457497 0.388621
5 0.729558 0.695453 0.200385 0.381970 0.540948
6 0.436668 0.544704 0.023149 0.040565 0.634094
6 0.413226 0.557213 0.010576 0.050856 0.409510
8 0.310205 0.426189 0.031269 0.047080 0.362664
8 0.099657 0.334697 0.063763 0.132042 0.363369
9 0.253519 0.840335 0.200764 0.309879 0.439748