0 0.540409 0.545259 0.038899 0.052420 0.521327
0 0.659470 0.552686 0.028938 0.028873 0.353887
2 0.942334 0.558285 0.114277 0.095941 0.362601
3 0.943934 0.750965 0.111228 0.235840 0.765713
3 0.447380 0.592379 0.011283 0.052396 0.525408
3 0.465766 0.548157 0.011351 0.033021 0.515402
3 0.500823 0.548726 0.020785 0.029355 0.447697
5 0.355882 0.721992 0.204051 0.439916 0.720884
5 0.603169 0.606482 0.092397 0.195008 0.526297
6 0.446928 0.569714 0.017079 0.088247 0.605328
6 0.254869 0.587695 0.020390 0.074920 0.670929
6 0.485686 0.541495 0.010836 0.038896 0.607652
6 0.367309 0.625947 0.020282 0.054115 0.556769
6 0.393058 0.615230 0.010927 0.025208 0.386827