0 0.419282 0.625851 0.090537 0.215727 0.429812
2 0.599640 0.634855 0.295479 0.498799 0.683107
3 0.350151 0.686716 0.048298 0.124978 0.644325
3 0.266131 0.742207 0.091498 0.173227 0.604123
3 0.173639 0.706067 0.052093 0.139159 0.465491
3 0.060503 0.846405 0.120199 0.282317 0.396253
3 0.080559 0.714071 0.120559 0.242891 0.433947
3 0.318390 0.663405 0.026869 0.085659 0.377326
3 0.909317 0.839585 0.179730 0.311204 0.394079
6 0.956261 0.765083 0.087096 0.466461 0.851117
6 0.535647 0.486598 0.080916 0.250704 0.779467
6 0.599334 0.489468 0.056304 0.246704 0.820880
6 0.351203 0.631639 0.050974 0.184427 0.517213
6 0.168317 0.654549 0.054709 0.218887 0.527776
6 0.320933 0.622915 0.037320 0.162349 0.441977
6 0.289607 0.571046 0.016116 0.064877 0.387350
6 0.786751 0.681570 0.063916 0.250844 0.352391