0 0.505866 0.747784 0.176439 0.282711 0.714301
0 0.901049 0.706577 0.196800 0.185094 0.581091
0 0.930056 0.666308 0.139097 0.136810 0.459511
0 0.815211 0.650764 0.038181 0.096904 0.481081
1 0.491817 0.562136 0.096392 0.150201 0.552305
2 0.242936 0.637486 0.199754 0.364529 0.624292
2 0.679711 0.581200 0.240259 0.440935 0.593682
3 0.356995 0.755132 0.079424 0.178856 0.775467
3 0.721174 0.862598 0.134506 0.273122 0.762183
3 0.412545 0.682934 0.044171 0.137692 0.440615
6 0.708755 0.769930 0.099495 0.346582 0.841906
8 0.741626 0.291380 0.047976 0.115343 0.400566
9 0.074592 0.746884 0.146031 0.170136 0.478760