0 0.394863 0.612436 0.093275 0.134844 0.682992
0 0.719007 0.555603 0.035669 0.030252 0.570707
0 0.554540 0.565967 0.026759 0.038694 0.568179
0 0.899703 0.551973 0.119364 0.060726 0.501076
0 0.677041 0.554053 0.031375 0.026893 0.403276
1 0.951384 0.527208 0.074858 0.102688 0.629234
1 0.646716 0.540921 0.029371 0.049320 0.466324
2 0.508784 0.572306 0.036348 0.075250 0.483264
3 0.574886 0.594668 0.018105 0.050884 0.756713
3 0.220368 0.657512 0.053633 0.133476 0.850484
6 0.574355 0.575623 0.017166 0.063870 0.719920
8 0.906512 0.336625 0.051199 0.115447 0.486681
9 0.788795 0.658782 0.417426 0.222406 0.647320