0 0.730843 0.616598 0.080415 0.099097 0.737723
0 0.266785 0.679623 0.158359 0.182316 0.650590
0 0.398159 0.625844 0.071449 0.099867 0.649009
0 0.511532 0.563027 0.020362 0.017363 0.481788
0 0.429898 0.607856 0.033325 0.074204 0.541206
0 0.526289 0.566709 0.012925 0.020959 0.487839
0 0.571203 0.577322 0.018074 0.016785 0.425349
0 0.083681 0.662967 0.167185 0.251246 0.370416
3 0.816242 0.662802 0.048065 0.106792 0.809438
3 0.489504 0.609328 0.019870 0.051067 0.672254
3 0.546554 0.583858 0.013719 0.028891 0.601738
3 0.618250 0.592500 0.015471 0.033610 0.488910
6 0.457467 0.592637 0.013552 0.064072 0.748985