0 0.599376 0.600061 0.079121 0.147086 0.404268
1 0.577020 0.515351 0.075310 0.149282 0.614822
1 0.496458 0.592707 0.071199 0.133961 0.397894
2 0.920247 0.703907 0.158796 0.387120 0.554196
2 0.725785 0.637918 0.124165 0.242582 0.460591
3 0.752092 0.838342 0.150508 0.319909 0.730231
3 0.506176 0.727934 0.038066 0.139630 0.609889
3 0.096554 0.899980 0.191679 0.198289 0.469516
3 0.545951 0.698655 0.044837 0.130382 0.619269
3 0.473268 0.667658 0.020885 0.079680 0.370066
5 0.356947 0.740883 0.207973 0.449657 0.629974
6 0.762741 0.697266 0.111011 0.294717 0.766581
6 0.089971 0.785959 0.173070 0.425948 0.784343
6 0.504811 0.645225 0.055168 0.196940 0.712287
6 0.653148 0.565599 0.029655 0.056023 0.493141
6 0.541513 0.635606 0.043153 0.192580 0.448792
6 0.199631 0.305111 0.017091 0.069947 0.388413
6 0.049452 0.639797 0.044540 0.099107 0.395109
6 0.633845 0.644991 0.062625 0.201436 0.691676