0 0.273607 0.632208 0.148513 0.186983 0.695857
0 0.033320 0.589493 0.066320 0.162836 0.597521
1 0.540211 0.533436 0.084136 0.161700 0.850561
2 0.442203 0.530353 0.024282 0.054471 0.455227
2 0.215462 0.524201 0.055953 0.062377 0.367928
3 0.392981 0.651953 0.048291 0.132710 0.792103
3 0.498684 0.639678 0.034410 0.093632 0.821654
3 0.466394 0.573392 0.017935 0.051757 0.708591
6 0.091118 0.583242 0.025380 0.135756 0.757558
6 0.122780 0.583729 0.030233 0.134002 0.752854
6 0.499020 0.600628 0.037536 0.115764 0.795665
6 0.560942 0.553054 0.014766 0.045148 0.717070
6 0.393898 0.614101 0.039613 0.137366 0.757321
9 0.788936 0.685365 0.416489 0.381988 0.577587