0 0.484683 0.685463 0.121689 0.193641 0.764656
0 0.817563 0.645964 0.045736 0.076617 0.510485
0 0.550374 0.598436 0.017500 0.045227 0.400890
0 0.753294 0.632294 0.097035 0.104751 0.461743
1 0.494915 0.559470 0.098953 0.137135 0.401256
2 0.908987 0.573140 0.181337 0.463191 0.505173
2 0.631603 0.571874 0.150274 0.321350 0.525822
3 0.150723 0.860389 0.274564 0.276682 0.722452
3 0.612439 0.802334 0.076015 0.227145 0.789488
3 0.284237 0.662124 0.076465 0.108397 0.612805
3 0.770363 0.664068 0.039832 0.086641 0.618379
3 0.422116 0.661018 0.021983 0.063410 0.530993
3 0.206024 0.595363 0.027173 0.058484 0.448058
3 0.372375 0.619750 0.024210 0.076588 0.523266
3 0.335932 0.629805 0.035507 0.073867 0.465536
3 0.287080 0.589829 0.053633 0.068322 0.447081
6 0.180355 0.782494 0.166765 0.431944 0.743723
6 0.763694 0.638845 0.034233 0.100418 0.647384
6 0.102631 0.666612 0.067083 0.160638 0.715703
6 0.063332 0.669132 0.063394 0.168152 0.710048
6 0.339084 0.581160 0.017270 0.047788 0.433588
6 0.425616 0.626527 0.028364 0.111943 0.393761
6 0.131611 0.542585 0.017773 0.069010 0.396519
9 0.841986 0.808940 0.312459 0.301116 0.352568