0 0.546764 0.649424 0.068687 0.137657 0.551106
0 0.404892 0.655120 0.092056 0.122438 0.574212
0 0.670660 0.642916 0.048106 0.062318 0.480755
0 0.449669 0.617842 0.019500 0.033704 0.403454
0 0.364146 0.638172 0.047872 0.091088 0.456433
0 0.702033 0.641335 0.030729 0.057831 0.358511
0 0.497176 0.621381 0.028776 0.055382 0.469676
3 0.180480 0.723919 0.070263 0.167959 0.661291
3 0.467934 0.686833 0.033767 0.082357 0.677232
3 0.315636 0.690432 0.043091 0.091903 0.516735
3 0.216037 0.661275 0.026060 0.084146 0.382301
3 0.281943 0.680884 0.035287 0.094159 0.364352
6 0.180565 0.666850 0.067395 0.188735 0.642501
6 0.987969 0.632858 0.014648 0.084558 0.716615
6 0.314352 0.647277 0.051362 0.138584 0.668385
6 0.470012 0.642180 0.034589 0.118574 0.575862
6 0.281346 0.637881 0.034782 0.120073 0.541043
6 0.203612 0.609383 0.023299 0.054244 0.396144
6 0.809599 0.647188 0.016703 0.067379 0.364227
7 0.513041 0.367977 0.034143 0.017624 0.625431
7 0.587656 0.417220 0.016015 0.015429 0.504746
9 0.133952 0.647733 0.259729 0.067950 0.447425