0 0.639742 0.642892 0.095488 0.131450 0.698444
0 0.565825 0.574633 0.017300 0.027957 0.649049
0 0.909446 0.683220 0.180339 0.194503 0.696996
0 0.788111 0.640221 0.127974 0.113449 0.629901
0 0.585836 0.566571 0.014439 0.023295 0.527151
0 0.129701 0.638418 0.066827 0.152747 0.414475
0 0.529446 0.556611 0.007633 0.018726 0.357490
1 0.549252 0.557255 0.014513 0.031154 0.526190
4 0.469503 0.655471 0.016632 0.047048 0.377816
6 0.467679 0.637956 0.021166 0.081652 0.822347
8 0.400971 0.452716 0.035419 0.064592 0.497835
8 0.403974 0.529203 0.019450 0.043824 0.396209
9 0.282425 0.675827 0.222958 0.220049 0.767286