0 0.457765 0.545153 0.026815 0.043124 0.514504
0 0.472270 0.532040 0.013205 0.026002 0.389639
1 0.537441 0.545726 0.024523 0.056850 0.374992
3 0.614835 0.596453 0.028677 0.085244 0.807994
3 0.884823 0.678624 0.094425 0.172219 0.683406
3 0.976347 0.705092 0.046977 0.180943 0.578793
3 0.507092 0.539374 0.008423 0.018494 0.414741
5 0.310937 0.635642 0.120848 0.240246 0.614597
5 0.400591 0.568297 0.051480 0.119104 0.388395
6 0.692915 0.582419 0.027198 0.115190 0.865848
6 0.808372 0.624647 0.039352 0.205663 0.904245
6 0.640928 0.568734 0.014226 0.073218 0.805408
6 0.439733 0.583348 0.031643 0.110316 0.673619