0 0.324339 0.565680 0.054449 0.105191 0.392801
1 0.269353 0.577596 0.062200 0.134150 0.401217
2 0.921269 0.584733 0.156757 0.812087 0.513298
2 0.545250 0.539796 0.047161 0.129502 0.431937
2 0.775297 0.560244 0.156851 0.349768 0.411097
3 0.518602 0.639167 0.053702 0.137035 0.778578
3 0.646197 0.663901 0.063315 0.174937 0.771854
3 0.492487 0.556826 0.019783 0.054007 0.618840
3 0.060830 0.665712 0.121233 0.201405 0.513499
3 0.349439 0.558442 0.011054 0.058499 0.445797
5 0.402183 0.615323 0.097339 0.222880 0.536958
6 0.258758 0.615822 0.040046 0.213742 0.805602
6 0.157037 0.614789 0.062062 0.225385 0.816869
6 0.648176 0.611289 0.051177 0.189959 0.715027
6 0.325937 0.270442 0.020738 0.031907 0.532753
6 0.699268 0.594635 0.027189 0.169182 0.561742
6 0.411607 0.573907 0.013206 0.028684 0.413137
6 0.390092 0.575024 0.013419 0.027796 0.401728
6 0.616054 0.562624 0.023947 0.113942 0.399773