0 0.457680 0.590683 0.075271 0.126156 0.640454
3 0.825239 0.603351 0.026245 0.078236 0.661260
3 0.979571 0.630480 0.040511 0.119315 0.527748
3 0.176166 0.610620 0.055182 0.115659 0.386956
3 0.412139 0.565036 0.028935 0.060092 0.449378
5 0.285059 0.663628 0.175322 0.328453 0.635955
5 0.899532 0.614176 0.108603 0.211490 0.501085
6 0.218482 0.720166 0.088636 0.411956 0.831417
6 0.038532 0.770684 0.055491 0.328559 0.858771
6 0.787259 0.554884 0.011543 0.054906 0.553526
6 0.758263 0.560490 0.010397 0.050541 0.493972
6 0.838514 0.557238 0.012477 0.043007 0.379588