0 0.039408 0.460663 0.075660 0.101318 0.621777
0 0.940814 0.890305 0.117875 0.218075 0.568996
2 0.152444 0.441439 0.087786 0.121370 0.559462
2 0.106454 0.418475 0.039156 0.117881 0.416779
3 0.208331 0.482641 0.052196 0.089782 0.736827
3 0.515479 0.496142 0.086459 0.135251 0.792532
3 0.924403 0.483223 0.079898 0.086225 0.400446
6 0.206987 0.450462 0.028755 0.100825 0.606997
6 0.504518 0.485541 0.026161 0.150839 0.740643
8 0.701763 0.254042 0.031490 0.059916 0.476569
8 0.721808 0.326304 0.020766 0.059847 0.406822
9 0.611028 0.510566 0.771424 0.175170 0.368843