0 0.594727 0.448993 0.039362 0.059072 0.708533
0 0.462678 0.452977 0.021166 0.024074 0.498852
0 0.368385 0.457404 0.053747 0.041782 0.443277
0 0.397208 0.457215 0.035884 0.035302 0.448266
0 0.429746 0.454572 0.014390 0.028575 0.397753
0 0.355580 0.472525 0.056248 0.064565 0.427749
2 0.283361 0.484556 0.126141 0.172896 0.559694
3 0.813768 0.443957 0.022405 0.067927 0.699169
3 0.718627 0.444849 0.027355 0.084564 0.748174
3 0.776409 0.439972 0.029604 0.084809 0.635019
3 0.884039 0.438689 0.024481 0.070703 0.621601
3 0.019224 0.546478 0.038146 0.123168 0.474692
3 0.953474 0.434855 0.025800 0.071058 0.522421
3 0.065501 0.540779 0.078912 0.132290 0.469698
3 0.912295 0.437649 0.020817 0.069501 0.503293
3 0.120460 0.527625 0.063025 0.134174 0.394661
3 0.858308 0.439345 0.020625 0.068429 0.681072
5 0.538869 0.432092 0.044445 0.109762 0.507398
6 0.934046 0.423211 0.029457 0.121853 0.697452
6 0.444276 0.458358 0.018058 0.070318 0.707356
9 0.922980 0.527036 0.150205 0.083860 0.541043