0 0.406235 0.701172 0.226012 0.308688 0.732748
0 0.525252 0.543667 0.039591 0.061953 0.575550
0 0.153758 0.749823 0.306370 0.498038 0.381631
0 0.610165 0.623433 0.131979 0.198592 0.467627
5 0.808001 0.808879 0.329136 0.376020 0.479225
6 0.609270 0.673231 0.075105 0.303417 0.731460
6 0.313108 0.588527 0.034438 0.114518 0.541354
6 0.446692 0.531428 0.021057 0.035111 0.483944
6 0.696376 0.611558 0.107382 0.283734 0.572021
6 0.497800 0.538734 0.014686 0.071844 0.459852
6 0.260910 0.521933 0.017627 0.039312 0.465965
6 0.631903 0.512528 0.019759 0.031150 0.433132
6 0.416369 0.525360 0.024935 0.052284 0.493784
6 0.977439 0.354758 0.027389 0.244464 0.384349
6 0.773469 0.393929 0.028426 0.129107 0.355779
6 0.282121 0.520724 0.025485 0.061788 0.474604
6 0.661381 0.497678 0.026752 0.070707 0.361706
7 0.509923 0.414237 0.006659 0.028918 0.411001