0 0.807226 0.710648 0.302309 0.325821 0.761090
0 0.371064 0.734817 0.270022 0.383105 0.760025
0 0.209205 0.610977 0.163466 0.181666 0.581442
0 0.487339 0.608247 0.112304 0.202985 0.557912
0 0.664666 0.613663 0.083933 0.149401 0.566424
0 0.638000 0.539836 0.027317 0.025157 0.390833
0 0.619274 0.558555 0.026941 0.053334 0.351643
0 0.912414 0.600062 0.107425 0.145338 0.399844
3 0.585854 0.722923 0.069383 0.215393 0.806391
3 0.233319 0.707534 0.099624 0.228293 0.797382
6 0.241202 0.643668 0.073799 0.239812 0.778413
6 0.591321 0.647527 0.074800 0.242498 0.695552
6 0.533555 0.489124 0.015524 0.045532 0.519744
6 0.563571 0.578733 0.022637 0.103800 0.388059