0 0.644428 0.645445 0.080530 0.110621 0.732047
0 0.497201 0.717659 0.140268 0.216380 0.656701
0 0.560107 0.594337 0.020449 0.029803 0.581340
0 0.490777 0.601034 0.056472 0.026748 0.425569
0 0.606220 0.628512 0.027227 0.074931 0.587310
0 0.519328 0.579845 0.016408 0.020651 0.363201
2 0.800484 0.640748 0.291130 0.180891 0.512501
3 0.282657 0.836176 0.118443 0.279171 0.812685
5 0.804628 0.471385 0.301943 0.518772 0.441902
6 0.283156 0.750136 0.095891 0.278364 0.761959
8 0.205392 0.518177 0.051202 0.071854 0.434208