0 0.603338 0.553569 0.032382 0.047372 0.404099
0 0.564719 0.553670 0.029758 0.046462 0.377589
2 0.150606 0.588253 0.187003 0.202732 0.435993
2 0.644705 0.547158 0.042252 0.104501 0.409718
3 0.527669 0.633414 0.032651 0.093943 0.703823
3 0.151862 0.695782 0.075170 0.238907 0.774121
3 0.582937 0.608362 0.025755 0.075373 0.734472
3 0.621309 0.619963 0.032175 0.087429 0.734558
3 0.507377 0.608599 0.014364 0.041295 0.360137
5 0.827426 0.624149 0.108386 0.191889 0.534774
5 0.274930 0.641742 0.144008 0.242006 0.483217
6 0.388157 0.608022 0.030265 0.173322 0.683531
6 0.528084 0.592786 0.033074 0.123238 0.698612
6 0.639030 0.584650 0.017955 0.093209 0.620042
6 0.508276 0.571589 0.021511 0.081734 0.620704
6 0.401485 0.557520 0.012794 0.046062 0.517084
6 0.584697 0.580709 0.026740 0.091458 0.659214
6 0.613701 0.559771 0.012418 0.041270 0.380241