0 0.331967 0.673730 0.196935 0.243563 0.685475
0 0.913746 0.716493 0.172344 0.378860 0.644931
0 0.695239 0.764732 0.399648 0.468490 0.596214
0 0.520831 0.645998 0.128439 0.263486 0.578965
0 0.839915 0.562452 0.141583 0.128964 0.505778
0 0.942759 0.509306 0.095311 0.062063 0.390295
0 0.775819 0.518582 0.101518 0.058589 0.421236
1 0.450830 0.509032 0.148252 0.268252 0.740744
1 0.958854 0.434976 0.081722 0.097175 0.538790
1 0.698197 0.479128 0.098596 0.100712 0.477697
1 0.851438 0.460143 0.140900 0.091729 0.372134
5 0.151781 0.759809 0.300790 0.474388 0.646504
6 0.932351 0.508936 0.047920 0.065326 0.510157
6 0.961680 0.511109 0.024646 0.036754 0.356523
6 0.989289 0.499919 0.021232 0.049690 0.493058