0 0.673770 0.662030 0.141131 0.182555 0.659763
0 0.253880 0.712534 0.191892 0.192614 0.611800
0 0.921900 0.915584 0.155861 0.167831 0.677837
0 0.069415 0.833505 0.138724 0.330885 0.649910
0 0.159243 0.774413 0.291830 0.267667 0.663982
0 0.312761 0.675091 0.140399 0.157049 0.576332
0 0.316024 0.593582 0.143906 0.078054 0.366228
3 0.515718 0.653458 0.035843 0.093287 0.594794
3 0.470945 0.705631 0.058570 0.131036 0.586382
3 0.696307 0.790564 0.069483 0.202047 0.493301
3 0.424767 0.788978 0.098184 0.292446 0.690135
3 0.557371 0.769967 0.070752 0.204005 0.776940
6 0.289348 0.400494 0.031325 0.108789 0.717807
6 0.690694 0.683350 0.079517 0.258661 0.697691
6 0.384631 0.240358 0.023745 0.064292 0.653778
6 0.819831 0.606837 0.039402 0.194829 0.664453
6 0.564576 0.694175 0.089629 0.259221 0.640234
6 0.746399 0.239483 0.032213 0.123654 0.603448
6 0.406862 0.247917 0.021499 0.061992 0.618056
6 0.146957 0.608231 0.027695 0.069361 0.616430
6 0.077986 0.621357 0.027325 0.060386 0.586512
6 0.290554 0.529793 0.029425 0.098766 0.703589
6 0.349121 0.231807 0.023557 0.054003 0.511731
6 0.698210 0.545701 0.017934 0.052122 0.396391
6 0.542822 0.503213 0.011822 0.040072 0.468688
6 0.825971 0.526553 0.015750 0.033445 0.395081
6 0.024112 0.580479 0.020774 0.036353 0.356871
6 0.476147 0.629906 0.049341 0.138197 0.366189
8 0.534090 0.411279 0.026643 0.024464 0.409907
9 0.867684 0.717076 0.261156 0.242242 0.709193