0 0.424616 0.561714 0.043340 0.046633 0.597601
1 0.374655 0.545886 0.078251 0.074765 0.416988
3 0.159374 0.855667 0.259220 0.286581 0.825042
3 0.528540 0.675008 0.051276 0.144067 0.690184
3 0.316172 0.596678 0.024957 0.077799 0.598234
3 0.483820 0.613841 0.025628 0.092338 0.576424
3 0.437970 0.564345 0.018045 0.050885 0.423982
6 0.191475 0.790822 0.091693 0.415298 0.810663
6 0.258047 0.675878 0.042825 0.191475 0.700276
6 0.123221 0.467925 0.026948 0.064168 0.597874
6 0.031366 0.129076 0.027441 0.067521 0.529881
6 0.086320 0.427450 0.019417 0.074782 0.513032
6 0.033157 0.049801 0.028504 0.074717 0.516213
6 0.062759 0.042051 0.031605 0.076378 0.493438
6 0.207096 0.261642 0.019081 0.051677 0.499418
6 0.067021 0.124093 0.015891 0.056325 0.398225
6 0.110170 0.350833 0.014189 0.055407 0.484750
6 0.128260 0.347702 0.019619 0.080622 0.399139
6 0.374968 0.572716 0.015599 0.073990 0.356636
6 0.183458 0.263694 0.020291 0.035110 0.409903
6 0.207834 0.172335 0.017835 0.053468 0.471497
6 0.185627 0.172657 0.019561 0.029322 0.354592
6 0.389129 0.571532 0.014144 0.074529 0.375632
9 0.737157 0.509716 0.497866 0.727752 0.527619