0 0.628687 0.550638 0.097816 0.097283 0.379121
0 0.266231 0.596782 0.023737 0.077777 0.372772
3 0.399498 0.594405 0.016012 0.051354 0.537713
3 0.476570 0.741154 0.048200 0.192767 0.502948
3 0.736203 0.804260 0.115561 0.366913 0.630566
3 0.448168 0.631908 0.026364 0.089492 0.531524
3 0.599876 0.689467 0.058063 0.142662 0.441376
5 0.131987 0.499476 0.262378 0.993999 0.588675
6 0.925304 0.764655 0.149068 0.468515 0.819170
6 0.858794 0.748967 0.156152 0.500334 0.805377
6 0.636323 0.793958 0.149057 0.410446 0.698879
6 0.484884 0.693761 0.068331 0.288175 0.657515
6 0.312192 0.709800 0.144096 0.579216 0.476670
6 0.346411 0.604174 0.020841 0.106124 0.545327
6 0.537657 0.774830 0.113894 0.423252 0.668703
6 0.599974 0.600156 0.049812 0.123709 0.513637
6 0.634324 0.577334 0.031910 0.064583 0.452618
6 0.554277 0.588415 0.030188 0.077226 0.493503
6 0.563811 0.568298 0.023336 0.060760 0.418653
6 0.672544 0.570635 0.027759 0.102486 0.424972
6 0.506861 0.580835 0.024655 0.066731 0.392092