0 0.934315 0.659433 0.130960 0.249335 0.752825
0 0.264698 0.578447 0.138588 0.155118 0.564555
0 0.315534 0.530936 0.048295 0.062388 0.453849
1 0.483565 0.488149 0.188460 0.370789 0.850550
2 0.712055 0.512155 0.067664 0.056317 0.385744
3 0.763119 0.549900 0.020355 0.056422 0.621005
3 0.639612 0.533507 0.012155 0.031520 0.525563
3 0.279641 0.727951 0.117834 0.251835 0.539248
6 0.024122 0.651828 0.048040 0.314414 0.758794
6 0.271467 0.646544 0.129486 0.293073 0.455818
6 0.302375 0.636624 0.068100 0.277016 0.362294
9 0.785954 0.786395 0.423419 0.417910 0.636100