0 0.860633 0.803518 0.278191 0.391634 0.795869
0 0.483037 0.674915 0.180112 0.289631 0.744349
1 0.650747 0.573646 0.178653 0.319599 0.677430
1 0.493754 0.504051 0.040066 0.054385 0.418418
1 0.486289 0.519430 0.038594 0.033695 0.354865
3 0.032434 0.572692 0.045670 0.077138 0.755781
3 0.189375 0.536462 0.018319 0.045670 0.435271
5 0.101630 0.539678 0.055733 0.084998 0.367631
6 0.036367 0.546027 0.034352 0.099388 0.787824
6 0.263028 0.532605 0.010205 0.049992 0.630529
6 0.315279 0.530837 0.012741 0.047536 0.499774
6 0.352856 0.523550 0.011299 0.031239 0.496853
6 0.950547 0.744193 0.090241 0.147907 0.378145
7 0.478893 0.441453 0.006666 0.008410 0.396645
8 0.466861 0.451396 0.012865 0.016857 0.515117
9 0.867393 0.567883 0.261059 0.094862 0.445941