0 0.479474 0.703624 0.209559 0.314271 0.743256
0 0.921716 0.684331 0.156229 0.205946 0.694383
0 0.653153 0.579816 0.152059 0.149767 0.431652
0 0.324334 0.507906 0.016704 0.031637 0.364098
0 0.454244 0.536634 0.056033 0.041899 0.454775
1 0.510089 0.499101 0.033180 0.046961 0.379238
1 0.560126 0.529064 0.081746 0.143730 0.575478
1 0.481846 0.509075 0.051449 0.036813 0.437051
3 0.661295 0.673822 0.092135 0.159564 0.723543
3 0.764673 0.873266 0.329836 0.251636 0.487471
3 0.348881 0.671954 0.035264 0.102371 0.479046
3 0.289114 0.822633 0.090251 0.278763 0.689029
3 0.383173 0.609850 0.031965 0.080632 0.446979
3 0.812566 0.653841 0.077874 0.125985 0.611197
3 0.248451 0.672283 0.039010 0.138091 0.530948
6 0.655421 0.615918 0.060432 0.171148 0.776116
6 0.733617 0.783636 0.182827 0.430980 0.823126
6 0.801219 0.609304 0.045384 0.133015 0.755105
6 0.353544 0.609535 0.059305 0.189632 0.522111
6 0.532007 0.548816 0.022820 0.051511 0.510507
6 0.293989 0.701228 0.094670 0.367981 0.495214
6 0.489870 0.536542 0.021112 0.037829 0.410662
6 0.376324 0.581630 0.031097 0.128705 0.421075
6 0.386233 0.543545 0.020171 0.057014 0.373204
6 0.411313 0.561640 0.030831 0.093530 0.462319
6 0.512506 0.534804 0.018302 0.043114 0.407142
6 0.257308 0.598199 0.058658 0.180129 0.505605
9 0.191235 0.652885 0.077786 0.180219 0.418357