0 0.480416 0.602928 0.096781 0.142423 0.693636
0 0.516060 0.537130 0.022324 0.035281 0.594707
2 0.877524 0.550449 0.243641 0.571644 0.395903
3 0.256627 0.632869 0.108924 0.133793 0.573882
3 0.550924 0.588897 0.030814 0.072942 0.633934
3 0.888742 0.847116 0.201034 0.302856 0.766301
5 0.135137 0.609504 0.176510 0.196280 0.399500
6 0.872859 0.785252 0.105184 0.426620 0.867615
6 0.398027 0.570960 0.025198 0.150859 0.796098
8 0.330718 0.526695 0.045126 0.045490 0.399255
9 0.138991 0.869438 0.272694 0.249105 0.443493