0 0.092132 0.753785 0.183642 0.490405 0.735340
0 0.332994 0.439805 0.026194 0.048410 0.456500
0 0.389912 0.422694 0.014426 0.021191 0.510716
0 0.471396 0.454994 0.044159 0.055084 0.351425
2 0.181367 0.541150 0.095655 0.208843 0.450028
3 0.500248 0.501263 0.036242 0.089021 0.562539
3 0.948676 0.831032 0.102077 0.336011 0.607766
3 0.475203 0.471723 0.020523 0.061741 0.501451
3 0.236664 0.551336 0.023557 0.080952 0.479170
3 0.601785 0.560601 0.067260 0.123439 0.409800
3 0.124394 0.509312 0.028955 0.086149 0.406187
3 0.579318 0.513282 0.072117 0.118792 0.358910
3 0.366449 0.431257 0.008488 0.024195 0.385545
5 0.707438 0.572856 0.163640 0.306924 0.655605
6 0.267649 0.518975 0.029357 0.148056 0.572411
6 0.441853 0.450506 0.012667 0.072918 0.580592
6 0.315279 0.499502 0.022633 0.128434 0.566302
6 0.300244 0.499753 0.018089 0.124381 0.442702
6 0.430016 0.428813 0.008019 0.039351 0.437409
6 0.287512 0.508210 0.025167 0.138075 0.504170
6 0.410734 0.424121 0.005410 0.029145 0.399762
6 0.526297 0.461131 0.020170 0.113577 0.730630