0 0.472877 0.543040 0.012897 0.023284 0.358363
1 0.614251 0.555737 0.054489 0.090427 0.485850
2 0.536344 0.550786 0.038718 0.072696 0.466351
3 0.036782 0.757120 0.072901 0.161610 0.760262
3 0.336880 0.651543 0.052632 0.133152 0.725767
3 0.490349 0.650657 0.046981 0.129866 0.775731
3 0.653777 0.583182 0.024402 0.068859 0.575730
3 0.265834 0.636600 0.070580 0.154787 0.673404
3 0.694008 0.592476 0.052631 0.081599 0.497311
3 0.568996 0.553576 0.017948 0.047470 0.498503
6 0.345064 0.401111 0.019617 0.053987 0.569634
6 0.488414 0.601365 0.049055 0.151470 0.568245
6 0.243892 0.491695 0.024841 0.050165 0.567990
6 0.223794 0.492764 0.022843 0.050841 0.555696
6 0.207578 0.389860 0.030305 0.057172 0.574678
6 0.303163 0.416652 0.015143 0.039629 0.539347
6 0.264774 0.493778 0.021160 0.043706 0.545501
6 0.229565 0.401213 0.020564 0.047839 0.573182
6 0.331527 0.414865 0.016848 0.035504 0.515840
6 0.250255 0.403849 0.020309 0.044541 0.571176
6 0.317253 0.414265 0.016861 0.036937 0.527232
6 0.284939 0.492901 0.020597 0.041638 0.522744
6 0.203662 0.473210 0.028551 0.090725 0.554176
6 0.022892 0.635411 0.045404 0.155259 0.394082
6 0.304033 0.494190 0.018935 0.040474 0.479960
6 0.347632 0.494320 0.019141 0.041876 0.456517
6 0.347483 0.476157 0.019773 0.070000 0.392395
6 0.058672 0.569352 0.020411 0.065913 0.549675
6 0.325664 0.461812 0.025577 0.049662 0.404304
6 0.499757 0.553873 0.012557 0.036872 0.356211
6 0.325787 0.495905 0.021230 0.033785 0.436381
6 0.432500 0.555273 0.023462 0.050135 0.366179
6 0.299260 0.464985 0.015903 0.049838 0.404337
8 0.206505 0.173305 0.034439 0.066000 0.405476