0 0.814444 0.624424 0.105889 0.108340 0.605559
0 0.296131 0.555686 0.028785 0.030011 0.530972
0 0.703744 0.588075 0.044141 0.051527 0.670724
0 0.635764 0.575387 0.032311 0.045755 0.518410
0 0.741467 0.585267 0.025357 0.035341 0.503790
0 0.321693 0.578335 0.035820 0.043052 0.502241
0 0.148592 0.551115 0.062585 0.042320 0.521938
0 0.252866 0.563162 0.027076 0.044037 0.359057
0 0.196439 0.552093 0.042455 0.043382 0.399564
0 0.133485 0.539975 0.059838 0.041124 0.475892
0 0.498620 0.567759 0.008275 0.026530 0.396076
0 0.278767 0.556004 0.030008 0.034638 0.382505
0 0.769716 0.602128 0.031743 0.068422 0.371647
1 0.420774 0.554216 0.103066 0.140482 0.811300
2 0.539928 0.563872 0.080703 0.170508 0.630208
3 0.406850 0.740339 0.071961 0.237098 0.854213
3 0.354535 0.598446 0.020724 0.048217 0.592485
3 0.866867 0.624804 0.030384 0.059896 0.477833
3 0.214072 0.598140 0.032454 0.045029 0.409994
6 0.054186 0.519726 0.022786 0.093145 0.628199
6 0.034843 0.507567 0.024301 0.119379 0.678811
6 0.426833 0.573432 0.014399 0.039618 0.535360
6 0.078967 0.540194 0.015222 0.025723 0.512515
6 0.067611 0.534813 0.014130 0.037526 0.461143
6 0.181103 0.530710 0.013333 0.030025 0.490709
6 0.275919 0.571802 0.009571 0.050599 0.396841
6 0.339302 0.577840 0.008999 0.047383 0.376076
9 0.803023 0.702807 0.389027 0.262235 0.635358