0 0.913718 0.759153 0.172164 0.375055 0.672607
0 0.605966 0.592343 0.084811 0.127430 0.578988
0 0.964919 0.541408 0.069632 0.083443 0.423980
1 0.447275 0.711301 0.222173 0.452981 0.580279
2 0.886332 0.580769 0.094779 0.194095 0.363975
3 0.826235 0.578891 0.025757 0.102145 0.674616
3 0.786429 0.574783 0.031552 0.100348 0.667807
3 0.553203 0.603061 0.033636 0.150487 0.550006
3 0.736470 0.538562 0.016949 0.037518 0.355296
3 0.746720 0.752403 0.095158 0.235028 0.801230
6 0.314453 0.584629 0.026642 0.125046 0.698095
6 0.715652 0.564229 0.029499 0.102998 0.581915
6 0.494124 0.583865 0.056215 0.104121 0.399712
6 0.746619 0.654708 0.094323 0.211148 0.505120
6 0.721203 0.656674 0.041889 0.203658 0.361081
7 0.165151 0.145224 0.027563 0.059148 0.363300
9 0.171968 0.767400 0.339509 0.419150 0.403003