0 0.726348 0.654076 0.110162 0.149103 0.708309
0 0.816876 0.656035 0.098124 0.145030 0.696598
0 0.666819 0.598008 0.033220 0.051503 0.618882
0 0.513601 0.606331 0.028180 0.053825 0.524908
0 0.920856 0.684462 0.157906 0.294023 0.420198
0 0.527958 0.593736 0.015683 0.026569 0.416463
0 0.566614 0.593164 0.018356 0.026704 0.449005
1 0.447597 0.593993 0.109018 0.164956 0.654976
1 0.160162 0.645089 0.298226 0.417493 0.706299
1 0.353981 0.599714 0.085605 0.155078 0.538276
1 0.746758 0.562159 0.129545 0.072777 0.366010
2 0.631815 0.580357 0.046033 0.061307 0.364903
6 0.320086 0.695724 0.045918 0.253327 0.868633
7 0.536242 0.374757 0.019859 0.048296 0.376587
9 0.828882 0.404552 0.336425 0.219038 0.361608