0 0.345239 0.444746 0.045540 0.042885 0.593022
0 0.543443 0.463750 0.053616 0.080798 0.534252
0 0.518059 0.453074 0.012933 0.041832 0.432690
0 0.628501 0.462855 0.020417 0.039668 0.465706
0 0.379486 0.458215 0.037208 0.059327 0.555145
0 0.972181 0.552945 0.055416 0.139925 0.473835
0 0.470342 0.456653 0.022672 0.042409 0.405973
0 0.274839 0.454617 0.032569 0.038645 0.367787
0 0.744574 0.500283 0.069563 0.093410 0.357536
0 0.851278 0.537210 0.166155 0.156186 0.452378
2 0.416673 0.440663 0.031070 0.066709 0.390999
3 0.445158 0.509944 0.024734 0.077371 0.675903
3 0.606277 0.503284 0.026753 0.061667 0.622376
3 0.476079 0.463173 0.010611 0.031064 0.449379
3 0.495493 0.464986 0.011938 0.041888 0.394408
6 0.349969 0.458640 0.012762 0.062283 0.766479
6 0.444821 0.478561 0.028289 0.105212 0.673779
6 0.317651 0.457302 0.017674 0.080377 0.733685
6 0.606577 0.476672 0.025070 0.084111 0.357124