0 0.552792 0.540716 0.026525 0.053925 0.372978
0 0.526979 0.544979 0.035508 0.046580 0.370948
1 0.630944 0.548014 0.046781 0.081330 0.454411
3 0.526925 0.728928 0.153638 0.220376 0.758049
3 0.397898 0.620760 0.039149 0.104672 0.672658
3 0.668922 0.569996 0.027761 0.062674 0.541981
3 0.340552 0.621313 0.053057 0.096866 0.599842
3 0.694934 0.576780 0.042507 0.073417 0.507339
3 0.592417 0.546257 0.016741 0.043331 0.458135
3 0.472972 0.671709 0.063851 0.140018 0.367217
6 0.512735 0.660278 0.082614 0.246186 0.744881
6 0.912355 0.538409 0.047493 0.151207 0.563416
6 0.403217 0.418448 0.013580 0.041509 0.574983
6 0.460760 0.611429 0.039620 0.166779 0.618355
6 0.295242 0.412852 0.022401 0.046879 0.538533
6 0.312524 0.421552 0.015907 0.038289 0.545146
6 0.309112 0.494193 0.016513 0.040148 0.529270
6 0.324748 0.493917 0.017180 0.039098 0.527390
6 0.293004 0.479233 0.019797 0.070446 0.528410
6 0.392554 0.430788 0.012130 0.027122 0.493346
6 0.339981 0.495414 0.015949 0.035711 0.517952
6 0.369535 0.432298 0.011344 0.030142 0.517456
6 0.380438 0.431290 0.013591 0.030602 0.504459
6 0.328586 0.423090 0.013602 0.034814 0.496448
6 0.355682 0.493899 0.016329 0.034744 0.487991
6 0.404920 0.481266 0.015184 0.057157 0.457989
6 0.387506 0.469788 0.020250 0.040585 0.501421
6 0.368479 0.475656 0.020758 0.046260 0.474108
6 0.475452 0.542707 0.016038 0.044896 0.382585
6 0.371624 0.495107 0.015975 0.031382 0.428536
6 0.387594 0.495944 0.015540 0.026674 0.391633