0 0.462842 0.590811 0.070557 0.111499 0.654824
0 0.443728 0.525687 0.026590 0.035908 0.450975
0 0.497047 0.541801 0.021373 0.048992 0.443277
0 0.464061 0.530354 0.026495 0.016699 0.425115
1 0.434155 0.513291 0.033638 0.042168 0.397017
3 0.652886 0.621540 0.078560 0.091985 0.768477
6 0.511399 0.553068 0.013029 0.065339 0.607336
6 0.600633 0.566750 0.013790 0.064192 0.532751
6 0.533998 0.555722 0.012505 0.065088 0.547311
6 0.420682 0.544838 0.010613 0.044638 0.452913
6 0.547415 0.555333 0.010059 0.056088 0.453808
6 0.564846 0.556470 0.014845 0.084558 0.408107
6 0.554590 0.556814 0.009649 0.053565 0.416805
6 0.588387 0.568934 0.016515 0.063505 0.395204
8 0.538709 0.449877 0.022923 0.029921 0.383032