0 0.428832 0.782723 0.273533 0.385073 0.737487
0 0.136891 0.789950 0.273225 0.418243 0.685129
0 0.219299 0.646429 0.133172 0.139894 0.600693
0 0.571725 0.640491 0.065481 0.148618 0.643398
0 0.335326 0.676105 0.129629 0.199888 0.555868
1 0.868074 0.610501 0.263690 0.364956 0.443448
2 0.564251 0.507790 0.085083 0.117150 0.409942
6 0.130794 0.561881 0.020024 0.053285 0.715426
6 0.306298 0.565774 0.019570 0.050245 0.601666
6 0.538769 0.643965 0.051965 0.187584 0.426928
8 0.635707 0.380253 0.030046 0.074003 0.440956
8 0.783935 0.307701 0.058865 0.121821 0.354176