0 0.471396 0.609575 0.018889 0.028080 0.571946
0 0.452770 0.604151 0.014247 0.020101 0.478498
1 0.469209 0.574125 0.027610 0.065241 0.541942
1 0.341651 0.611543 0.062842 0.111342 0.520439
1 0.745807 0.603127 0.030377 0.095039 0.446481
3 0.281856 0.712358 0.054572 0.115239 0.793084
3 0.438487 0.621962 0.009488 0.022404 0.401633
3 0.622556 0.641143 0.011243 0.043015 0.366943
3 0.391607 0.652970 0.020611 0.049477 0.404010
3 0.858440 0.651121 0.035520 0.061209 0.520440
4 0.774205 0.652613 0.054185 0.060880 0.691587
6 0.769478 0.637334 0.029284 0.086459 0.552758
6 0.289003 0.675786 0.037598 0.155187 0.748648
6 0.154544 0.635979 0.016299 0.106777 0.512260
6 0.846901 0.637010 0.015404 0.082402 0.463019
6 0.858043 0.633526 0.014561 0.069616 0.429209
6 0.302105 0.603966 0.015044 0.081953 0.476482
6 0.110713 0.591427 0.017123 0.035342 0.460921
6 0.089962 0.626052 0.015177 0.100880 0.516695
6 0.379488 0.613128 0.012542 0.049521 0.414173
6 0.129217 0.593791 0.010874 0.030971 0.422924
6 0.073574 0.622889 0.014479 0.091545 0.420861
8 0.706115 0.611846 0.052039 0.175377 0.452095
9 0.741341 0.798376 0.508411 0.393012 0.483899