0 0.153170 0.714621 0.305167 0.569111 0.616636
0 0.410857 0.431841 0.021998 0.046428 0.397756
2 0.504388 0.434400 0.057012 0.125911 0.397021
3 0.464439 0.610691 0.055850 0.179491 0.692175
3 0.440127 0.467273 0.019864 0.053164 0.467115
3 0.569739 0.475224 0.016806 0.072143 0.381220
5 0.251163 0.526563 0.247461 0.498054 0.491308
6 0.464457 0.540416 0.058142 0.215564 0.810458
6 0.720388 0.455919 0.025960 0.094232 0.626233
6 0.188576 0.666249 0.124873 0.291539 0.382888
6 0.492841 0.457427 0.017900 0.087952 0.677287
6 0.695391 0.454959 0.019698 0.095858 0.594583
6 0.735659 0.438122 0.016457 0.072709 0.389213