0 0.526794 0.601107 0.065430 0.107870 0.672830
0 0.371996 0.579734 0.039004 0.058228 0.619338
0 0.439761 0.579571 0.042173 0.062295 0.652152
0 0.306626 0.599067 0.108336 0.107751 0.617563
1 0.055281 0.553116 0.110302 0.165782 0.686970
1 0.753324 0.553725 0.093787 0.094087 0.674840
1 0.370022 0.540948 0.058786 0.082964 0.557351
1 0.196440 0.552194 0.174735 0.168749 0.599516
1 0.615752 0.541626 0.079563 0.080937 0.520540
1 0.309204 0.528474 0.057102 0.056909 0.500947
2 0.473746 0.555511 0.016238 0.035893 0.414635
2 0.854681 0.570668 0.077238 0.083754 0.407020
2 0.493897 0.558919 0.018157 0.044206 0.399025
3 0.189245 0.631500 0.044206 0.082512 0.778566
3 0.660591 0.633499 0.040130 0.083452 0.798006
3 0.962089 0.607455 0.033576 0.055891 0.562672
3 0.928301 0.618293 0.031141 0.049323 0.530461
6 0.191711 0.601990 0.037589 0.107208 0.714868
6 0.133817 0.146986 0.030139 0.100519 0.654584
6 0.660232 0.594913 0.038944 0.115608 0.672214
6 0.081708 0.138902 0.039343 0.125531 0.653716
6 0.030931 0.572812 0.029427 0.055978 0.563638
6 0.094892 0.588990 0.016592 0.061210 0.533759
6 0.918916 0.601029 0.022714 0.075820 0.375942
6 0.110957 0.137357 0.034234 0.122954 0.609906
6 0.020885 0.579849 0.010954 0.032355 0.400121
6 0.559506 0.556232 0.011987 0.046853 0.383196
6 0.175977 0.584921 0.011662 0.051713 0.406538
9 0.787855 0.633570 0.418986 0.177083 0.396720