0 0.214396 0.646431 0.289078 0.369874 0.567725
0 0.085727 0.486534 0.031101 0.033199 0.377905
1 0.164680 0.437140 0.140628 0.106593 0.453874
1 0.451269 0.561484 0.196280 0.492771 0.758609
3 0.578219 0.598752 0.038912 0.117114 0.696888
3 0.618292 0.558058 0.032845 0.086536 0.363805
6 0.036419 0.617408 0.072596 0.240636 0.596049
6 0.582339 0.537587 0.046201 0.121888 0.527371
8 0.759121 0.257171 0.061819 0.040312 0.494259
8 0.758650 0.175162 0.059593 0.103888 0.382847
8 0.220328 0.288807 0.029986 0.057702 0.404742
9 0.816121 0.778457 0.363806 0.433524 0.724233