0 0.519716 0.556712 0.025821 0.047950 0.620646
2 0.736507 0.498801 0.150530 0.240576 0.391908
3 0.162217 0.707990 0.061532 0.172067 0.740700
3 0.042822 0.778671 0.085094 0.220158 0.652007
3 0.460491 0.568727 0.009371 0.029910 0.351807
4 0.294870 0.663589 0.035643 0.102376 0.395291
5 0.617071 0.536385 0.092436 0.200275 0.623067
5 0.487379 0.578620 0.048998 0.110327 0.544423
6 0.357517 0.604771 0.019171 0.120931 0.706406
6 0.226525 0.624314 0.031060 0.145490 0.567668
6 0.409847 0.585357 0.012483 0.069270 0.511194
6 0.381513 0.579332 0.011598 0.067401 0.410708
6 0.401932 0.579838 0.009573 0.064687 0.440776
6 0.416729 0.576936 0.011882 0.071905 0.428889
6 0.297315 0.622938 0.040298 0.182254 0.401280
9 0.789691 0.708739 0.288210 0.201246 0.362578