0 0.807750 0.699740 0.310410 0.313000 0.689457
0 0.031428 0.778282 0.062524 0.273748 0.546945
0 0.503119 0.577660 0.072739 0.135442 0.496043
0 0.315615 0.721782 0.352052 0.554204 0.503401
0 0.977518 0.659766 0.044709 0.178523 0.493552
0 0.563774 0.566449 0.055198 0.101788 0.477540
0 0.884051 0.594648 0.114909 0.108072 0.461229
0 0.616548 0.587472 0.109090 0.130502 0.503466
0 0.954255 0.894362 0.090841 0.210026 0.377279
0 0.970313 0.611188 0.058300 0.099523 0.437566
0 0.919021 0.584919 0.055752 0.074591 0.410576
0 0.156133 0.663244 0.194331 0.260844 0.364184
1 0.746635 0.508805 0.229700 0.195375 0.750807
1 0.622671 0.479103 0.097435 0.090476 0.653577
1 0.538861 0.497823 0.054858 0.041867 0.574117
3 0.596105 0.702139 0.072481 0.187968 0.736270
3 0.487149 0.620149 0.043253 0.205197 0.623012
6 0.591704 0.626677 0.065057 0.203089 0.737925
6 0.377354 0.373485 0.014693 0.073757 0.722429
6 0.413003 0.379224 0.015751 0.074013 0.699440
6 0.962747 0.881624 0.073858 0.079738 0.368169
6 0.250974 0.280729 0.011692 0.064982 0.366557