0 0.764453 0.689184 0.242614 0.294444 0.708197
0 0.596790 0.610661 0.100322 0.166445 0.659948
0 0.557828 0.548332 0.037276 0.060104 0.489740
0 0.508931 0.547413 0.036928 0.069953 0.407426
0 0.526538 0.528688 0.013950 0.038421 0.350445
1 0.676164 0.513590 0.058659 0.081894 0.353469
2 0.405498 0.534556 0.068130 0.156446 0.584369
3 0.498929 0.583486 0.020791 0.061940 0.676662
6 0.036076 0.603934 0.045674 0.220562 0.674390
6 0.351668 0.544555 0.016073 0.082487 0.379508
6 0.500652 0.560554 0.023564 0.084489 0.513907
8 0.517663 0.181162 0.250832 0.117200 0.363731
9 0.186599 0.683629 0.369504 0.317588 0.358585