0 0.603795 0.643284 0.101529 0.129079 0.782996
0 0.500186 0.585352 0.024966 0.054898 0.375214
2 0.428109 0.564588 0.039596 0.079940 0.415524
2 0.189945 0.625867 0.063775 0.158783 0.419831
2 0.275686 0.629603 0.099691 0.160403 0.458156
3 0.520500 0.604834 0.018185 0.052514 0.657712
5 0.844475 0.608823 0.216032 0.237662 0.624118
6 0.341030 0.664580 0.037581 0.218334 0.792042
6 0.151493 0.639459 0.026481 0.182196 0.615178
6 0.409549 0.596955 0.016847 0.076285 0.519522
6 0.480257 0.562122 0.006562 0.038152 0.382788
8 0.227353 0.486683 0.024088 0.048985 0.374358