0 0.185005 0.729133 0.293334 0.359000 0.711558
0 0.589708 0.558842 0.053956 0.087396 0.582934
0 0.054233 0.507276 0.023006 0.058970 0.407806
0 0.501978 0.558940 0.048636 0.104533 0.391185
2 0.317769 0.616077 0.132293 0.215976 0.459832
3 0.420925 0.711416 0.069899 0.216986 0.841025
3 0.554584 0.556975 0.017656 0.060984 0.467165
3 0.905594 0.665322 0.126682 0.159120 0.595134
3 0.678483 0.573974 0.057029 0.074105 0.587627
3 0.946016 0.856007 0.106985 0.285784 0.521474
5 0.124808 0.463352 0.137547 0.203700 0.472017
6 0.455740 0.561616 0.018941 0.082341 0.620007
6 0.625812 0.543098 0.012105 0.059768 0.589204
6 0.381508 0.541293 0.015418 0.085612 0.560334
6 0.652564 0.556576 0.012223 0.064697 0.415684
6 0.395322 0.523002 0.008665 0.053045 0.362792
6 0.371814 0.526034 0.011939 0.060895 0.408855
6 0.343254 0.504479 0.009245 0.018412 0.375812
9 0.793147 0.591717 0.191559 0.090737 0.407582