0 0.564768 0.550643 0.031687 0.044702 0.646727
0 0.514740 0.531998 0.010654 0.014516 0.447312
1 0.600753 0.525067 0.044388 0.062332 0.601064
2 0.489743 0.521521 0.012582 0.026420 0.409738
3 0.532889 0.568240 0.016883 0.051921 0.823109
3 0.698123 0.567061 0.015286 0.038181 0.740632
3 0.587511 0.596122 0.024446 0.075192 0.836409
3 0.472288 0.565034 0.017285 0.049372 0.815573
5 0.248375 0.508663 0.086104 0.133283 0.527008
6 0.974967 0.587576 0.020272 0.094701 0.754492
6 0.860599 0.575779 0.017964 0.068888 0.794276
6 0.789727 0.568987 0.017487 0.059792 0.747724
6 0.586735 0.566322 0.024056 0.077742 0.739207
6 0.994806 0.602513 0.010110 0.068767 0.599210
7 0.409395 0.451437 0.016493 0.037814 0.405950
9 0.747363 0.642584 0.306272 0.172937 0.489211