0 0.098422 0.837880 0.196401 0.322742 0.736770
0 0.249127 0.705020 0.158906 0.232092 0.678182
0 0.329310 0.631696 0.040474 0.075589 0.411527
0 0.318491 0.651941 0.043558 0.106469 0.489893
3 0.153068 0.712758 0.036922 0.127815 0.685904
3 0.388333 0.639665 0.021142 0.062648 0.647445
3 0.519488 0.633059 0.079130 0.113502 0.355251
6 0.432202 0.620819 0.018198 0.108133 0.721163
6 0.179987 0.641856 0.016371 0.075492 0.666045
6 0.408923 0.608284 0.012502 0.064764 0.487630
9 0.678430 0.473024 0.141361 0.942474 0.426834