0 0.888926 0.637293 0.175957 0.188426 0.548430
0 0.830943 0.713893 0.193769 0.327883 0.504607
0 0.721771 0.553463 0.065199 0.049445 0.387492
1 0.153281 0.506284 0.305863 0.677874 0.704094
2 0.412763 0.537081 0.237005 0.444038 0.598744
3 0.680231 0.789289 0.254992 0.356496 0.775345
3 0.258662 0.825638 0.144778 0.346678 0.808215
3 0.044699 0.896262 0.088711 0.205716 0.425822
6 0.262743 0.718761 0.123936 0.365272 0.850880
6 0.655726 0.742050 0.135737 0.431800 0.808959
6 0.919815 0.555872 0.019303 0.064218 0.639722
6 0.805916 0.538123 0.014115 0.026606 0.531734
6 0.791041 0.538358 0.014939 0.032331 0.493317
6 0.776298 0.610020 0.047177 0.066038 0.417083
6 0.938504 0.579728 0.035552 0.062406 0.564287
6 0.610843 0.565124 0.037904 0.095732 0.356227
8 0.569770 0.545210 0.046012 0.152635 0.464930
9 0.935953 0.532270 0.113930 0.152809 0.516969