0 0.054686 0.574777 0.109085 0.261010 0.544090
0 0.657338 0.506199 0.093659 0.102169 0.572995
0 0.527812 0.461134 0.031044 0.051360 0.581363
0 0.597845 0.475905 0.058742 0.093316 0.456006
0 0.562336 0.464573 0.024629 0.062490 0.422870
0 0.203021 0.457591 0.026244 0.027256 0.350718
0 0.439661 0.437752 0.021916 0.028906 0.378634
1 0.462704 0.431155 0.025575 0.032380 0.354200
1 0.080384 0.489925 0.068013 0.105709 0.418995
1 0.497349 0.429854 0.021548 0.028532 0.357773
2 0.398297 0.444984 0.021500 0.045685 0.355741
3 0.155322 0.494135 0.034918 0.063223 0.655791
3 0.425805 0.465090 0.014626 0.036683 0.580617
3 0.302330 0.474109 0.014285 0.035097 0.449685
3 0.380039 0.448449 0.011805 0.023825 0.393653
5 0.934349 0.606059 0.129031 0.355263 0.480213
6 0.686518 0.514642 0.029255 0.137225 0.780306
6 0.863823 0.487876 0.033872 0.134697 0.719892
6 0.544769 0.472537 0.015025 0.084201 0.724954
6 0.143142 0.471448 0.015146 0.075948 0.465171
6 0.236275 0.460671 0.012009 0.047955 0.536606
6 0.423233 0.449025 0.019447 0.048380 0.552645
6 0.292836 0.443156 0.009086 0.041154 0.444381
6 0.329146 0.454194 0.008197 0.034939 0.400543
7 0.666946 0.254879 0.019191 0.030776 0.463246