0 0.286568 0.651919 0.207902 0.280468 0.755049
0 0.946994 0.661958 0.105873 0.207325 0.715401
0 0.397180 0.583425 0.069914 0.127053 0.648797
0 0.753955 0.612651 0.131151 0.152117 0.685854
0 0.496956 0.548990 0.071940 0.101783 0.669361
0 0.052804 0.768155 0.105400 0.460669 0.509359
0 0.533360 0.522827 0.016449 0.030103 0.457858
0 0.158875 0.509295 0.022697 0.026863 0.424543
0 0.641545 0.590137 0.153675 0.162766 0.411754
0 0.404451 0.512062 0.016229 0.020705 0.354367
0 0.377564 0.518774 0.042489 0.026253 0.354338
0 0.548886 0.563443 0.060883 0.114506 0.363150
1 0.351102 0.489727 0.052641 0.069438 0.456884
2 0.456840 0.499622 0.071170 0.143382 0.532609
2 0.904075 0.534811 0.153253 0.146757 0.475166
3 0.606807 0.661139 0.061184 0.156397 0.728121
3 0.678205 0.669843 0.085271 0.170949 0.687198
3 0.873434 0.654430 0.067354 0.136139 0.485946
3 0.821746 0.631215 0.044467 0.112526 0.430518
6 0.538502 0.599363 0.033779 0.155910 0.797161
6 0.861526 0.630594 0.033591 0.169223 0.670983
6 0.460082 0.543240 0.011567 0.074669 0.448605
6 0.665265 0.636575 0.038480 0.204588 0.782772
6 0.845476 0.617391 0.022943 0.142547 0.554912
6 0.609751 0.610975 0.050638 0.169854 0.791457
6 0.813361 0.569793 0.028725 0.059922 0.385782
6 0.814112 0.606476 0.030733 0.133311 0.382126