0 0.463621 0.538679 0.048602 0.064553 0.605407
1 0.558051 0.481442 0.044007 0.042581 0.363289
2 0.398686 0.517827 0.061660 0.065076 0.382120
2 0.552384 0.524179 0.044244 0.056786 0.360504
3 0.046051 0.595618 0.091287 0.141306 0.465586
3 0.088837 0.580235 0.079120 0.104688 0.445179
3 0.138490 0.560309 0.052555 0.118678 0.373098
3 0.257091 0.555193 0.037829 0.073841 0.358342
3 0.286664 0.540888 0.028408 0.048957 0.405267
3 0.010416 0.594241 0.020633 0.158512 0.371758
6 0.285379 0.532419 0.015670 0.077206 0.487339
6 0.224860 0.540154 0.023082 0.100105 0.482500
6 0.305680 0.513453 0.006278 0.031400 0.465784
6 0.314799 0.513056 0.008792 0.032087 0.385233
6 0.206986 0.537793 0.019427 0.101625 0.404914
6 0.245289 0.543678 0.019846 0.094132 0.452455
6 0.802687 0.547419 0.012054 0.035803 0.368002
6 0.263702 0.538958 0.024038 0.077433 0.478399
8 0.676886 0.400908 0.070993 0.096137 0.410076
9 0.784158 0.775317 0.429087 0.438171 0.356387
9 0.798835 0.604741 0.135098 0.276705 0.363740