0 0.665261 0.525138 0.135607 0.170824 0.652221
0 0.759118 0.655555 0.280849 0.417958 0.700849
0 0.603630 0.445320 0.024122 0.037864 0.428358
0 0.983995 0.867114 0.031632 0.263883 0.365674
0 0.587832 0.440939 0.017923 0.036092 0.482421
1 0.525091 0.334876 0.039854 0.065767 0.550690
1 0.576317 0.417637 0.024822 0.042619 0.456340
1 0.703691 0.414323 0.055694 0.052733 0.429405
2 0.517166 0.458201 0.119191 0.189420 0.654920
3 0.604957 0.457211 0.011760 0.039129 0.350884
6 0.219823 0.472468 0.030461 0.151069 0.791440
6 0.186662 0.473273 0.028932 0.152772 0.785509
6 0.447330 0.468625 0.018851 0.075042 0.394658
6 0.406186 0.474936 0.013978 0.104354 0.399560
6 0.423486 0.466667 0.019019 0.081987 0.402655
6 0.386627 0.476390 0.022984 0.114954 0.445970
6 0.620425 0.438485 0.007474 0.035228 0.356766
6 0.396650 0.475568 0.011691 0.110897 0.379645
8 0.170079 0.273147 0.050654 0.049803 0.387322
8 0.754546 0.366181 0.030598 0.093351 0.384869
9 0.303959 0.536042 0.136811 0.048239 0.377003