1 0.346102 0.755103 0.342368 0.487053 0.569000
2 0.644024 0.582246 0.072669 0.158444 0.366890
2 0.534891 0.579314 0.058732 0.140966 0.375515
3 0.589505 0.707945 0.077912 0.178219 0.704099
3 0.924212 0.740622 0.067359 0.198401 0.663117
3 0.703188 0.646388 0.039882 0.105980 0.661048
5 0.807530 0.708391 0.190821 0.401140 0.593236
6 0.076746 0.700849 0.113480 0.333133 0.799311
6 0.557389 0.615386 0.043223 0.170634 0.677474
6 0.036315 0.871661 0.072305 0.067303 0.448138
6 0.576137 0.549141 0.013022 0.040603 0.361966
6 0.918298 0.623934 0.049199 0.078113 0.355713