0 0.876953 0.556055 0.021510 0.056000 0.365256
0 0.285144 0.578938 0.061761 0.071884 0.366513
2 0.525466 0.685184 0.332673 0.615721 0.645773
2 0.095243 0.774255 0.189648 0.448703 0.352083
3 0.857989 0.714052 0.065325 0.150846 0.719603
3 0.780455 0.679657 0.072997 0.144612 0.590836
3 0.723000 0.712932 0.061697 0.138748 0.606637
3 0.342343 0.595984 0.028270 0.051428 0.391951
3 0.268923 0.585857 0.039917 0.076566 0.372388
6 0.244973 0.647118 0.053251 0.253158 0.735478
6 0.946430 0.665568 0.050668 0.362821 0.840993
6 0.855632 0.619903 0.068558 0.204398 0.632790
6 0.351449 0.571164 0.021284 0.066974 0.544906
6 0.296316 0.553995 0.015216 0.031990 0.512586
6 0.714149 0.594626 0.047100 0.145595 0.514231
6 0.760916 0.570542 0.034581 0.093100 0.420095
6 0.059250 0.543568 0.017627 0.031936 0.387390
6 0.152208 0.548557 0.016869 0.043086 0.444343
6 0.826198 0.577109 0.025778 0.113931 0.387305
6 0.058355 0.597026 0.019763 0.139476 0.352541
6 0.194622 0.557630 0.013870 0.041900 0.431149
6 0.325488 0.577530 0.014139 0.043487 0.384398
6 0.211924 0.562080 0.019146 0.056842 0.376091
6 0.013704 0.543477 0.012820 0.021412 0.410862
6 0.040211 0.600465 0.020776 0.130254 0.403842
6 0.126531 0.547448 0.014365 0.036987 0.350900
7 0.098134 0.207786 0.046547 0.366164 0.741205
7 0.239951 0.366047 0.011575 0.084367 0.373422