2 0.512060 0.539307 0.112436 0.261324 0.646253
3 0.587030 0.692140 0.049421 0.155072 0.793747
3 0.439852 0.661458 0.036811 0.106781 0.684289
3 0.631436 0.664285 0.037898 0.120221 0.756322
3 0.387646 0.704257 0.063007 0.156883 0.622243
3 0.296512 0.863986 0.146604 0.270204 0.513553
3 0.839761 0.624144 0.048844 0.109818 0.579784
3 0.966625 0.715721 0.065946 0.168541 0.538760
3 0.704287 0.590683 0.056297 0.078856 0.544450
3 0.794116 0.622982 0.071983 0.108892 0.542727
3 0.256514 0.645534 0.030487 0.102424 0.423626
3 0.771911 0.615530 0.058588 0.094566 0.470456
6 0.311498 0.762912 0.117909 0.429902 0.816826
6 0.629402 0.610721 0.045215 0.155657 0.701192
6 0.344769 0.627852 0.027435 0.185958 0.682648
6 0.438487 0.618357 0.038589 0.149689 0.628444
6 0.392985 0.643595 0.058285 0.191098 0.621778
6 0.164293 0.402784 0.027626 0.064624 0.575228
6 0.585791 0.617552 0.050818 0.141652 0.470502
6 0.735854 0.568853 0.020015 0.093452 0.545979
6 0.541558 0.473245 0.025086 0.098565 0.521762
6 0.559511 0.473772 0.016090 0.098823 0.459940
6 0.133412 0.613150 0.028908 0.190754 0.358519
6 0.519161 0.475832 0.022754 0.097931 0.456453
6 0.751072 0.561625 0.014131 0.091928 0.404246
6 0.406851 0.590617 0.020704 0.064341 0.430908
6 0.491022 0.472652 0.031694 0.105650 0.423677
6 0.467925 0.478054 0.017270 0.097650 0.418081