0 0.818606 0.718845 0.276326 0.297124 0.634584
0 0.981122 0.694143 0.037541 0.129736 0.517016
0 0.447065 0.592125 0.055798 0.060357 0.540283
0 0.421187 0.584435 0.016942 0.040356 0.356037
2 0.648492 0.581985 0.089252 0.116421 0.519064
3 0.545057 0.659503 0.040314 0.101704 0.815956
3 0.514493 0.589022 0.027559 0.043992 0.431298
6 0.543242 0.625852 0.035713 0.110108 0.792548
6 0.711385 0.608215 0.018192 0.064485 0.688674
6 0.518226 0.586843 0.013245 0.040603 0.526469
6 0.506719 0.586009 0.011616 0.038430 0.376438
8 0.395488 0.548484 0.016900 0.033453 0.362512
9 0.316679 0.818349 0.199499 0.350010 0.449136