0 0.108049 0.804300 0.215928 0.389553 0.751517
0 0.520603 0.542245 0.018207 0.026009 0.568625
0 0.063122 0.622939 0.125813 0.153773 0.358694
2 0.273687 0.537555 0.084029 0.089071 0.459346
3 0.647768 0.740559 0.083561 0.207425 0.826210
3 0.158699 0.617169 0.030491 0.099115 0.671830
4 0.389181 0.570638 0.008724 0.031207 0.354170
6 0.644800 0.658999 0.074281 0.234095 0.882050
6 0.202635 0.573243 0.015679 0.084031 0.706729
6 0.119087 0.575378 0.023448 0.089131 0.719432
6 0.051268 0.598668 0.032146 0.065071 0.677651
6 0.533113 0.556059 0.016653 0.065187 0.593450
6 0.359861 0.559308 0.012199 0.049829 0.489727
6 0.389815 0.559440 0.011647 0.052384 0.472811
6 0.327899 0.564165 0.010645 0.049045 0.433044
6 0.497987 0.548976 0.008767 0.041002 0.489991
6 0.135503 0.511012 0.010331 0.049160 0.477073
6 0.335591 0.565098 0.009611 0.047390 0.437524
6 0.403775 0.548464 0.008386 0.038691 0.431115
6 0.455451 0.547596 0.009133 0.031186 0.514202
6 0.396679 0.550127 0.006354 0.036764 0.393190
6 0.483939 0.544226 0.006060 0.025994 0.414832