0 0.525036 0.651685 0.076796 0.124674 0.685984
0 0.707751 0.762317 0.201697 0.299905 0.685870
0 0.398689 0.619778 0.061401 0.088357 0.660475
0 0.913999 0.698408 0.171441 0.177107 0.689289
0 0.471395 0.602148 0.020910 0.045818 0.410329
0 0.483606 0.593892 0.015807 0.035423 0.363283
1 0.516786 0.568088 0.032557 0.046917 0.510255
2 0.571556 0.580416 0.066035 0.145940 0.557715
3 0.176255 0.637421 0.045399 0.101110 0.641756
5 0.447717 0.751497 0.060118 0.149603 0.410254
6 0.452323 0.684952 0.065271 0.175677 0.791622
6 0.289020 0.628803 0.028019 0.122089 0.851905
6 0.631954 0.628867 0.027050 0.091020 0.703000
8 0.748197 0.281786 0.046665 0.106676 0.429746