0 0.659622 0.573484 0.014656 0.040020 0.432134
0 0.373409 0.561040 0.048103 0.055669 0.441005
3 0.290862 0.688522 0.067711 0.164128 0.725678
3 0.414680 0.639254 0.034393 0.095414 0.684808
3 0.146148 0.687361 0.094625 0.186975 0.760649
3 0.348083 0.775390 0.100907 0.247666 0.772979
3 0.622857 0.717839 0.051990 0.176126 0.560093
3 0.482826 0.562857 0.012402 0.029085 0.449676
3 0.106031 0.551365 0.043430 0.050092 0.433798
3 0.177809 0.596528 0.057085 0.078629 0.439865
3 0.079976 0.544036 0.035161 0.045671 0.451510
6 0.035262 0.536995 0.029268 0.090415 0.785056
6 0.471768 0.675581 0.084623 0.286744 0.759304
6 0.151164 0.633970 0.069865 0.189725 0.709253
6 0.711251 0.705915 0.102855 0.353586 0.773511
6 0.566427 0.678273 0.100045 0.289227 0.676575
6 0.616804 0.649390 0.064321 0.240704 0.676889
6 0.414891 0.597553 0.033080 0.123950 0.607174
6 0.689250 0.568714 0.041583 0.088270 0.478787
6 0.180061 0.559420 0.028366 0.086530 0.443869
6 0.445552 0.561801 0.015046 0.051050 0.462482
6 0.159658 0.556505 0.017846 0.084946 0.400961
7 0.644390 0.419849 0.011526 0.093736 0.532494
8 0.646373 0.357929 0.010889 0.018986 0.384035