0 0.882683 0.678617 0.234389 0.260995 0.756140
0 0.278778 0.766746 0.334548 0.461175 0.662850
0 0.112245 0.637791 0.221702 0.228799 0.560473
0 0.487572 0.635488 0.132440 0.219092 0.672473
0 0.628184 0.535770 0.040653 0.046253 0.404943
0 0.410910 0.555055 0.068676 0.062941 0.475407
1 0.866055 0.523965 0.265715 0.224615 0.808938
1 0.692121 0.524144 0.086160 0.119519 0.672500
1 0.323591 0.491600 0.272683 0.087907 0.467896
1 0.406776 0.497029 0.104968 0.067165 0.383769
3 0.353381 0.517457 0.030617 0.046650 0.482884
6 0.655891 0.541307 0.016595 0.049978 0.496124
6 0.393581 0.512152 0.008530 0.025642 0.424792
6 0.109656 0.484655 0.019001 0.050612 0.356480
6 0.090034 0.495122 0.026603 0.064619 0.515985
6 0.423650 0.513920 0.010118 0.021594 0.395401
6 0.153863 0.501225 0.012374 0.040998 0.419180
6 0.364018 0.521445 0.016855 0.039210 0.407043
6 0.237148 0.521455 0.025911 0.040139 0.372582
6 0.412805 0.511992 0.009703 0.022988 0.403383
6 0.258689 0.519394 0.024059 0.039219 0.369436
6 0.550186 0.541833 0.015046 0.092419 0.362603
6 0.720286 0.557979 0.023575 0.064014 0.427145
6 0.586681 0.567691 0.018733 0.099644 0.361393