0 0.071254 0.690028 0.142228 0.324854 0.752092
0 0.705502 0.639372 0.139550 0.173254 0.741605
1 0.492253 0.617006 0.105132 0.247263 0.497543
1 0.419239 0.581007 0.044451 0.097848 0.368593
3 0.537118 0.767832 0.085416 0.205731 0.599803
3 0.405629 0.626460 0.028570 0.073666 0.626292
6 0.542553 0.694509 0.106769 0.331876 0.821226
6 0.206152 0.636739 0.035372 0.197075 0.704598
6 0.253961 0.633877 0.029818 0.189812 0.674719
6 0.305884 0.617473 0.024324 0.118009 0.580953
6 0.274446 0.596238 0.023018 0.142921 0.650808
6 0.404035 0.597857 0.031572 0.106684 0.551643
6 0.353731 0.604479 0.026808 0.119667 0.535474
6 0.234086 0.619661 0.024960 0.148062 0.603947
6 0.388837 0.568606 0.014057 0.067025 0.521303
6 0.372690 0.569434 0.015650 0.074857 0.450256
9 0.779988 0.793426 0.431062 0.400705 0.643068