0 0.197772 0.731988 0.394563 0.532024 0.653302
0 0.547884 0.573850 0.115526 0.165855 0.614909
0 0.487045 0.522484 0.051071 0.093270 0.524319
0 0.385404 0.537789 0.108915 0.170510 0.428822
0 0.597923 0.505270 0.036858 0.063829 0.413585
0 0.442409 0.493426 0.030728 0.062929 0.385615
0 0.470423 0.497799 0.028380 0.064331 0.372281
1 0.528905 0.445022 0.075661 0.089659 0.527530
2 0.775845 0.446636 0.238102 0.395118 0.660744
3 0.617594 0.551127 0.034899 0.109128 0.839998
5 0.909268 0.731771 0.179483 0.531704 0.463841
6 0.891068 0.677109 0.102748 0.305624 0.593242
6 0.437302 0.513997 0.016913 0.084536 0.386270
9 0.103477 0.519008 0.206110 0.120083 0.385164