0 0.545798 0.548098 0.152669 0.205732 0.720925
0 0.471126 0.496439 0.030107 0.107444 0.433774
1 0.731052 0.453692 0.204190 0.416957 0.729806
3 0.698443 0.791019 0.143260 0.387360 0.815064
3 0.198371 0.490725 0.052601 0.057545 0.530155
3 0.055151 0.499873 0.063174 0.074236 0.399078
3 0.123042 0.495094 0.052123 0.069965 0.442139
3 0.156455 0.489549 0.034514 0.064396 0.373600
3 0.093400 0.489898 0.034454 0.061690 0.358546
5 0.377473 0.615216 0.178511 0.390866 0.572609
6 0.686142 0.642015 0.125877 0.384325 0.883248
6 0.944962 0.475694 0.013464 0.069316 0.555478
6 0.226463 0.474488 0.018131 0.083267 0.561226
6 0.260994 0.466276 0.014528 0.073088 0.666088
6 0.194443 0.469732 0.017259 0.067833 0.522566
6 0.019402 0.482319 0.016655 0.096346 0.520403
6 0.119380 0.479534 0.026163 0.098481 0.506453
6 0.051095 0.484750 0.022622 0.105381 0.502655
6 0.234450 0.473108 0.009355 0.079629 0.489876
6 0.032837 0.481114 0.019142 0.090522 0.386407
6 0.063108 0.484451 0.022790 0.102241 0.415640
7 0.338630 0.301406 0.008253 0.029533 0.393830