0 0.491760 0.776853 0.289924 0.428331 0.730479
0 0.095916 0.494785 0.053733 0.041526 0.415053
0 0.191401 0.500350 0.038714 0.045047 0.509829
0 0.454580 0.532193 0.083970 0.070496 0.458059
0 0.557355 0.523285 0.071733 0.091819 0.439810
1 0.414598 0.484459 0.123220 0.082532 0.669578
3 0.190816 0.834526 0.159394 0.326053 0.741955
3 0.365496 0.664726 0.089278 0.153742 0.459353
5 0.656490 0.617354 0.121401 0.228794 0.472848
6 0.200392 0.706213 0.122886 0.365922 0.727203
6 0.512362 0.536202 0.036892 0.065959 0.646659
6 0.179428 0.504164 0.022929 0.059862 0.577191
6 0.365628 0.603605 0.054229 0.178094 0.540112
6 0.271802 0.657194 0.066333 0.280366 0.541088
6 0.933274 0.796360 0.133053 0.403587 0.565859
6 0.316064 0.514019 0.017510 0.093919 0.439102
6 0.284828 0.510172 0.019146 0.056905 0.520320
6 0.298779 0.493645 0.017012 0.048582 0.494830
6 0.301438 0.624360 0.030068 0.217356 0.434522
6 0.475156 0.534923 0.035512 0.063977 0.604886
6 0.527959 0.535641 0.022080 0.063464 0.421493
6 0.376650 0.532709 0.019106 0.051262 0.478753
6 0.344978 0.499006 0.013527 0.031061 0.407802
6 0.219998 0.536914 0.039756 0.150114 0.380490
6 0.393708 0.523192 0.019229 0.049703 0.408017
6 0.358270 0.510091 0.017184 0.041574 0.441103
6 0.582580 0.569857 0.035670 0.127189 0.662309
6 0.990066 0.659174 0.019740 0.098091 0.392350