0 0.643109 0.513310 0.129994 0.142613 0.700984
0 0.510180 0.437895 0.030671 0.044145 0.552694
0 0.585828 0.432905 0.054355 0.048625 0.454159
0 0.545250 0.440417 0.052613 0.057373 0.451097
3 0.112517 0.652540 0.126717 0.276578 0.776788
3 0.869726 0.487663 0.040042 0.062245 0.662610
3 0.782447 0.472283 0.011447 0.036725 0.395337
3 0.975080 0.474988 0.033620 0.039216 0.452574
3 0.399354 0.464940 0.037438 0.060533 0.365140
5 0.814738 0.482898 0.069669 0.115650 0.550184
6 0.871373 0.466218 0.016903 0.063885 0.616933
6 0.441802 0.437465 0.009185 0.052763 0.615848
6 0.166346 0.486318 0.045666 0.204717 0.706418
6 0.348687 0.433613 0.019623 0.096841 0.579994
6 0.333594 0.449185 0.028027 0.104170 0.578379
6 0.391826 0.452847 0.017978 0.081827 0.421876
6 0.424340 0.456908 0.015904 0.084284 0.383993
6 0.294906 0.444449 0.017825 0.100813 0.379044