0 0.359818 0.715934 0.363218 0.375136 0.699580
0 0.767554 0.605290 0.224660 0.240598 0.678564
0 0.561161 0.578602 0.125487 0.171740 0.614657
0 0.039352 0.878862 0.078445 0.240638 0.571652
0 0.379680 0.507077 0.076589 0.056922 0.464110
0 0.457747 0.528868 0.069139 0.096761 0.460552
0 0.574567 0.482698 0.031687 0.027123 0.378094
1 0.511149 0.455189 0.065528 0.111283 0.566037
2 0.616246 0.502597 0.040076 0.081256 0.368532
6 0.390590 0.505215 0.032033 0.054742 0.573519
6 0.566725 0.479587 0.015227 0.032543 0.534587
6 0.719755 0.479447 0.010098 0.016227 0.520088
6 0.686502 0.485669 0.014792 0.034244 0.407665
6 0.040144 0.545252 0.028083 0.200101 0.398980
6 0.421370 0.504386 0.021132 0.058523 0.390286
6 0.024226 0.554477 0.041165 0.213103 0.365832
8 0.083046 0.173437 0.165443 0.201037 0.475701
8 0.603718 0.086664 0.791101 0.172506 0.496739
8 0.308636 0.155261 0.048126 0.045267 0.364548
9 0.178626 0.587271 0.354728 0.268275 0.413398