0 0.680503 0.773402 0.391409 0.451309 0.721121
0 0.542047 0.536563 0.044130 0.070901 0.459559
0 0.595564 0.538489 0.079915 0.051600 0.446076
0 0.489238 0.511569 0.020778 0.038508 0.385152
3 0.895319 0.705692 0.132665 0.222075 0.732831
3 0.475100 0.664547 0.051503 0.136361 0.722954
3 0.820896 0.598324 0.063992 0.122581 0.653097
3 0.479040 0.532657 0.023996 0.053496 0.385748
6 0.397954 0.633753 0.045146 0.203324 0.741153
6 0.359225 0.590117 0.027092 0.126035 0.701882
6 0.897516 0.619836 0.087446 0.249230 0.798786
6 0.827373 0.564828 0.046998 0.135555 0.733078
6 0.253151 0.603708 0.022298 0.143895 0.587769
6 0.683937 0.528540 0.030390 0.048241 0.565424
6 0.059744 0.570568 0.023642 0.105978 0.534958
6 0.217396 0.605532 0.029681 0.143447 0.485171
6 0.306528 0.595188 0.025650 0.129038 0.550295
6 0.020452 0.568500 0.020456 0.103023 0.416737
6 0.476957 0.587164 0.046576 0.113389 0.371549
6 0.338923 0.539366 0.013680 0.066161 0.415770
6 0.184086 0.577976 0.024711 0.122418 0.358464
7 0.842371 0.418619 0.015292 0.027058 0.496065
7 0.840315 0.301582 0.016975 0.072999 0.394925
9 0.236997 0.783170 0.115820 0.214797 0.383688