0 0.791373 0.618557 0.124171 0.145724 0.745376
0 0.492416 0.536532 0.020603 0.039868 0.394728
0 0.561507 0.541361 0.024430 0.040693 0.369140
3 0.655207 0.628183 0.050804 0.102158 0.732321
3 0.531981 0.585489 0.054568 0.062487 0.595781
3 0.422263 0.570877 0.017962 0.048219 0.552013
3 0.971724 0.729043 0.056101 0.198974 0.606601
3 0.924468 0.711977 0.075409 0.118813 0.448943
3 0.372651 0.553756 0.033525 0.042533 0.365584
6 0.656521 0.598696 0.040700 0.125191 0.752217
6 0.493800 0.566471 0.017163 0.071875 0.612721
6 0.476528 0.558530 0.015189 0.058383 0.514399
6 0.012224 0.522185 0.014550 0.031249 0.442317
6 0.115112 0.540257 0.014623 0.054736 0.398084
6 0.536179 0.564765 0.020114 0.070812 0.471407
6 0.409648 0.547467 0.010807 0.049028 0.408204
6 0.102828 0.538884 0.013046 0.052582 0.370229
6 0.008588 0.638187 0.017071 0.260625 0.413370
9 0.149007 0.743516 0.230776 0.169217 0.410430