0 0.468415 0.659505 0.206902 0.333792 0.632248
0 0.982057 0.584888 0.035592 0.138187 0.622080
0 0.830987 0.531413 0.072908 0.087301 0.518933
0 0.363074 0.548467 0.125443 0.181681 0.513129
0 0.770704 0.524201 0.100385 0.115394 0.428644
0 0.960190 0.887269 0.079054 0.224342 0.397285
0 0.527144 0.539008 0.085660 0.141014 0.478504
0 0.679671 0.543107 0.089821 0.149065 0.377991
2 0.086442 0.429985 0.172371 0.356085 0.585358
2 0.592064 0.478125 0.085171 0.145356 0.429807
3 0.732784 0.750749 0.130859 0.304763 0.663902
3 0.619263 0.634364 0.083547 0.177696 0.600195
3 0.231615 0.603500 0.101696 0.199289 0.528936
6 0.719389 0.647929 0.105825 0.325015 0.674376
6 0.094088 0.616623 0.111228 0.260653 0.692612
6 0.615785 0.567865 0.068272 0.189521 0.639805
6 0.594496 0.552577 0.046001 0.173734 0.562969
6 0.287879 0.543526 0.046476 0.154628 0.554755
6 0.238350 0.567148 0.068493 0.175864 0.540413
6 0.759731 0.537707 0.035623 0.130990 0.436102
9 0.886118 0.662917 0.225294 0.196129 0.448181