0 0.821084 0.612154 0.165494 0.182265 0.643469
0 0.625386 0.547006 0.049213 0.081400 0.522452
0 0.561418 0.529340 0.019594 0.027368 0.445836
0 0.926980 0.550208 0.086403 0.096016 0.368357
3 0.756519 0.669029 0.078491 0.158593 0.730531
3 0.517170 0.611372 0.031256 0.085104 0.736075
3 0.576908 0.630047 0.031930 0.088481 0.715916
3 0.935151 0.636525 0.090228 0.135327 0.548987
3 0.982141 0.620248 0.035179 0.102612 0.509911
3 0.460362 0.604871 0.026091 0.065793 0.386912
6 0.189271 0.593971 0.033245 0.163197 0.764490
6 0.402555 0.757389 0.129974 0.461310 0.805786
6 0.577746 0.595552 0.045243 0.151176 0.780611
6 0.144571 0.589309 0.023550 0.153525 0.750247
6 0.984246 0.580687 0.031009 0.155300 0.658082
6 0.514524 0.581872 0.036526 0.105154 0.708971
6 0.756941 0.620781 0.063952 0.191896 0.474069
6 0.882106 0.543333 0.038371 0.074848 0.626458
6 0.925130 0.570013 0.031162 0.117561 0.499394
6 0.842625 0.513895 0.017376 0.045643 0.547132
6 0.859654 0.526252 0.016164 0.055169 0.526973
9 0.771801 0.759636 0.452650 0.471137 0.486794
9 0.127725 0.825282 0.251327 0.324574 0.370346