0 0.621406 0.580898 0.017807 0.039028 0.541747
0 0.561346 0.575701 0.022300 0.039630 0.553218
0 0.530344 0.582364 0.045559 0.080664 0.455547
0 0.584521 0.576516 0.025014 0.043703 0.429590
0 0.615580 0.571885 0.018461 0.035971 0.366567
1 0.658289 0.643588 0.086288 0.228770 0.378131
3 0.460388 0.605074 0.038597 0.102802 0.892056
5 0.766447 0.745954 0.302627 0.466252 0.443708
6 0.445479 0.576669 0.010822 0.054482 0.389780
8 0.566817 0.505842 0.011936 0.013676 0.393136
9 0.254551 0.808717 0.244351 0.371208 0.503608