0 0.201874 0.564916 0.106747 0.100778 0.707745
0 0.710493 0.738659 0.296294 0.364197 0.734168
0 0.603929 0.560186 0.051758 0.079214 0.532934
0 0.554386 0.586673 0.069750 0.111191 0.582664
0 0.508241 0.551951 0.044000 0.072595 0.522967
0 0.014904 0.607675 0.029613 0.130827 0.472805
3 0.447331 0.576381 0.020616 0.055580 0.641560
3 0.476249 0.577925 0.021401 0.061032 0.640279
3 0.231061 0.756820 0.109728 0.281238 0.823590
6 0.241388 0.670883 0.074865 0.265513 0.866662
6 0.302343 0.546174 0.012733 0.048218 0.657934
6 0.650311 0.541687 0.025581 0.042078 0.643446
6 0.444681 0.557544 0.017223 0.067849 0.539962
6 0.455353 0.554124 0.012995 0.067587 0.436320
6 0.260360 0.537226 0.008287 0.033725 0.352261
9 0.221623 0.703531 0.439086 0.332011 0.558979