0 0.861265 0.536979 0.094357 0.091622 0.582197
0 0.258575 0.465373 0.029828 0.060043 0.505615
0 0.561518 0.482676 0.020995 0.043746 0.400225
0 0.691266 0.564093 0.193066 0.221911 0.542173
0 0.445728 0.465308 0.033061 0.049454 0.367309
1 0.109305 0.435678 0.075261 0.131464 0.621100
2 0.323855 0.470885 0.113328 0.215821 0.533339
2 0.941966 0.626888 0.115252 0.484441 0.491265
3 0.174389 0.495790 0.038750 0.059842 0.737856
5 0.499530 0.575441 0.112206 0.259110 0.625666
6 0.065422 0.516353 0.031414 0.150315 0.726750
6 0.170486 0.478128 0.023763 0.058790 0.356089
9 0.116382 0.688849 0.229748 0.228621 0.365183