0 0.472549 0.595507 0.192493 0.288660 0.732994
0 0.644603 0.480962 0.089221 0.105660 0.676141
0 0.690317 0.473127 0.063255 0.085308 0.587297
0 0.420051 0.441460 0.025841 0.052717 0.469738
0 0.476852 0.444555 0.046017 0.021649 0.382597
0 0.163866 0.731714 0.327268 0.524135 0.694133
2 0.264949 0.437461 0.037733 0.046810 0.383605
2 0.392597 0.448687 0.032358 0.073829 0.372331
3 0.746031 0.522963 0.046316 0.107682 0.826073
3 0.300554 0.451775 0.033111 0.041393 0.639765
3 0.365750 0.450297 0.016481 0.036334 0.549341
6 0.102249 0.452880 0.030622 0.047038 0.631060
6 0.043123 0.449555 0.023138 0.085339 0.580606
6 0.123511 0.435559 0.018569 0.073260 0.562643
6 0.222308 0.453940 0.034837 0.054546 0.575379
6 0.160322 0.455780 0.021771 0.033080 0.485170
6 0.301052 0.437746 0.018611 0.041281 0.460117
6 0.305551 0.419609 0.008744 0.030659 0.364213
6 0.747664 0.457566 0.025588 0.048137 0.369092
6 0.746803 0.487991 0.028665 0.109629 0.397632
6 0.141262 0.445241 0.021247 0.048686 0.361490
9 0.769117 0.746101 0.447401 0.497886 0.456321