0 0.457780 0.561634 0.065224 0.091887 0.638785
2 0.371718 0.584762 0.119893 0.202019 0.462608
3 0.471531 0.650925 0.041125 0.112742 0.780546
3 0.525304 0.578435 0.022306 0.052842 0.666992
3 0.689659 0.623721 0.041810 0.103755 0.688789
3 0.562753 0.569393 0.017805 0.051523 0.639000
3 0.631819 0.556730 0.015311 0.047460 0.531208
3 0.827444 0.770190 0.127003 0.332001 0.747103
3 0.193900 0.618726 0.026655 0.098028 0.550755
3 0.977966 0.689081 0.043617 0.175574 0.541101
3 0.715341 0.588763 0.025742 0.082375 0.465261
3 0.340670 0.676410 0.080457 0.116431 0.368730
3 0.575066 0.564759 0.009502 0.042426 0.464768
3 0.765447 0.622084 0.037855 0.067666 0.370417
3 0.125811 0.711751 0.135273 0.256233 0.430013
3 0.746367 0.605550 0.053167 0.072543 0.506522
5 0.598999 0.562477 0.043613 0.103770 0.367304
6 0.835321 0.680982 0.101170 0.300850 0.761980
6 0.271906 0.628671 0.035766 0.228407 0.711048
6 0.473198 0.595272 0.038680 0.142047 0.720747
6 0.304183 0.621503 0.059917 0.253856 0.683918
6 0.690686 0.584616 0.041357 0.127139 0.658872
6 0.495506 0.556353 0.014477 0.075130 0.434832
6 0.787044 0.580009 0.042138 0.136658 0.360326
6 0.527185 0.556073 0.022229 0.074928 0.537811
6 0.335733 0.591149 0.038416 0.148934 0.392813
6 0.671815 0.581783 0.020623 0.117188 0.509007
6 0.787356 0.649156 0.042975 0.274814 0.463537
6 0.660366 0.562389 0.014152 0.045777 0.384768
6 0.539196 0.536748 0.010616 0.038247 0.403874
6 0.508834 0.553261 0.015894 0.083231 0.540854
9 0.226483 0.584834 0.089148 0.123579 0.379059