0 0.714646 0.700278 0.248698 0.292174 0.724757
0 0.447674 0.687359 0.188715 0.299886 0.712788
0 0.362481 0.532699 0.020693 0.021447 0.449718
0 0.421501 0.533053 0.021246 0.019572 0.406372
1 0.480422 0.508012 0.043973 0.058858 0.603615
1 0.598729 0.560845 0.122913 0.238030 0.629235
1 0.529059 0.514846 0.027887 0.049274 0.417023
3 0.530505 0.601465 0.019961 0.049252 0.360296
6 0.282293 0.541367 0.016423 0.056033 0.616444
6 0.121709 0.554548 0.017077 0.082727 0.691922
6 0.269854 0.547867 0.011133 0.054402 0.426253
6 0.531611 0.562532 0.019892 0.057469 0.394144
7 0.460943 0.435750 0.006446 0.008779 0.406291
8 0.441626 0.446691 0.026381 0.020023 0.610897
9 0.829226 0.574247 0.337591 0.108531 0.374192