0 0.621428 0.757905 0.179209 0.271571 0.807146
0 0.642170 0.601427 0.059424 0.050151 0.472102
3 0.774767 0.820507 0.083730 0.229908 0.768595
5 0.328553 0.869230 0.213885 0.255905 0.576118
6 0.778872 0.739524 0.086503 0.262441 0.834757
6 0.363901 0.682208 0.053495 0.137752 0.780481
6 0.509382 0.662047 0.026263 0.149511 0.650444
6 0.878943 0.733796 0.040471 0.203502 0.771543
6 0.941216 0.681709 0.044941 0.155257 0.734209
6 0.603124 0.595779 0.008265 0.042387 0.440045
6 0.013004 0.024309 0.016814 0.047707 0.416236
6 0.541699 0.667194 0.016860 0.112078 0.390116
6 0.006154 0.127153 0.012159 0.049787 0.423191
6 0.009017 0.075984 0.017683 0.054411 0.418317
8 0.382174 0.356541 0.168015 0.318704 0.520889