0 0.580957 0.560835 0.009385 0.029404 0.372895
1 0.601916 0.559285 0.035291 0.065245 0.473844
1 0.556424 0.559292 0.022984 0.063889 0.377457
3 0.279832 0.667883 0.076205 0.147048 0.699476
3 0.384602 0.638995 0.055422 0.107454 0.671611
3 0.476008 0.607264 0.018325 0.055214 0.580108
3 0.428547 0.599618 0.030203 0.070905 0.453472
5 0.783779 0.737744 0.210637 0.435812 0.684767
5 0.517978 0.614461 0.079068 0.176673 0.499820
6 0.335957 0.634814 0.045813 0.163034 0.705624
6 0.477663 0.585154 0.019403 0.099008 0.583003
6 0.797457 0.618817 0.069796 0.088249 0.383254
6 0.292175 0.573533 0.030577 0.100481 0.377261
9 0.948413 0.666991 0.098186 0.131940 0.414072