0 0.329861 0.492777 0.082023 0.101231 0.681877
0 0.167569 0.658145 0.334055 0.391986 0.753531
0 0.851408 0.758437 0.296775 0.480967 0.725907
0 0.539230 0.471000 0.049508 0.069016 0.654318
0 0.400453 0.465973 0.031190 0.050809 0.643970
0 0.875537 0.456955 0.059000 0.022168 0.383681
0 0.952414 0.159199 0.089682 0.116766 0.434425
1 0.461209 0.460050 0.094855 0.209557 0.751707
6 0.676224 0.368232 0.014091 0.039383 0.529639
6 0.628963 0.364657 0.016634 0.042641 0.550584
6 0.643710 0.369949 0.014920 0.043962 0.512286
6 0.663356 0.365917 0.013518 0.033155 0.414259
6 0.653643 0.366788 0.009037 0.034893 0.393933