0 0.769024 0.601314 0.105784 0.164724 0.681174
2 0.618433 0.649859 0.122467 0.282923 0.439109
3 0.706008 0.657657 0.039034 0.094320 0.437269
3 0.534976 0.668909 0.062231 0.147004 0.403413
3 0.038234 0.883926 0.075564 0.228868 0.380104
6 0.246735 0.751678 0.077401 0.455185 0.785150
6 0.370106 0.702790 0.065070 0.354837 0.756676
6 0.665014 0.713300 0.089633 0.342058 0.727191
6 0.439152 0.678556 0.057011 0.243934 0.711708
6 0.837015 0.602498 0.027602 0.146122 0.622548
6 0.051448 0.737266 0.099099 0.400616 0.644435
6 0.124689 0.768429 0.078374 0.460862 0.651658
6 0.689075 0.575875 0.025444 0.075352 0.528543
6 0.153712 0.750281 0.040862 0.379991 0.559752
6 0.715035 0.527089 0.015782 0.045112 0.525690
6 0.930485 0.612576 0.056272 0.202322 0.376765
6 0.909003 0.589351 0.050771 0.166529 0.376728
6 0.399367 0.644573 0.026253 0.219874 0.390781
6 0.432614 0.575824 0.041698 0.078895 0.394724
6 0.709212 0.608725 0.036329 0.149171 0.363853