0 0.511702 0.642576 0.081835 0.122872 0.780985
3 0.563210 0.635533 0.023100 0.064445 0.659063
3 0.756565 0.705655 0.073139 0.141534 0.553290
6 0.348702 0.660416 0.034420 0.188757 0.694461
6 0.376196 0.659563 0.033332 0.158521 0.590414
6 0.435727 0.639662 0.022822 0.119816 0.540134
6 0.460703 0.576846 0.008946 0.046748 0.429452
6 0.397713 0.642731 0.018295 0.113335 0.451846
6 0.416321 0.636484 0.022687 0.126722 0.542456
6 0.463794 0.576703 0.008200 0.047496 0.370772
8 0.103764 0.211364 0.207031 0.423010 0.604313
9 0.683105 0.570556 0.068358 0.206762 0.395515