0 0.605734 0.611394 0.064491 0.130361 0.686735
2 0.901950 0.707425 0.194895 0.483023 0.580246
3 0.243624 0.754692 0.158981 0.400179 0.660921
3 0.173344 0.762054 0.149084 0.340394 0.639102
3 0.663713 0.608687 0.030488 0.090373 0.618801
3 0.443811 0.735549 0.053004 0.216262 0.407784
6 0.742466 0.638236 0.045193 0.180183 0.705083
6 0.944656 0.764645 0.093267 0.468147 0.751851
6 0.408743 0.790259 0.157056 0.417791 0.594767
6 0.224558 0.598989 0.063630 0.103616 0.557308
6 0.423414 0.197890 0.030781 0.074884 0.478552
6 0.547620 0.705792 0.085075 0.403142 0.501727
6 0.575872 0.637173 0.029752 0.223837 0.393231
6 0.353918 0.740321 0.057891 0.378443 0.432846
6 0.867249 0.422252 0.016864 0.084367 0.413924
6 0.844678 0.428418 0.012072 0.070789 0.382659
6 0.523576 0.230126 0.033845 0.100323 0.481792