0 0.224712 0.548752 0.128011 0.144560 0.631940
0 0.082186 0.535359 0.163942 0.242682 0.488463
3 0.451190 0.698664 0.046572 0.139621 0.772280
3 0.591828 0.636474 0.039272 0.111775 0.566283
3 0.566546 0.603858 0.020161 0.065348 0.513188
3 0.825062 0.668546 0.065135 0.175578 0.581643
3 0.654707 0.573186 0.020788 0.068069 0.487601
3 0.894443 0.683696 0.080518 0.189843 0.461003
3 0.350902 0.543893 0.018316 0.054706 0.351021
3 0.318632 0.545910 0.033580 0.059525 0.378123
3 0.980357 0.671735 0.038221 0.204585 0.354448
5 0.506394 0.597816 0.082286 0.174964 0.475524
5 0.385677 0.582899 0.076665 0.214373 0.448053
6 0.451379 0.631956 0.049316 0.179418 0.827452
6 0.566084 0.576323 0.024510 0.101850 0.574258
6 0.617202 0.562120 0.017176 0.086108 0.557606
6 0.592270 0.591279 0.038195 0.117477 0.619729
6 0.234508 0.465372 0.013539 0.030278 0.482370
6 0.763519 0.583474 0.019786 0.069631 0.386690
9 0.101174 0.780587 0.199448 0.350638 0.401195