0 0.857296 0.720224 0.285013 0.282639 0.659606
0 0.759488 0.583508 0.038633 0.039096 0.377384
0 0.959461 0.613589 0.080279 0.115652 0.410707
0 0.413604 0.674784 0.038299 0.195395 0.414114
0 0.680918 0.629064 0.075256 0.153738 0.455175
0 0.567801 0.560708 0.061452 0.030086 0.368789
3 0.379389 0.685484 0.040771 0.127420 0.670114
3 0.734725 0.771114 0.064194 0.149363 0.408590
3 0.622767 0.785432 0.067741 0.179163 0.470916
5 0.504052 0.753434 0.181181 0.408408 0.695148
6 0.029290 0.614826 0.036162 0.231181 0.723327
6 0.622456 0.701279 0.074178 0.258381 0.795795
6 0.718532 0.696120 0.075790 0.273301 0.760776
6 0.094460 0.619367 0.054590 0.260543 0.730410
6 0.379979 0.636982 0.042184 0.145222 0.641675
6 0.062920 0.609584 0.036702 0.213772 0.666189
6 0.375511 0.553483 0.015212 0.041921 0.483060
6 0.386607 0.566037 0.011380 0.053869 0.436476
6 0.395874 0.569230 0.011364 0.059058 0.428260
6 0.416023 0.572286 0.013830 0.034088 0.430744
9 0.240659 0.680369 0.174806 0.119998 0.475253