0 0.216010 0.783171 0.431503 0.431503 0.711317
0 0.896801 0.664824 0.205866 0.278412 0.678340
0 0.535880 0.526560 0.026507 0.041260 0.573192
0 0.390746 0.540161 0.031472 0.054369 0.474144
2 0.772042 0.523882 0.106542 0.091704 0.475911
2 0.425116 0.513289 0.030866 0.064443 0.431699
2 0.472739 0.509838 0.025498 0.055546 0.416382
2 0.914546 0.536571 0.113339 0.138339 0.456140
3 0.379047 0.552930 0.011355 0.037074 0.474286
3 0.704714 0.540036 0.018593 0.035130 0.414394
3 0.603292 0.534319 0.009559 0.034554 0.440985
3 0.462162 0.529955 0.010975 0.031264 0.400649
6 0.279556 0.555138 0.022432 0.041181 0.510772
6 0.717852 0.537653 0.008604 0.038816 0.456960
6 0.294922 0.559398 0.029715 0.041057 0.372588
6 0.701631 0.519644 0.007261 0.030546 0.535886
6 0.119853 0.706635 0.067459 0.140998 0.395208
6 0.252654 0.546354 0.018769 0.055017 0.475222
6 0.048660 0.604905 0.045804 0.196465 0.384765
8 0.219230 0.362300 0.043384 0.066695 0.358943
9 0.567727 0.582785 0.162701 0.135112 0.712828