0 0.730382 0.634877 0.251562 0.200294 0.684950
0 0.794827 0.554785 0.092803 0.054320 0.444336
3 0.286388 0.646908 0.125004 0.154501 0.661455
3 0.414960 0.604684 0.022544 0.062086 0.504050
3 0.824900 0.760113 0.121970 0.237479 0.598433
3 0.916069 0.668974 0.055631 0.149600 0.736405
5 0.109543 0.665728 0.211645 0.276574 0.589345
6 0.518642 0.691195 0.096453 0.290095 0.760176
6 0.602687 0.666365 0.086195 0.275920 0.812607
6 0.679228 0.547782 0.014700 0.032977 0.570749
6 0.289389 0.618974 0.039534 0.143992 0.625644
6 0.716012 0.705981 0.083699 0.314884 0.770587
6 0.205721 0.458284 0.016127 0.030732 0.491550
6 0.813681 0.693114 0.084743 0.310117 0.754937
6 0.445775 0.590487 0.017342 0.097672 0.567538
6 0.151944 0.458789 0.017130 0.036351 0.537264
6 0.186800 0.460397 0.016727 0.028157 0.490599
6 0.130035 0.459602 0.016508 0.036021 0.543014
6 0.170240 0.459144 0.013732 0.030516 0.506020
6 0.074395 0.465634 0.012960 0.030987 0.496479
6 0.110803 0.463609 0.021127 0.030507 0.516899
6 0.196475 0.429081 0.012031 0.033611 0.491505
6 0.919483 0.618382 0.060799 0.160402 0.587507
6 0.086566 0.434922 0.012424 0.033289 0.501968
6 0.072693 0.430219 0.010234 0.033696 0.486129
6 0.173765 0.430858 0.009586 0.026531 0.467772
6 0.350542 0.612784 0.023746 0.119036 0.398867
6 0.164223 0.431791 0.010449 0.027400 0.496653
6 0.207156 0.424064 0.011551 0.035336 0.446707
6 0.111246 0.435045 0.008560 0.027465 0.478805
6 0.091502 0.464510 0.017214 0.031586 0.470718
6 0.099984 0.438025 0.010309 0.025119 0.471941
6 0.185755 0.430251 0.009757 0.027883 0.455757