0 0.555321 0.731342 0.289868 0.348589 0.701132
0 0.396586 0.621930 0.103778 0.170118 0.695138
0 0.843125 0.766811 0.312918 0.464934 0.426816
0 0.234332 0.561300 0.058618 0.127129 0.393195
0 0.567304 0.601352 0.194361 0.186836 0.499762
0 0.273211 0.546407 0.022493 0.065219 0.367926
1 0.341721 0.548784 0.090068 0.158703 0.521470
3 0.244325 0.627923 0.040776 0.127044 0.786741
3 0.168908 0.601173 0.034288 0.090245 0.812339
3 0.682401 0.608009 0.077022 0.105064 0.458179
6 0.171195 0.568747 0.031206 0.114842 0.704624
9 0.072449 0.738541 0.142439 0.240505 0.538303