0 0.692930 0.642017 0.157784 0.191919 0.718340
0 0.476862 0.613201 0.097660 0.147191 0.700057
0 0.561787 0.575890 0.072396 0.098818 0.625267
0 0.876833 0.598034 0.146085 0.135645 0.506256
0 0.509586 0.548579 0.022268 0.040475 0.381772
3 0.113037 0.607121 0.026654 0.061820 0.584807
3 0.388322 0.609932 0.029334 0.079371 0.687639
3 0.413230 0.557568 0.010133 0.027548 0.470397
3 0.437461 0.564923 0.014215 0.039596 0.471947
6 0.388483 0.577087 0.029959 0.104619 0.693177
6 0.804351 0.574102 0.015779 0.072869 0.611617
6 0.118376 0.554460 0.023376 0.075274 0.657947
9 0.189736 0.685929 0.375052 0.251091 0.533467