0 0.453664 0.766134 0.268881 0.421004 0.753334
0 0.874929 0.781378 0.249714 0.434972 0.754037
0 0.744402 0.654207 0.163504 0.212585 0.693708
0 0.506649 0.587725 0.118068 0.139455 0.493499
0 0.661202 0.603766 0.079176 0.135845 0.582533
0 0.935603 0.554207 0.075967 0.026987 0.409849
1 0.718584 0.508766 0.109796 0.097599 0.723353
1 0.578069 0.510121 0.060635 0.093717 0.570307
1 0.509292 0.502534 0.044517 0.033861 0.465172
3 0.604984 0.659481 0.058985 0.126439 0.664123
3 0.574555 0.634717 0.029919 0.090107 0.414143
6 0.273249 0.537419 0.020989 0.122467 0.671767
6 0.755194 0.535855 0.018006 0.025875 0.551878
6 0.508755 0.638248 0.052747 0.071288 0.646186
6 0.576219 0.581380 0.030587 0.100750 0.418431
6 0.538994 0.489226 0.024579 0.067513 0.581448
6 0.840782 0.566837 0.018632 0.044070 0.458820
6 0.429168 0.545857 0.020036 0.030201 0.481012
6 0.523026 0.507822 0.013019 0.019851 0.401433
6 0.919107 0.658171 0.051847 0.097166 0.399886
6 0.439734 0.545549 0.013789 0.024937 0.372532
9 0.266690 0.626572 0.129425 0.063666 0.350878