0 0.900756 0.639307 0.197810 0.175004 0.727493
0 0.489364 0.550539 0.034373 0.055707 0.679483
0 0.384604 0.552613 0.054606 0.082414 0.482268
0 0.803598 0.585895 0.081971 0.090305 0.568850
0 0.305956 0.549751 0.062172 0.062947 0.450745
0 0.595947 0.556839 0.019503 0.051446 0.430028
0 0.608165 0.557602 0.043936 0.052948 0.433243
2 0.077545 0.729752 0.154609 0.435842 0.569087
2 0.470625 0.518979 0.017750 0.044652 0.366445
3 0.247833 0.636718 0.050329 0.129993 0.816724
3 0.423268 0.580721 0.024407 0.067399 0.675907
3 0.442670 0.542051 0.010077 0.029109 0.514958
6 0.884994 0.252138 0.159024 0.282857 0.783879
6 0.264523 0.548254 0.027612 0.106447 0.608972
9 0.751321 0.712351 0.485476 0.349052 0.496649