0 0.432504 0.527843 0.016925 0.027880 0.350146
1 0.602414 0.522494 0.077335 0.122407 0.630155
1 0.548790 0.519184 0.034524 0.062355 0.356450
2 0.711645 0.566940 0.093514 0.132636 0.507710
2 0.513355 0.565883 0.045838 0.099186 0.452879
2 0.464507 0.548907 0.033634 0.065417 0.419839
2 0.335512 0.577756 0.061425 0.120141 0.416292
2 0.844407 0.586676 0.087902 0.106773 0.404740
2 0.620082 0.567053 0.049707 0.103583 0.357745
2 0.777903 0.575302 0.047127 0.091489 0.376333
2 0.382892 0.528271 0.044088 0.057899 0.358742
3 0.412908 0.591060 0.021756 0.058007 0.735819
3 0.949796 0.625978 0.059701 0.098542 0.636378
3 0.026524 0.597545 0.052110 0.112533 0.483664
5 0.127008 0.591303 0.127112 0.166650 0.492906
6 0.413098 0.566465 0.022124 0.076066 0.721951
9 0.763311 0.765187 0.467235 0.457971 0.661631