0 0.684813 0.631644 0.240574 0.266441 0.720148
0 0.396448 0.523619 0.057605 0.078933 0.592672
0 0.433762 0.501721 0.026815 0.042473 0.477196
0 0.523723 0.501421 0.019761 0.039363 0.362257
0 0.446338 0.493827 0.012710 0.031009 0.363506
1 0.460476 0.484716 0.023376 0.049188 0.474576
2 0.125067 0.533166 0.249604 0.889921 0.653893
3 0.879977 0.605614 0.073368 0.125035 0.743254
3 0.206554 0.520676 0.075360 0.105404 0.717278
3 0.512079 0.514839 0.015442 0.037609 0.481477
3 0.751762 0.533595 0.040948 0.079740 0.499902
6 0.877493 0.563905 0.040485 0.146727 0.680688
6 0.691752 0.486652 0.008065 0.020595 0.516998
6 0.931236 0.513461 0.010090 0.068407 0.449871