0 0.771434 0.648387 0.060310 0.118345 0.607923
0 0.826151 0.655380 0.071246 0.105185 0.521578
0 0.872918 0.692414 0.098810 0.151979 0.405899
1 0.630934 0.581613 0.227330 0.379492 0.872271
1 0.972660 0.579572 0.053849 0.090150 0.393182
2 0.503355 0.574486 0.047219 0.161631 0.472792
3 0.457512 0.721506 0.055118 0.143656 0.835275
6 0.454660 0.666861 0.049808 0.168773 0.708958
6 0.369309 0.666524 0.036006 0.148249 0.650352
6 0.328995 0.595145 0.026769 0.105242 0.582578
6 0.399073 0.646332 0.032380 0.135756 0.580236
6 0.362965 0.593197 0.029267 0.050056 0.441874
6 0.384565 0.605079 0.015487 0.056710 0.435837