0 0.525142 0.561300 0.045661 0.086065 0.663194
1 0.131020 0.578825 0.261552 0.272954 0.803946
1 0.362037 0.548714 0.087439 0.065219 0.647822
2 0.567545 0.525842 0.029628 0.069111 0.539022
3 0.483217 0.579270 0.019215 0.059881 0.689355
3 0.407922 0.686094 0.048377 0.131293 0.779679
3 0.459102 0.594051 0.020088 0.046453 0.610893
6 0.410319 0.626481 0.045868 0.154256 0.818222
6 0.081897 0.641496 0.060183 0.104380 0.479424
6 0.459536 0.565900 0.020136 0.066255 0.705655
6 0.498939 0.544516 0.008675 0.029949 0.506530
6 0.341802 0.577064 0.023419 0.026459 0.415663
9 0.771965 0.763543 0.451368 0.459485 0.432632