0 0.635757 0.542733 0.025249 0.047875 0.552007
0 0.608422 0.550142 0.035757 0.076582 0.389337
2 0.826201 0.574676 0.173765 0.346262 0.547478
3 0.972093 0.668044 0.055277 0.141424 0.684404
3 0.691306 0.588243 0.023931 0.069230 0.539214
3 0.236409 0.648674 0.073980 0.132406 0.577836
3 0.537252 0.677496 0.037726 0.112461 0.570658
3 0.668105 0.608714 0.042467 0.092804 0.530457
3 0.095548 0.739565 0.156502 0.287357 0.544962
3 0.497913 0.728009 0.044473 0.140155 0.706246
3 0.575113 0.611688 0.020445 0.074221 0.500202
3 0.739165 0.572425 0.021775 0.080055 0.462527
3 0.558430 0.638702 0.023365 0.074691 0.365061
5 0.365452 0.716243 0.216830 0.436070 0.651397
6 0.500830 0.632946 0.063457 0.225212 0.715983
6 0.574830 0.583551 0.026692 0.127595 0.593722
6 0.978733 0.600872 0.042145 0.199522 0.401829
6 0.557028 0.591911 0.035472 0.144444 0.601156
6 0.689160 0.560499 0.025736 0.091533 0.517435
6 0.651374 0.527837 0.012668 0.035168 0.372330
6 0.535146 0.584287 0.040276 0.126745 0.461219
6 0.668718 0.579086 0.029359 0.118316 0.426116
6 0.655301 0.578419 0.020280 0.113951 0.415625
8 0.464743 0.410578 0.011935 0.012936 0.385274
8 0.468188 0.408175 0.031588 0.018746 0.361636
9 0.793167 0.793243 0.385728 0.401268 0.751948