2 0.515587 0.588725 0.059630 0.133418 0.389426
2 0.286187 0.639739 0.119284 0.244750 0.400856
3 0.472613 0.668328 0.045387 0.117957 0.755681
3 0.701861 0.709933 0.094555 0.223293 0.677388
3 0.853415 0.751288 0.118545 0.242909 0.785193
3 0.618387 0.632314 0.035593 0.102873 0.615271
3 0.385209 0.641017 0.047409 0.130578 0.653942
3 0.581086 0.616205 0.031140 0.092697 0.653499
3 0.141012 0.774610 0.073745 0.218862 0.445355
3 0.433164 0.602774 0.044294 0.096038 0.478994
3 0.661824 0.618069 0.028665 0.103261 0.416179
3 0.047385 0.815231 0.093581 0.277080 0.495457
6 0.339761 0.678351 0.045767 0.267390 0.799084
6 0.839063 0.647859 0.060487 0.184022 0.748788
6 0.578751 0.585613 0.031053 0.108338 0.606590
6 0.931902 0.699269 0.058939 0.303641 0.688279
6 0.474313 0.602635 0.047410 0.137775 0.707182
6 0.697827 0.663869 0.057743 0.267697 0.559061
6 0.406520 0.588416 0.021427 0.110886 0.638922
6 0.970420 0.702201 0.041814 0.285623 0.559558
6 0.721690 0.582540 0.026844 0.071615 0.381446