1 0.472680 0.513218 0.034560 0.038937 0.431863
2 0.115219 0.743914 0.229949 0.509840 0.523754
2 0.260049 0.592676 0.069670 0.127557 0.439858
2 0.367339 0.560365 0.031386 0.066492 0.394714
2 0.320628 0.581187 0.052098 0.106317 0.441583
2 0.450386 0.572107 0.035104 0.078966 0.355789
3 0.399564 0.614081 0.025273 0.073811 0.788502
3 0.602362 0.801400 0.097688 0.263515 0.776042
3 0.495484 0.586367 0.015404 0.037279 0.652956
3 0.582533 0.577046 0.018285 0.050066 0.630314
3 0.513898 0.553419 0.012682 0.031152 0.393188
3 0.557900 0.548697 0.008337 0.023887 0.465697
3 0.633899 0.585776 0.016794 0.039376 0.574212
3 0.679141 0.582669 0.022626 0.042610 0.453104
3 0.763274 0.609403 0.034374 0.063165 0.356804
3 0.708193 0.595582 0.020479 0.058139 0.368286
5 0.846870 0.623471 0.128695 0.173812 0.449941
6 0.600390 0.687814 0.090579 0.281160 0.807461
6 0.102901 0.094635 0.020505 0.074088 0.538913
6 0.400550 0.586343 0.026448 0.089786 0.566949
6 0.726048 0.591791 0.031422 0.091783 0.486011
6 0.635695 0.571282 0.015381 0.052653 0.457069
6 0.926958 0.927907 0.145492 0.141938 0.582739
6 0.385983 0.555759 0.008680 0.049606 0.425964
6 0.495740 0.566329 0.019539 0.049088 0.397271