0 0.939291 0.774417 0.120932 0.449542 0.484208
1 0.616427 0.599377 0.079026 0.153307 0.414825
2 0.223743 0.569699 0.072410 0.099416 0.397809
2 0.550032 0.649432 0.113442 0.243742 0.414813
2 0.754640 0.666418 0.118677 0.319110 0.409306
3 0.505338 0.775396 0.085995 0.223873 0.716193
3 0.824680 0.673217 0.044904 0.156946 0.705241
3 0.086729 0.843671 0.102690 0.239966 0.654195
3 0.662799 0.778849 0.078759 0.206253 0.753967
3 0.317340 0.621488 0.018650 0.060541 0.369494
3 0.174865 0.685899 0.065455 0.163400 0.431269
3 0.240829 0.682744 0.033112 0.139168 0.459163
3 0.316122 0.606280 0.027047 0.090553 0.466114
3 0.450135 0.652265 0.020946 0.144110 0.400505
5 0.379641 0.671097 0.134493 0.288211 0.567751
6 0.271335 0.666528 0.047311 0.270288 0.769347
6 0.210583 0.674797 0.066503 0.260415 0.768816
6 0.079622 0.755262 0.101987 0.343212 0.734347
6 0.654934 0.706721 0.086096 0.298626 0.737581
6 0.344064 0.616556 0.025994 0.078156 0.632030
6 0.360363 0.623260 0.025746 0.071717 0.635854
6 0.110511 0.606361 0.033744 0.175179 0.603428
6 0.819274 0.586828 0.040780 0.079774 0.608874
6 0.501346 0.695768 0.093947 0.281851 0.629154