0 0.417397 0.525646 0.118747 0.181985 0.695070
0 0.142124 0.551368 0.202260 0.216976 0.647811
0 0.361141 0.456310 0.032969 0.058829 0.417326
0 0.595844 0.449145 0.041844 0.045325 0.416613
0 0.448986 0.418466 0.012844 0.016008 0.409105
0 0.341358 0.455573 0.014967 0.060777 0.376426
0 0.410054 0.425844 0.013727 0.017521 0.373289
3 0.294489 0.565858 0.051774 0.146047 0.646076
3 0.830873 0.532394 0.087463 0.111696 0.544424
3 0.246463 0.519582 0.048508 0.085152 0.465334
3 0.029585 0.503503 0.058830 0.086737 0.362364
3 0.896053 0.522496 0.057362 0.108769 0.446774
6 0.292373 0.506316 0.052723 0.173991 0.739681
6 0.167807 0.368972 0.025995 0.078600 0.461615
6 0.220908 0.362688 0.024260 0.073148 0.454908
6 0.195882 0.359058 0.031908 0.076387 0.366776
9 0.728180 0.709589 0.505481 0.571757 0.465702