0 0.276736 0.513233 0.095945 0.143749 0.686118
0 0.493504 0.427534 0.028148 0.045938 0.625334
0 0.024604 0.541612 0.048974 0.144702 0.541010
0 0.509031 0.411295 0.010800 0.020728 0.428778
0 0.430903 0.417193 0.011247 0.016084 0.356758
2 0.213620 0.410252 0.192111 0.146744 0.386632
3 0.451672 0.456017 0.021531 0.059827 0.726066
3 0.649785 0.523263 0.055094 0.136791 0.747980
3 0.739865 0.489260 0.042594 0.091159 0.722697
3 0.613258 0.486932 0.029670 0.080594 0.689012
3 0.330635 0.471593 0.033242 0.048478 0.422930
5 0.525735 0.432602 0.029909 0.065871 0.391248
6 0.612949 0.456273 0.029031 0.095571 0.735358
6 0.644874 0.479619 0.040672 0.120465 0.462674