0 0.432154 0.488389 0.026402 0.039091 0.561423
0 0.372781 0.526281 0.140320 0.144446 0.449391
1 0.158083 0.498969 0.315658 0.997056 0.860291
1 0.414101 0.464925 0.027754 0.062516 0.414683
3 0.866750 0.593801 0.077496 0.121277 0.793807
3 0.334864 0.565925 0.062074 0.098712 0.601906
5 0.613942 0.531244 0.223188 0.270567 0.633260
6 0.877143 0.409612 0.022989 0.065765 0.545392
6 0.986312 0.413236 0.027024 0.090538 0.568670
6 0.856452 0.407396 0.019565 0.060046 0.559282
6 0.866651 0.553329 0.042422 0.130112 0.514278
6 0.837482 0.407505 0.020572 0.062900 0.550682
6 0.328381 0.545452 0.035280 0.135976 0.528754
6 0.878157 0.351198 0.014359 0.042570 0.436917
6 0.355613 0.546475 0.027182 0.138530 0.550486
6 0.966629 0.343420 0.019965 0.060235 0.460641
6 0.945549 0.361661 0.032326 0.103456 0.470780
6 0.892159 0.349122 0.015328 0.050047 0.408613
6 0.983566 0.340115 0.016497 0.048353 0.454834
6 0.915536 0.366976 0.032070 0.095178 0.453065
6 0.833106 0.354589 0.008974 0.037366 0.380639