0 0.436297 0.570386 0.014995 0.025642 0.529741
0 0.485016 0.576812 0.024527 0.042253 0.564652
1 0.863252 0.550658 0.251051 0.237665 0.789802
1 0.667687 0.560844 0.107862 0.118446 0.645058
2 0.473778 0.557493 0.016031 0.042750 0.390038
2 0.339437 0.576497 0.044165 0.075632 0.364516
3 0.214735 0.846222 0.151173 0.304190 0.826363
3 0.450548 0.622019 0.026317 0.079076 0.777372
5 0.404279 0.583049 0.049246 0.102197 0.440521
6 0.147022 0.663475 0.044326 0.205868 0.794186
6 0.451070 0.592559 0.027886 0.098971 0.797266
6 0.223268 0.740911 0.113110 0.358635 0.791124
6 0.257469 0.624137 0.014661 0.071880 0.450197
8 0.487845 0.504660 0.016639 0.021068 0.376142
9 0.773178 0.690602 0.449092 0.217375 0.568719