0 0.732264 0.547166 0.102864 0.127169 0.673293
0 0.377782 0.503425 0.036298 0.048181 0.600728
0 0.437633 0.506894 0.041931 0.057946 0.547584
0 0.401897 0.492973 0.022271 0.032639 0.505438
0 0.497580 0.495414 0.022770 0.038801 0.446857
0 0.521132 0.490832 0.018013 0.025138 0.406150
0 0.033159 0.792908 0.065904 0.412066 0.379616
0 0.974457 0.576954 0.050734 0.180791 0.362896
1 0.435475 0.468558 0.038969 0.059133 0.489161
2 0.186443 0.554627 0.114539 0.169311 0.467320
2 0.925679 0.541437 0.147694 0.251116 0.354122
3 0.546012 0.604615 0.045069 0.129881 0.800724
3 0.480054 0.528214 0.021027 0.044852 0.575176
3 0.578307 0.502142 0.015210 0.043370 0.506731
6 0.063742 0.550463 0.048041 0.165814 0.618818
6 0.545925 0.555597 0.042631 0.130322 0.714288
6 0.480967 0.505786 0.021775 0.068735 0.512899
6 0.034001 0.564972 0.020451 0.120493 0.413823
9 0.753655 0.701851 0.488947 0.426375 0.460056