0 0.186769 0.612746 0.144500 0.198006 0.622151
1 0.339372 0.621104 0.107652 0.218210 0.517153
1 0.714076 0.565907 0.099051 0.219164 0.509873
1 0.599583 0.548406 0.046064 0.099959 0.360678
1 0.414713 0.577427 0.061471 0.122770 0.355083
3 0.189869 0.814430 0.117919 0.264326 0.783743
3 0.327276 0.770620 0.088344 0.209264 0.782220
3 0.605838 0.884816 0.147981 0.228205 0.542170
5 0.487968 0.664762 0.198085 0.425037 0.473678
6 0.192599 0.704736 0.090342 0.308458 0.847522
6 0.279620 0.589637 0.024427 0.136680 0.697734
6 0.562748 0.756722 0.084573 0.482281 0.447970
6 0.095014 0.579872 0.021019 0.067667 0.544292
6 0.435319 0.579237 0.018979 0.101544 0.393995
9 0.827468 0.823755 0.336676 0.339334 0.419754