1 0.840784 0.545332 0.250308 0.305361 0.715334
1 0.569032 0.600986 0.084991 0.175072 0.551356
1 0.438254 0.586425 0.162838 0.141419 0.377958
1 0.514673 0.582512 0.032176 0.119992 0.397166
3 0.676138 0.847573 0.151556 0.299063 0.589104
6 0.623656 0.687352 0.080369 0.293466 0.605780
6 0.714254 0.665875 0.148125 0.298393 0.386421
7 0.760889 0.162693 0.092219 0.324350 0.487372
7 0.494847 0.035897 0.056345 0.070476 0.370058
7 0.772865 0.424767 0.052556 0.089537 0.364128
8 0.380053 0.366865 0.073937 0.132961 0.383573
9 0.407623 0.785833 0.310714 0.300471 0.419405