0 0.420413 0.565729 0.137395 0.204027 0.793081
3 0.513313 0.513259 0.035639 0.081194 0.655736
3 0.361975 0.527367 0.023597 0.074444 0.526060
3 0.472473 0.467309 0.011397 0.029253 0.482001
3 0.017640 0.710836 0.035045 0.248106 0.488794
6 0.515603 0.481328 0.032088 0.103667 0.706445
6 0.473169 0.454010 0.012954 0.053698 0.562112
6 0.436337 0.445373 0.012111 0.036736 0.527058
6 0.446606 0.448411 0.012022 0.036545 0.472748
6 0.366988 0.469478 0.030255 0.070885 0.487637
6 0.403169 0.510092 0.035778 0.047464 0.371303
9 0.872241 0.579535 0.249308 0.141515 0.459198