0 0.297719 0.691283 0.284964 0.289260 0.814548
0 0.512270 0.544170 0.034857 0.045692 0.380145
2 0.089943 0.576662 0.179138 0.758642 0.700425
3 0.491875 0.670754 0.055827 0.154503 0.778768
3 0.923869 0.837869 0.151536 0.317672 0.455237
3 0.437384 0.573327 0.017695 0.057093 0.504948
3 0.570428 0.582080 0.017950 0.058565 0.368937
3 0.597471 0.627608 0.036734 0.107606 0.512206
6 0.176602 0.345922 0.038520 0.100868 0.642899
6 0.240808 0.370673 0.021055 0.094657 0.649206
6 0.495268 0.625007 0.039932 0.162293 0.680390
6 0.214143 0.353486 0.020548 0.101099 0.647755
6 0.319795 0.473662 0.015500 0.040333 0.476367
6 0.212315 0.531902 0.031117 0.052629 0.574082
6 0.276420 0.208146 0.020927 0.047889 0.494421
6 0.954607 0.676149 0.080216 0.211978 0.487907
6 0.295038 0.202761 0.021965 0.049729 0.481466
6 0.393366 0.590437 0.026733 0.074433 0.534863
6 0.276140 0.260015 0.018617 0.044015 0.384620
6 0.366693 0.251618 0.013405 0.039650 0.351134
6 0.366812 0.320054 0.013651 0.037001 0.361785
6 0.546176 0.545387 0.007242 0.038473 0.371202
9 0.720559 0.514175 0.288250 0.426317 0.390574