0 0.538265 0.576497 0.071273 0.128564 0.394122
0 0.803251 0.588972 0.068239 0.089574 0.368607
0 0.517577 0.557594 0.033736 0.091948 0.350470
0 0.857390 0.582536 0.083290 0.096469 0.367357
2 0.277691 0.659233 0.186032 0.318716 0.524935
3 0.462034 0.616718 0.041855 0.092453 0.770436
3 0.743749 0.628024 0.056390 0.112462 0.765106
3 0.440334 0.581598 0.023915 0.048872 0.470780
3 0.051121 0.809000 0.101506 0.376673 0.431433
3 0.480755 0.549125 0.009560 0.023174 0.350118
3 0.831466 0.595220 0.065637 0.085866 0.385577
5 0.617442 0.626165 0.112489 0.244224 0.538648
6 0.801198 0.543280 0.011533 0.052222 0.664753
6 0.462299 0.578049 0.039998 0.125681 0.631343
6 0.391038 0.550427 0.014787 0.078482 0.665332
6 0.751064 0.601129 0.042284 0.126544 0.670960
6 0.866781 0.596157 0.027529 0.119379 0.614585
6 0.764434 0.588250 0.020823 0.126801 0.407589
6 0.340641 0.492964 0.017840 0.038306 0.475043
6 0.764846 0.552622 0.020162 0.055663 0.367995
6 0.446464 0.542721 0.015193 0.044786 0.513812
6 0.654204 0.561969 0.022767 0.052950 0.437494
6 0.546938 0.573251 0.029776 0.090924 0.419808
6 0.833232 0.571925 0.036328 0.087732 0.390002
8 0.531150 0.468952 0.031280 0.017457 0.476044