0 0.772043 0.573626 0.065982 0.057942 0.425691
0 0.881817 0.624123 0.169099 0.238620 0.554952
1 0.979069 0.521435 0.041059 0.490349 0.422462
2 0.635296 0.587582 0.074575 0.089115 0.357941
3 0.577744 0.710962 0.073905 0.193576 0.704726
3 0.504884 0.713468 0.088145 0.149445 0.716382
3 0.104222 0.793851 0.168484 0.242092 0.728330
3 0.199461 0.712466 0.088661 0.118170 0.749180
3 0.672940 0.670229 0.055988 0.103119 0.594711
3 0.345499 0.730681 0.061105 0.124451 0.677550
3 0.410601 0.796837 0.129050 0.276554 0.766032
3 0.726765 0.583900 0.036151 0.044865 0.495631
3 0.703900 0.619258 0.035462 0.093035 0.372861
3 0.067081 0.665212 0.053756 0.140038 0.480237
3 0.804106 0.612678 0.019147 0.037182 0.413585
6 0.844120 0.707139 0.070621 0.362342 0.800680
6 0.189145 0.676878 0.048708 0.153499 0.784607
6 0.484460 0.660009 0.058625 0.188317 0.729255
6 0.422256 0.703418 0.103188 0.296830 0.772169
6 0.678953 0.626912 0.044799 0.136575 0.699840
6 0.259062 0.362201 0.015185 0.032249 0.572578
6 0.119524 0.714605 0.079348 0.247704 0.742715
6 0.360085 0.646057 0.042416 0.133239 0.753555
6 0.778811 0.590021 0.015149 0.072699 0.514778
6 0.230331 0.407025 0.015436 0.039458 0.574368
6 0.809104 0.573701 0.018941 0.056605 0.491154
6 0.241960 0.413100 0.011481 0.024022 0.479210
6 0.512654 0.646224 0.044552 0.153203 0.539073
6 0.535478 0.596997 0.023343 0.082159 0.463048
6 0.257969 0.402106 0.014701 0.041814 0.567002
6 0.765377 0.586977 0.015628 0.064609 0.540412
6 0.230008 0.376687 0.009894 0.021102 0.457174
6 0.243402 0.388208 0.010558 0.018984 0.424101
6 0.229842 0.343924 0.008886 0.036357 0.382887
8 0.302162 0.120609 0.078850 0.158001 0.540959