0 0.828222 0.688281 0.301208 0.340390 0.772749
0 0.470754 0.762549 0.295170 0.470174 0.693777
1 0.954668 0.541055 0.089724 0.278114 0.552824
1 0.782198 0.503317 0.096958 0.112749 0.385672
2 0.600228 0.492816 0.170193 0.345285 0.385744
3 0.297524 0.656351 0.079594 0.185123 0.728251
3 0.629806 0.644146 0.061797 0.090790 0.441531
3 0.591486 0.648346 0.030763 0.100160 0.463819
6 0.054090 0.554841 0.049808 0.204743 0.738833
6 0.174952 0.539465 0.028149 0.163294 0.686066
6 0.148753 0.538356 0.033698 0.160687 0.674090
6 0.305988 0.610250 0.052108 0.180766 0.578369
6 0.363748 0.534513 0.014519 0.070157 0.535752
6 0.416099 0.532113 0.019306 0.042906 0.525870
6 0.396070 0.542562 0.024466 0.059195 0.520960
6 0.684340 0.545986 0.019634 0.044981 0.358018
6 0.582230 0.567825 0.043127 0.105847 0.406339
6 0.924737 0.567767 0.055110 0.088215 0.372260
6 0.618407 0.599010 0.032813 0.165173 0.395055
8 0.701231 0.243091 0.056743 0.151332 0.417151
8 0.362185 0.422563 0.015890 0.037681 0.364299