0 0.739310 0.696773 0.384733 0.293557 0.712086
0 0.605698 0.541586 0.020868 0.034969 0.520975
0 0.936545 0.644244 0.126246 0.163101 0.433725
1 0.213794 0.499234 0.426928 0.997239 0.887204
2 0.686056 0.557066 0.055504 0.111028 0.403191
2 0.634267 0.521205 0.027315 0.057242 0.418188
3 0.620439 0.570622 0.015735 0.041607 0.638833
3 0.955840 0.860268 0.087441 0.276910 0.676273
5 0.560599 0.567358 0.059878 0.112039 0.445485
6 0.685365 0.562632 0.029393 0.066919 0.773599
6 0.620877 0.551312 0.016543 0.057423 0.675933
6 0.907967 0.394899 0.032351 0.103192 0.539216
6 0.524219 0.533851 0.007151 0.033288 0.450158
6 0.491824 0.541635 0.014448 0.056391 0.654861