0 0.130907 0.581302 0.094623 0.069187 0.639994
0 0.215881 0.592356 0.072767 0.078971 0.627017
0 0.320358 0.590928 0.087649 0.084305 0.522391
0 0.987863 0.609316 0.024105 0.102330 0.452308
0 0.710425 0.570551 0.176112 0.193500 0.350262
0 0.052860 0.587989 0.066726 0.067679 0.365242
1 0.116823 0.534989 0.076600 0.040096 0.494692
3 0.329524 0.614118 0.038073 0.098021 0.697684
3 0.485546 0.590956 0.032088 0.080476 0.438976
3 0.409182 0.597434 0.022823 0.074278 0.379650
3 0.367287 0.594815 0.018919 0.080942 0.360326
6 0.524836 0.581683 0.027668 0.119283 0.823010
6 0.458823 0.581630 0.037224 0.124854 0.694801
6 0.385801 0.586210 0.032544 0.124667 0.705790
6 0.215997 0.587166 0.030835 0.107754 0.764572
6 0.259114 0.588813 0.037749 0.111382 0.752598
6 0.430106 0.582095 0.025645 0.118862 0.594917
7 0.511280 0.331176 0.012419 0.071277 0.638845
7 0.917245 0.065002 0.038651 0.083766 0.623140
8 0.070367 0.236415 0.071973 0.102210 0.530440
8 0.954161 0.063262 0.047424 0.125219 0.358529