0 0.705608 0.582819 0.131614 0.143699 0.727795
0 0.477345 0.541604 0.072677 0.115569 0.586081
0 0.528075 0.498901 0.018385 0.044494 0.453338
0 0.553565 0.501465 0.018457 0.037412 0.439094
0 0.648311 0.508372 0.029934 0.031770 0.481401
0 0.577172 0.510046 0.043261 0.069789 0.448628
1 0.882348 0.511585 0.123470 0.039115 0.425375
3 0.444503 0.521541 0.015007 0.036549 0.402694
6 0.445710 0.505393 0.017211 0.067283 0.571972
6 0.019361 0.570363 0.038531 0.267132 0.502445
9 0.220537 0.660839 0.437741 0.329221 0.502337