0 0.552355 0.575684 0.058068 0.114548 0.587912
0 0.642226 0.622999 0.175483 0.244265 0.431385
0 0.052543 0.523820 0.048870 0.084547 0.422956
0 0.023802 0.523624 0.047134 0.086420 0.432367
1 0.870687 0.517840 0.254299 0.222530 0.714472
1 0.545137 0.502735 0.036501 0.049939 0.513882
2 0.246491 0.553299 0.185840 0.381798 0.520970
3 0.348993 0.786513 0.124477 0.343083 0.459338
3 0.778634 0.578943 0.033053 0.120313 0.399177
3 0.169348 0.908986 0.117224 0.180432 0.456875
6 0.257016 0.661537 0.050845 0.290597 0.796950
6 0.096350 0.622499 0.052085 0.259347 0.710699
6 0.742020 0.766907 0.168622 0.464057 0.801578
6 0.114872 0.785542 0.228868 0.427236 0.757151
6 0.476319 0.700324 0.110784 0.327056 0.668475
6 0.624918 0.700785 0.111109 0.327136 0.779126
6 0.075272 0.527059 0.029703 0.090194 0.607675
6 0.356547 0.676960 0.091909 0.300116 0.763434
6 0.020232 0.542478 0.030991 0.151384 0.425758
6 0.506288 0.574963 0.026536 0.126993 0.375725
6 0.007685 0.594841 0.015056 0.271089 0.394715
8 0.587066 0.348217 0.035629 0.093627 0.382732