0 0.105123 0.634832 0.209611 0.168415 0.613895
0 0.565825 0.550669 0.037789 0.071369 0.520217
0 0.535313 0.535403 0.025749 0.050761 0.486970
0 0.589442 0.541810 0.018270 0.052690 0.417667
0 0.498358 0.539019 0.013772 0.040301 0.358546
0 0.508956 0.544768 0.017632 0.043326 0.376174
2 0.675762 0.603658 0.142214 0.263841 0.587863
2 0.181712 0.705545 0.362283 0.586536 0.443533
3 0.449076 0.889674 0.184215 0.218816 0.763269
5 0.855517 0.748207 0.251885 0.461897 0.606627
6 0.450656 0.769377 0.164659 0.457218 0.796717
6 0.235333 0.614633 0.066192 0.158354 0.709579
6 0.174859 0.633094 0.059120 0.143237 0.646782
6 0.015219 0.360466 0.029862 0.085970 0.373560