0 0.679040 0.636220 0.171863 0.213790 0.679594
0 0.849632 0.771411 0.300221 0.454918 0.630003
0 0.576690 0.591062 0.094893 0.150229 0.581268
1 0.822582 0.430322 0.353711 0.361622 0.870233
2 0.525249 0.505441 0.082906 0.185672 0.407237
3 0.485959 0.654844 0.074756 0.162565 0.502966
6 0.297216 0.622156 0.043331 0.197234 0.858472
6 0.475647 0.609925 0.057112 0.190332 0.556501
6 0.833612 0.202880 0.014755 0.050729 0.492073
6 0.802852 0.197510 0.016198 0.050257 0.493017
6 0.845807 0.190005 0.018015 0.047098 0.476958
6 0.818646 0.204784 0.016124 0.049715 0.478015
8 0.822253 0.177060 0.094349 0.164565 0.351966
9 0.202675 0.579397 0.100616 0.312716 0.355225