0 0.256020 0.606387 0.234035 0.275982 0.601175
0 0.694539 0.495967 0.039155 0.035133 0.494714
0 0.031040 0.932216 0.061815 0.134344 0.419749
0 0.122561 0.584686 0.104245 0.211168 0.362509
1 0.427943 0.537649 0.122030 0.318872 0.646105
1 0.772593 0.518856 0.063110 0.083268 0.411475
2 0.157548 0.428689 0.137212 0.108635 0.366600
3 0.848301 0.549210 0.039198 0.069019 0.705168
3 0.544006 0.671715 0.062359 0.186879 0.776305
3 0.501790 0.570921 0.030544 0.091495 0.648347
6 0.848956 0.526547 0.026751 0.070675 0.691811
6 0.543364 0.580748 0.069431 0.185974 0.666422
6 0.948900 0.483025 0.011300 0.019679 0.384390
7 0.282456 0.402938 0.007925 0.039860 0.567920
8 0.739021 0.384391 0.014870 0.037306 0.384899
8 0.341193 0.363364 0.013516 0.027192 0.391774
9 0.780121 0.759454 0.435672 0.468804 0.704432