0 0.353873 0.493483 0.057464 0.120415 0.515039
0 0.271505 0.420381 0.027246 0.027026 0.403747
1 0.484865 0.458629 0.237900 0.250915 0.444895
1 0.403978 0.394651 0.074194 0.110234 0.358522
2 0.811234 0.354866 0.374693 0.588186 0.744467
2 0.422572 0.635735 0.169943 0.385394 0.483468
2 0.564948 0.444448 0.077497 0.212861 0.363398
2 0.265863 0.501687 0.060932 0.139478 0.363364
3 0.237393 0.668360 0.083683 0.239592 0.827649
6 0.208072 0.512024 0.032499 0.129865 0.642046
6 0.290935 0.449204 0.018349 0.069276 0.432699
9 0.146032 0.509519 0.120808 0.151790 0.597274