0 0.963664 0.654017 0.072361 0.270684 0.568980
0 0.808166 0.657738 0.264466 0.338948 0.417592
0 0.109283 0.478672 0.091102 0.094718 0.435166
0 0.655870 0.488055 0.037558 0.044992 0.466752
0 0.972860 0.526811 0.053830 0.079044 0.465504
1 0.597984 0.451548 0.070240 0.167762 0.497546
2 0.470707 0.467136 0.211047 0.450961 0.445028
3 0.431470 0.819521 0.300994 0.358766 0.467211
5 0.194398 0.595364 0.167082 0.291236 0.565428
6 0.683910 0.734235 0.213341 0.529538 0.837441
6 0.362903 0.713833 0.166629 0.463558 0.691746
6 0.345603 0.494096 0.029451 0.064031 0.543787
6 0.427645 0.731542 0.151980 0.479807 0.579484
6 0.149289 0.541137 0.023004 0.073091 0.365824
6 0.988773 0.471984 0.016396 0.032069 0.392583
6 0.952324 0.505714 0.027747 0.102194 0.411237