0 0.265166 0.464882 0.168623 0.116828 0.714782
0 0.625792 0.764968 0.748686 0.468484 0.654887
0 0.072355 0.433975 0.099498 0.104114 0.646429
0 0.927262 0.533920 0.145043 0.105889 0.472719
2 0.839631 0.472572 0.206633 0.138271 0.549549
3 0.439943 0.473733 0.024424 0.068831 0.633890
3 0.030542 0.471611 0.060908 0.109229 0.729840
3 0.139089 0.443386 0.045321 0.080740 0.502511
3 0.526958 0.486554 0.023091 0.054543 0.465436
3 0.412750 0.478864 0.027201 0.085110 0.588809
3 0.200082 0.445255 0.046524 0.054564 0.397668
3 0.631003 0.492947 0.051968 0.079612 0.354613
6 0.585538 0.473419 0.028191 0.107632 0.803232
6 0.501403 0.473997 0.021043 0.077023 0.741584
6 0.231560 0.400749 0.020066 0.042912 0.653073
6 0.025443 0.438839 0.040405 0.109035 0.604622
6 0.214126 0.401879 0.017324 0.050083 0.539915
6 0.665707 0.485516 0.026494 0.083693 0.774430
6 0.012148 0.403151 0.024034 0.052881 0.368797
7 0.055054 0.316283 0.008016 0.035178 0.374490
8 0.745708 0.347304 0.209002 0.067345 0.396805
8 0.383109 0.306753 0.095561 0.075084 0.360020
8 0.144286 0.288163 0.052783 0.035723 0.397669