0 0.760728 0.697964 0.351556 0.478281 0.732599
0 0.244499 0.491511 0.089526 0.107244 0.661862
0 0.371011 0.459812 0.031886 0.050091 0.618765
0 0.503543 0.489185 0.071134 0.113546 0.619264
0 0.164284 0.468582 0.071686 0.072256 0.530594
0 0.463143 0.460193 0.030216 0.051433 0.539412
0 0.700872 0.443480 0.050841 0.040914 0.441227
0 0.878086 0.471865 0.164347 0.083990 0.429755
1 0.677907 0.421231 0.071742 0.057581 0.642087
1 0.416856 0.449387 0.061210 0.130217 0.536986
6 0.771011 0.557259 0.055412 0.098816 0.369601
9 0.101174 0.569931 0.193684 0.116236 0.455179