2 0.405171 0.574686 0.062567 0.107812 0.508596
3 0.455997 0.615555 0.025284 0.062211 0.647717
3 0.536049 0.579479 0.017057 0.045893 0.631181
3 0.679020 0.584602 0.034243 0.071207 0.688962
3 0.232811 0.662146 0.079564 0.184293 0.694308
3 0.638024 0.573869 0.023947 0.039098 0.567478
3 0.587735 0.599014 0.026154 0.073697 0.644885
3 0.486737 0.646810 0.044428 0.087018 0.658890
3 0.354783 0.597429 0.043382 0.084070 0.581642
3 0.826737 0.621781 0.053237 0.077609 0.614368
3 0.986864 0.634222 0.025822 0.106938 0.396797
6 0.486341 0.601361 0.042829 0.131728 0.508329
6 0.175041 0.603649 0.027758 0.186448 0.538565
6 0.456592 0.581033 0.027009 0.094562 0.564962
6 0.200140 0.601945 0.031910 0.173305 0.461031
6 0.305881 0.578508 0.015081 0.130707 0.519112