0 0.588915 0.586010 0.046475 0.096395 0.444798
0 0.691940 0.589682 0.074055 0.156306 0.422523
0 0.623222 0.578967 0.029710 0.081379 0.389531
2 0.223924 0.569420 0.183586 0.217600 0.418219
3 0.365629 0.779590 0.082147 0.246060 0.751852
3 0.879986 0.770005 0.124628 0.312011 0.668064
3 0.787206 0.621129 0.040863 0.086680 0.557426
3 0.656393 0.645768 0.039010 0.102983 0.743063
3 0.967397 0.658535 0.064492 0.188972 0.406382
5 0.530326 0.612903 0.090805 0.198797 0.565760
6 0.371044 0.693497 0.079220 0.260787 0.848011
6 0.654284 0.605025 0.035275 0.118786 0.719098
6 0.886473 0.692510 0.094849 0.275850 0.740171
6 0.191897 0.229937 0.010540 0.025172 0.505338
6 0.234041 0.264783 0.009991 0.027474 0.508134
6 0.205733 0.227705 0.010522 0.026926 0.500474
6 0.219495 0.265423 0.012103 0.026697 0.492189
6 0.219709 0.228113 0.012200 0.026412 0.506700
6 0.191200 0.268233 0.013057 0.025927 0.486359
6 0.233089 0.226358 0.009711 0.025437 0.484558
6 0.205392 0.264934 0.010407 0.027212 0.420367
9 0.238739 0.777235 0.472692 0.418670 0.568327