0 0.760173 0.651119 0.298007 0.372501 0.712106
0 0.934737 0.644337 0.130232 0.326166 0.463971
0 0.430666 0.476340 0.041316 0.086266 0.445215
0 0.589695 0.483698 0.017338 0.110892 0.390987
1 0.248718 0.392058 0.107282 0.129199 0.468248
1 0.300305 0.711695 0.275469 0.571892 0.481439
3 0.523322 0.639513 0.071532 0.150530 0.450526
6 0.066854 0.632095 0.106105 0.373190 0.787189
6 0.146349 0.542918 0.058976 0.220880 0.694001
6 0.018973 0.511589 0.037761 0.152893 0.679730
6 0.524330 0.544614 0.071399 0.240712 0.788295
6 0.176707 0.468195 0.028528 0.083321 0.506297
6 0.743137 0.447655 0.012684 0.035902 0.379314
6 0.725690 0.448444 0.007924 0.032135 0.369940
6 0.632244 0.451778 0.006920 0.038844 0.357242
8 0.963768 0.369041 0.065062 0.093235 0.361220