0 0.838774 0.579997 0.055937 0.061216 0.652062
0 0.771137 0.575332 0.051310 0.058313 0.635945
0 0.125713 0.620362 0.123532 0.146673 0.519736
0 0.720924 0.563363 0.032604 0.040959 0.584569
0 0.551152 0.545824 0.030244 0.022962 0.515346
0 0.517102 0.547821 0.018961 0.026840 0.504395
0 0.285408 0.572524 0.059362 0.061843 0.438488
0 0.450870 0.545691 0.014895 0.022174 0.427550
0 0.531931 0.541831 0.011150 0.018236 0.384890
0 0.491789 0.549896 0.015658 0.028409 0.371301
0 0.909992 0.592929 0.092084 0.094834 0.372250
1 0.219333 0.545836 0.061477 0.116739 0.518334
3 0.482462 0.644124 0.040192 0.099400 0.787919
3 0.267957 0.713973 0.071831 0.164609 0.674395
3 0.677071 0.623427 0.035155 0.092120 0.794189
3 0.361526 0.694737 0.062674 0.143550 0.783646
3 0.194792 0.690128 0.069590 0.143988 0.556845
3 0.584026 0.560399 0.011624 0.031266 0.550279
3 0.328737 0.591227 0.026193 0.069116 0.609016
3 0.603519 0.569025 0.013815 0.038405 0.537326
3 0.425627 0.558109 0.009350 0.025198 0.364974
6 0.272135 0.649879 0.062432 0.189814 0.682741
6 0.414183 0.448415 0.013525 0.054615 0.575162
6 0.483400 0.605989 0.039396 0.122963 0.698993
6 0.811865 0.569746 0.011782 0.047369 0.603393
6 0.202083 0.631595 0.051043 0.179727 0.566333
6 0.377166 0.447380 0.012046 0.054275 0.541975
6 0.171265 0.536733 0.012549 0.034761 0.439008
6 0.602698 0.554504 0.014305 0.043989 0.444299
6 0.434961 0.414862 0.011077 0.024345 0.368458
6 0.331050 0.563559 0.020534 0.041948 0.369312
6 0.361307 0.445563 0.013389 0.056083 0.413085
6 0.583940 0.549048 0.012969 0.041810 0.366080
6 0.399520 0.405712 0.008464 0.023451 0.385823
6 0.423533 0.415160 0.009998 0.021875 0.364567
6 0.357879 0.634818 0.067872 0.178908 0.689322
8 0.257288 0.472623 0.042741 0.024345 0.421209
8 0.094118 0.212251 0.065531 0.085493 0.400196
8 0.649926 0.482257 0.018921 0.040936 0.404450