0 0.208054 0.773038 0.225090 0.350829 0.717844
0 0.686879 0.666692 0.180262 0.218126 0.664155
0 0.487803 0.643120 0.099511 0.203890 0.575904
0 0.302621 0.664857 0.093037 0.187261 0.597473
0 0.936127 0.946476 0.127268 0.106165 0.472675
0 0.608130 0.602326 0.050397 0.070669 0.459155
1 0.819250 0.576920 0.071271 0.185058 0.543481
2 0.551874 0.516064 0.080491 0.140104 0.382242
2 0.414853 0.523845 0.067900 0.068588 0.365607
3 0.735287 0.751415 0.126624 0.207422 0.700842
3 0.572725 0.725843 0.056785 0.175824 0.734002
5 0.396286 0.690375 0.130387 0.281778 0.494887
6 0.719997 0.704211 0.054298 0.241569 0.616271
6 0.574440 0.662452 0.058197 0.195267 0.595427
6 0.748145 0.695046 0.058373 0.186089 0.537046
6 0.296148 0.502602 0.013768 0.063506 0.525838
6 0.555103 0.632549 0.035073 0.150155 0.487489
6 0.534579 0.606971 0.021153 0.106433 0.461857
9 0.886011 0.776945 0.224529 0.187137 0.384041