2 0.304708 0.562216 0.113704 0.168610 0.409083
2 0.963101 0.582727 0.073142 0.195951 0.407980
2 0.233894 0.554388 0.054083 0.144608 0.388605
3 0.379488 0.604968 0.056812 0.133982 0.785864
3 0.970438 0.753765 0.058723 0.267224 0.524483
3 0.407945 0.536330 0.032497 0.050554 0.456373
5 0.094566 0.589176 0.175272 0.215176 0.552553
5 0.537103 0.548257 0.045935 0.102760 0.402015
6 0.433092 0.529446 0.010856 0.071196 0.629415
6 0.483166 0.532982 0.014094 0.076413 0.625770
6 0.207622 0.559121 0.014566 0.123153 0.622137
6 0.631306 0.507266 0.015962 0.053402 0.627826
6 0.467932 0.530489 0.013945 0.071312 0.613367
6 0.287258 0.222881 0.028496 0.096729 0.529096
6 0.120671 0.583510 0.044603 0.135219 0.456928
6 0.376050 0.564895 0.042747 0.142688 0.589170
6 0.074489 0.565755 0.022368 0.054234 0.375538
6 0.667120 0.521581 0.025387 0.071359 0.454210
9 0.767123 0.573800 0.341269 0.114362 0.385615