0 0.920147 0.792163 0.159292 0.320342 0.743056
0 0.297676 0.649188 0.107747 0.138263 0.668037
0 0.411148 0.605428 0.040516 0.061999 0.639875
0 0.070789 0.737406 0.141372 0.328108 0.655287
0 0.441768 0.580199 0.017190 0.029149 0.453087
0 0.427558 0.573988 0.013162 0.022664 0.381171
0 0.203904 0.595876 0.082211 0.095050 0.451888
0 0.388882 0.581739 0.020432 0.030747 0.424804
0 0.297001 0.572505 0.042686 0.021273 0.357402
0 0.146843 0.626970 0.144154 0.161923 0.397901
0 0.376633 0.575692 0.014700 0.023846 0.350301
3 0.552082 0.622431 0.035342 0.073802 0.508041
3 0.584543 0.634720 0.022628 0.086391 0.439675
6 0.661854 0.665731 0.032531 0.155661 0.877784
6 0.184617 0.807901 0.133380 0.378001 0.668038
6 0.527527 0.617852 0.016723 0.074538 0.737588
6 0.608573 0.620589 0.015636 0.075378 0.620007
6 0.312168 0.571146 0.011188 0.019604 0.351699