0 0.631141 0.600146 0.101894 0.126385 0.580655
0 0.721026 0.534173 0.044511 0.054419 0.497600
0 0.546488 0.577888 0.060708 0.134859 0.461691
0 0.124605 0.672915 0.041445 0.046370 0.353686
3 0.809349 0.695405 0.108523 0.163428 0.546625
3 0.908845 0.717700 0.080456 0.188359 0.463813
3 0.862115 0.671453 0.054985 0.150430 0.399966
3 0.536647 0.667787 0.033526 0.096961 0.475385
3 0.593823 0.545982 0.021840 0.059247 0.420547
3 0.961440 0.718771 0.054355 0.140438 0.353778
5 0.443243 0.664563 0.163850 0.337742 0.564947
6 0.690497 0.525617 0.019277 0.037577 0.588742
6 0.864189 0.560801 0.035899 0.152131 0.641283
6 0.953697 0.576425 0.037398 0.159992 0.594109
6 0.796926 0.519490 0.022643 0.123230 0.490060
6 0.530605 0.581656 0.030945 0.089526 0.362729
9 0.180557 0.757129 0.356737 0.418007 0.587325