0 0.347847 0.662572 0.073657 0.266291 0.478482
0 0.895654 0.520257 0.044333 0.092535 0.463965
1 0.681762 0.492781 0.065679 0.091625 0.439830
2 0.175984 0.487503 0.350433 0.560926 0.634355
3 0.684765 0.533920 0.041417 0.078579 0.680269
5 0.482261 0.742002 0.254689 0.504707 0.498264
6 0.715966 0.598959 0.060007 0.213716 0.816531
6 0.312672 0.609210 0.030842 0.220400 0.729061
6 0.603489 0.543893 0.022293 0.118477 0.707988
6 0.649197 0.513352 0.015953 0.064525 0.629723
6 0.384039 0.513972 0.016174 0.032558 0.479283
6 0.352341 0.520894 0.027796 0.061460 0.549208
6 0.693820 0.515355 0.026689 0.075693 0.488996
6 0.595835 0.499875 0.009309 0.042581 0.392145
6 0.582186 0.506224 0.013145 0.049921 0.469873
6 0.636152 0.497651 0.009197 0.045833 0.430071
7 0.560958 0.410773 0.012341 0.041818 0.434239