0 0.616954 0.784676 0.222769 0.355032 0.784931
1 0.557814 0.578033 0.131783 0.232690 0.703570
2 0.847182 0.529041 0.304294 0.938001 0.566636
3 0.301622 0.871162 0.168718 0.255480 0.724217
3 0.459796 0.761895 0.071784 0.173372 0.724989
3 0.505956 0.692805 0.041214 0.120727 0.465074
6 0.294096 0.791913 0.106391 0.414294 0.711798
6 0.469804 0.706444 0.073405 0.228269 0.635887
6 0.408106 0.652909 0.027988 0.171083 0.564831
6 0.322867 0.615709 0.032876 0.135555 0.619825
6 0.495179 0.659751 0.034400 0.146287 0.418821
6 0.664208 0.497826 0.016929 0.046577 0.482662
6 0.432736 0.661177 0.037140 0.167587 0.490759
6 0.676326 0.497449 0.014417 0.037379 0.424875
6 0.652886 0.492700 0.014875 0.060173 0.489575
6 0.469483 0.606978 0.015042 0.067716 0.393526
6 0.550710 0.612076 0.013472 0.028725 0.359989
6 0.423174 0.580562 0.016991 0.053148 0.367843
6 0.545249 0.626352 0.024622 0.057602 0.385099
6 0.479372 0.609490 0.014698 0.053991 0.410732