0 0.709868 0.594207 0.115223 0.129106 0.662494
0 0.583064 0.537843 0.033268 0.050209 0.564945
0 0.473946 0.536794 0.023045 0.033461 0.427428
1 0.300964 0.515557 0.233688 0.342127 0.852584
1 0.954369 0.553978 0.090626 0.527068 0.771401
3 0.471389 0.708523 0.062483 0.178407 0.806456
3 0.437930 0.559770 0.013250 0.036748 0.620602
3 0.492384 0.562396 0.016163 0.041726 0.590261
3 0.537696 0.541816 0.011005 0.033903 0.507667
6 0.887457 0.154900 0.139098 0.308236 0.773926
6 0.812014 0.154381 0.161578 0.308121 0.683059
6 0.472085 0.637158 0.063796 0.199004 0.741107
6 0.492782 0.543797 0.016421 0.052664 0.545717
6 0.438755 0.545231 0.014418 0.050431 0.505272
8 0.062828 0.422188 0.067053 0.094823 0.482227
9 0.577505 0.611457 0.155320 0.165945 0.445076