2 0.303098 0.625392 0.095368 0.200743 0.536467
2 0.114492 0.707212 0.228098 0.448536 0.413831
2 0.198409 0.583634 0.067992 0.113693 0.384353
2 0.381747 0.570869 0.033893 0.075201 0.391215
3 0.436064 0.686114 0.046446 0.144502 0.779413
3 0.487114 0.636299 0.029727 0.079912 0.730069
3 0.507287 0.592874 0.017253 0.049216 0.539535
3 0.622444 0.605025 0.024386 0.061498 0.605258
3 0.412212 0.604123 0.014508 0.059022 0.393724
5 0.560941 0.615904 0.085285 0.193773 0.534732
5 0.667461 0.601398 0.079446 0.153445 0.439917
6 0.436060 0.627034 0.052344 0.171828 0.657190
6 0.506849 0.571489 0.021467 0.065716 0.590432
6 0.623733 0.577408 0.023184 0.083024 0.689908
6 0.378539 0.587002 0.016287 0.094917 0.603086
6 0.413564 0.583932 0.017122 0.100302 0.527725
6 0.821120 0.568578 0.018560 0.055067 0.429808
6 0.488229 0.597552 0.032751 0.119320 0.578281
6 0.458876 0.578413 0.020473 0.081384 0.446028
7 0.597860 0.498897 0.020358 0.033534 0.356530