0 0.899587 0.871820 0.200356 0.255167 0.623612
0 0.095468 0.651029 0.190567 0.336469 0.533040
0 0.591632 0.590183 0.191266 0.309234 0.531388
0 0.373215 0.514951 0.035919 0.057373 0.532126
0 0.230975 0.540580 0.056863 0.103394 0.500091
0 0.908995 0.607168 0.181616 0.304029 0.521371
0 0.169713 0.543826 0.057454 0.087010 0.471319
0 0.476050 0.545262 0.063346 0.120704 0.449075
1 0.231036 0.456797 0.057959 0.077128 0.370295
3 0.321368 0.702305 0.115028 0.216868 0.800225
5 0.744723 0.596896 0.145361 0.265912 0.544184
6 0.435438 0.570417 0.056710 0.170896 0.503535
6 0.343859 0.605616 0.070735 0.234934 0.417069
9 0.310731 0.592171 0.162749 0.138712 0.491690