0 0.066872 0.612406 0.133401 0.144873 0.673212
0 0.460717 0.612296 0.108977 0.176620 0.562324
0 0.666380 0.557824 0.036927 0.031506 0.470960
1 0.564145 0.523332 0.030516 0.034513 0.420509
1 0.454344 0.514326 0.052250 0.029288 0.374420
2 0.522757 0.563463 0.051554 0.108517 0.494517
2 0.960795 0.612635 0.077798 0.145823 0.395616
2 0.338099 0.596721 0.068461 0.143441 0.392362
3 0.152154 0.623459 0.069351 0.122526 0.781721
3 0.272894 0.683816 0.064113 0.159936 0.708579
3 0.877862 0.623585 0.038638 0.080402 0.680488
3 0.387467 0.748296 0.108015 0.223263 0.422563
3 0.229324 0.644668 0.036684 0.101258 0.707467
3 0.349830 0.643311 0.044265 0.130808 0.587047
3 0.803685 0.606072 0.044440 0.078728 0.531316
3 0.836627 0.594150 0.036347 0.053183 0.418511
6 0.399103 0.666861 0.074061 0.255481 0.725585
6 0.793303 0.593850 0.020052 0.070864 0.481241
6 0.230581 0.596526 0.036147 0.114980 0.486371
6 0.810462 0.593464 0.021681 0.062534 0.358945
8 0.837352 0.271845 0.087599 0.202203 0.381815
9 0.731725 0.787964 0.370641 0.415055 0.632181