0 0.097958 0.867176 0.195314 0.264301 0.734209
0 0.789816 0.581996 0.057024 0.070057 0.539457
0 0.505853 0.563907 0.023210 0.040175 0.538507
0 0.538526 0.565590 0.028097 0.042844 0.480917
3 0.452818 0.587709 0.014467 0.038885 0.594559
3 0.259903 0.664130 0.059443 0.132903 0.812331
3 0.432544 0.582088 0.013857 0.035486 0.501777
6 0.629559 0.428126 0.018210 0.049321 0.528304
6 0.453059 0.572190 0.015912 0.061696 0.548447
6 0.263391 0.621027 0.050994 0.158416 0.657449
6 0.424162 0.562300 0.008757 0.039370 0.434803
6 0.726150 0.580735 0.018348 0.054126 0.463074
6 0.759266 0.572900 0.007768 0.038524 0.408774
6 0.664372 0.411232 0.011739 0.027702 0.427162
6 0.665299 0.450233 0.011362 0.031098 0.385149
6 0.520314 0.565369 0.009658 0.040654 0.357086
7 0.540613 0.390859 0.025730 0.012298 0.641330