2 0.246835 0.612813 0.173558 0.213995 0.461385
2 0.487306 0.611361 0.108081 0.210052 0.390760
2 0.144720 0.554770 0.288643 0.343915 0.435298
3 0.748454 0.745398 0.090170 0.221394 0.766181
3 0.582452 0.636644 0.038841 0.096675 0.659549
3 0.621974 0.567767 0.016175 0.046036 0.566144
3 0.984325 0.705823 0.030396 0.141207 0.359095
4 0.900713 0.638308 0.076253 0.109684 0.469546
6 0.583509 0.595398 0.041860 0.134391 0.705137
6 0.426467 0.567294 0.018800 0.080432 0.513724
6 0.748664 0.650572 0.086167 0.240187 0.435439
6 0.727814 0.648400 0.044234 0.231480 0.351202
8 0.344647 0.385940 0.023378 0.058837 0.415943