1 0.553827 0.591660 0.180460 0.295223 0.766893
1 0.853139 0.520791 0.293081 0.948561 0.689356
1 0.436516 0.586283 0.023089 0.036967 0.446460
1 0.691628 0.601481 0.044465 0.124130 0.385683
3 0.204776 0.893327 0.147680 0.212031 0.469897
3 0.646827 0.844147 0.117338 0.309493 0.605342
6 0.829608 0.805715 0.186636 0.386800 0.820391
6 0.454161 0.813034 0.158766 0.372050 0.837645
6 0.136501 0.833510 0.272083 0.331549 0.821000
6 0.608438 0.720554 0.058920 0.240524 0.582488
6 0.670589 0.630248 0.026923 0.066554 0.372783
6 0.042295 0.337334 0.084377 0.386693 0.360361
6 0.415828 0.601822 0.010066 0.022677 0.368190
6 0.672638 0.655044 0.031371 0.116132 0.416921
6 0.809457 0.540583 0.097442 0.165042 0.552600