2 0.102115 0.554818 0.203688 0.882636 0.552729
3 0.525601 0.507739 0.030919 0.088998 0.616867
3 0.569358 0.543270 0.054395 0.111891 0.581661
3 0.735232 0.659029 0.099596 0.203538 0.398487
3 0.652468 0.506230 0.046098 0.103999 0.359544
3 0.498042 0.480453 0.030830 0.067401 0.455992
5 0.390069 0.645262 0.207054 0.462271 0.648389
6 0.718725 0.609977 0.081601 0.345510 0.793230
6 0.616782 0.483413 0.035915 0.158220 0.748185
6 0.263899 0.464953 0.028791 0.109931 0.678510
6 0.866678 0.539022 0.062353 0.239002 0.734756
6 0.137055 0.496613 0.070933 0.096143 0.795044
6 0.684474 0.502969 0.028242 0.168666 0.627909
6 0.573565 0.459696 0.022110 0.090795 0.569180
6 0.299653 0.447696 0.013495 0.076992 0.450885
6 0.275356 0.412251 0.014411 0.047259 0.360813
6 0.945672 0.484454 0.044174 0.145395 0.353223
6 0.275412 0.440764 0.015008 0.103968 0.389764