0 0.174874 0.774297 0.347781 0.322649 0.757657
0 0.655540 0.601543 0.057189 0.076033 0.541013
0 0.478707 0.568655 0.013049 0.023376 0.397888
0 0.520454 0.597608 0.045717 0.055942 0.688616
1 0.454284 0.557341 0.021829 0.033505 0.353947
1 0.409427 0.635894 0.072522 0.141150 0.429657
1 0.332598 0.661377 0.095695 0.192547 0.422918
3 0.892234 0.652421 0.056564 0.101296 0.549184
3 0.710763 0.609738 0.061141 0.075106 0.463751
3 0.983874 0.695583 0.032109 0.101834 0.366881
3 0.953149 0.672302 0.068705 0.106315 0.350285
6 0.433216 0.685171 0.038132 0.206047 0.727426
6 0.404824 0.670644 0.035879 0.182386 0.752618
6 0.902730 0.625983 0.023509 0.098283 0.530053
8 0.393571 0.053698 0.031199 0.053317 0.381213
9 0.818777 0.830279 0.341921 0.329283 0.593960