0 0.110774 0.734373 0.221320 0.322768 0.764014
1 0.519063 0.572815 0.096548 0.202970 0.560702
1 0.424203 0.513452 0.058693 0.066745 0.380005
2 0.639747 0.548260 0.089054 0.077045 0.489526
3 0.303924 0.632447 0.040014 0.098600 0.681412
3 0.210011 0.636607 0.042829 0.082181 0.729200
5 0.418871 0.608749 0.101795 0.260828 0.631064
6 0.966475 0.594214 0.036426 0.166679 0.825082
6 0.211482 0.607404 0.031120 0.098602 0.742944
6 0.348420 0.592970 0.025564 0.085401 0.602634
6 0.313652 0.590850 0.020718 0.085693 0.458749
6 0.587090 0.560550 0.011166 0.033057 0.419691
9 0.790150 0.795608 0.314671 0.400756 0.420971