1 0.656008 0.508083 0.045719 0.057768 0.491346
2 0.346621 0.512080 0.227916 0.169956 0.623188
2 0.556142 0.532191 0.048883 0.088898 0.441875
3 0.801115 0.576977 0.018546 0.051099 0.598428
3 0.763645 0.782245 0.065078 0.188457 0.542815
3 0.886273 0.778249 0.103645 0.291638 0.611699
3 0.035426 0.819021 0.070432 0.292314 0.591563
3 0.067792 0.763647 0.054924 0.161795 0.495172
3 0.942755 0.875734 0.113205 0.246512 0.441210
3 0.153024 0.539273 0.057802 0.053291 0.367775
6 0.657623 0.758832 0.188257 0.479763 0.709943
6 0.487078 0.739465 0.102222 0.421713 0.672376
6 0.918159 0.705484 0.116644 0.388639 0.550778
6 0.260645 0.710523 0.110729 0.321616 0.625073
6 0.088359 0.620561 0.053279 0.170594 0.587087
6 0.401948 0.775021 0.126066 0.447516 0.783016
6 0.221746 0.773596 0.136620 0.449293 0.493510
6 0.167524 0.768582 0.174761 0.451653 0.565427
6 0.723214 0.689435 0.066905 0.339415 0.365880
6 0.764761 0.673688 0.059906 0.320861 0.482533
7 0.656608 0.429878 0.010316 0.059886 0.464973
7 0.695270 0.286339 0.034663 0.015956 0.393040