0 0.540718 0.577363 0.056165 0.114775 0.644627
0 0.979025 0.655279 0.041559 0.200318 0.441122
0 0.510322 0.547640 0.025956 0.050507 0.383624
2 0.809904 0.559733 0.307592 0.494275 0.763730
3 0.279716 0.572472 0.051427 0.091553 0.619456
3 0.490547 0.557672 0.010387 0.025331 0.524326
3 0.360976 0.569044 0.040081 0.059426 0.543209
3 0.599109 0.566317 0.010997 0.026616 0.473821
3 0.622062 0.596329 0.023027 0.057393 0.688479
6 0.093105 0.570792 0.028957 0.162395 0.788440
6 0.623128 0.575055 0.022197 0.073445 0.681871
6 0.578255 0.549519 0.009621 0.032177 0.435322
6 0.396246 0.558611 0.017136 0.081828 0.540647
6 0.491063 0.548009 0.011070 0.039912 0.498094
7 0.373692 0.435056 0.024804 0.064345 0.405841