0 0.493475 0.583664 0.032457 0.057565 0.585102
0 0.514219 0.559205 0.014490 0.028883 0.401562
2 0.428367 0.683727 0.108640 0.254591 0.542527
2 0.596031 0.613094 0.094624 0.216108 0.500390
3 0.371085 0.851888 0.114830 0.284447 0.817027
3 0.140102 0.758209 0.123358 0.200100 0.768876
3 0.544564 0.783240 0.044676 0.162256 0.767661
3 0.660235 0.633543 0.028980 0.072239 0.694323
3 0.798290 0.631575 0.071039 0.091118 0.603532
3 0.760954 0.620209 0.056804 0.087286 0.484565
6 0.547982 0.689957 0.071968 0.233602 0.848332
6 0.382553 0.730723 0.104602 0.305716 0.853202
6 0.926396 0.508796 0.018467 0.053679 0.448568
6 0.733709 0.578942 0.017287 0.053362 0.398020
6 0.766172 0.581148 0.010515 0.040451 0.350239
8 0.368831 0.496412 0.024236 0.029105 0.386687
8 0.778379 0.441219 0.036756 0.051957 0.384727