0 0.513225 0.527192 0.020545 0.037295 0.581429
0 0.541784 0.524904 0.028381 0.037435 0.555107
0 0.355371 0.551855 0.014600 0.034782 0.356716
0 0.713628 0.501202 0.029376 0.040349 0.387128
1 0.397835 0.546568 0.069693 0.163292 0.561539
1 0.548483 0.498642 0.015712 0.027798 0.389739
1 0.571508 0.513276 0.031256 0.072807 0.516724
1 0.628049 0.542963 0.043222 0.074766 0.448662
1 0.849176 0.617095 0.132115 0.231144 0.493981
3 0.669903 0.723787 0.082022 0.237873 0.738635
3 0.373392 0.724707 0.065183 0.188981 0.813815
3 0.765322 0.694241 0.091780 0.240213 0.680009
5 0.480700 0.610232 0.084390 0.195308 0.520258
6 0.374572 0.641461 0.061041 0.226585 0.847243
6 0.755036 0.635402 0.079438 0.227619 0.613110
6 0.577307 0.534768 0.010342 0.051916 0.465556
6 0.695737 0.553316 0.034071 0.081657 0.565640
6 0.718235 0.612335 0.035496 0.181253 0.436258
6 0.650938 0.531869 0.015277 0.060684 0.497842
6 0.672622 0.635337 0.077337 0.228732 0.379068
6 0.487120 0.572692 0.012212 0.024688 0.440417
6 0.468569 0.574186 0.012217 0.023537 0.401610
6 0.705938 0.516362 0.017718 0.053932 0.443673
9 0.175175 0.764814 0.344881 0.282271 0.393910