0 0.788231 0.498267 0.089633 0.092429 0.755999
0 0.699068 0.469007 0.027697 0.068739 0.643886
0 0.398081 0.468364 0.050395 0.078279 0.475239
0 0.441870 0.456224 0.034335 0.059227 0.460513
0 0.420598 0.437279 0.017763 0.024118 0.352720
2 0.153624 0.690644 0.306706 0.615233 0.577376
2 0.890718 0.473675 0.085820 0.132489 0.440595
2 0.602046 0.427510 0.012851 0.062850 0.356129
3 0.407982 0.620212 0.071883 0.159980 0.771476
3 0.464020 0.551079 0.034478 0.099750 0.804769
3 0.335971 0.472531 0.017223 0.047737 0.649570
3 0.302667 0.513002 0.025543 0.073103 0.630349
6 0.413127 0.545604 0.062273 0.191380 0.819143
6 0.336662 0.456526 0.016552 0.054974 0.755225
6 0.464065 0.502208 0.037882 0.122901 0.771010
6 0.815064 0.470528 0.013306 0.033158 0.411091
6 0.306036 0.475086 0.021534 0.080030 0.714170
9 0.764588 0.675455 0.466533 0.472966 0.507918