0 0.792127 0.671025 0.137995 0.206484 0.661996
3 0.491410 0.697587 0.048708 0.130768 0.732463
3 0.950602 0.756983 0.097754 0.181603 0.634216
5 0.580510 0.685860 0.128865 0.280808 0.715125
6 0.921990 0.682258 0.062147 0.240873 0.740707
6 0.969849 0.717393 0.059943 0.316223 0.671500
6 0.492631 0.649494 0.050070 0.160745 0.598730
6 0.445144 0.632708 0.027926 0.133796 0.548028
6 0.474032 0.620141 0.021529 0.113984 0.455531
6 0.509926 0.611102 0.020649 0.089865 0.369775
6 0.990549 0.601376 0.018670 0.059387 0.446672
9 0.075341 0.705661 0.147818 0.319336 0.402056