0 0.959911 0.621227 0.079823 0.258808 0.548901
0 0.642620 0.560179 0.046726 0.149139 0.546862
0 0.703629 0.528778 0.071090 0.090379 0.576664
1 0.118522 0.505100 0.236647 0.877323 0.738818
2 0.435542 0.508516 0.403057 0.722357 0.649484
2 0.834106 0.512480 0.094061 0.106102 0.353139
3 0.876322 0.592723 0.035503 0.080413 0.611965
3 0.915277 0.610870 0.025854 0.108682 0.455810
4 0.684178 0.662816 0.142257 0.180467 0.804407
6 0.688598 0.606344 0.074965 0.272166 0.856362
6 0.877207 0.564502 0.032694 0.101795 0.535055
6 0.896653 0.565543 0.019101 0.094522 0.563722
6 0.923896 0.581345 0.026158 0.130740 0.370309
6 0.909840 0.570160 0.015071 0.090847 0.416378