0 0.981564 0.601642 0.036678 0.175216 0.494514
1 0.412010 0.739648 0.215587 0.442631 0.630353
1 0.530283 0.573097 0.058335 0.119027 0.424437
1 0.658972 0.611625 0.068181 0.166657 0.370114
1 0.620755 0.563524 0.037374 0.080034 0.365340
3 0.602671 0.812688 0.094440 0.303795 0.785713
3 0.256927 0.772635 0.108316 0.238192 0.784925
3 0.790470 0.795146 0.105174 0.290270 0.774858
3 0.058089 0.895824 0.115771 0.206377 0.555668
3 0.552054 0.637641 0.031598 0.089194 0.431016
6 0.607880 0.698013 0.088711 0.313105 0.741897
6 0.786254 0.688784 0.096994 0.280756 0.847469
6 0.968970 0.428466 0.061410 0.113728 0.644340
6 0.552239 0.594689 0.038256 0.132647 0.493393
6 0.567808 0.548212 0.011892 0.038094 0.367911
6 0.571552 0.583587 0.040459 0.100329 0.372866