1 0.601125 0.414630 0.149326 0.274297 0.756640
1 0.834148 0.499623 0.331423 0.997511 0.797858
3 0.086804 0.831353 0.108648 0.335305 0.476167
3 0.159011 0.471330 0.035032 0.129840 0.477130
3 0.591125 0.610329 0.036953 0.120940 0.384101
3 0.499692 0.587417 0.024743 0.115888 0.367487
5 0.349829 0.707976 0.288621 0.569521 0.558684
6 0.235738 0.476096 0.031662 0.188634 0.632415
6 0.539103 0.584638 0.079225 0.256204 0.630824
6 0.060331 0.743144 0.120482 0.510863 0.470307
6 0.463624 0.425501 0.013735 0.024456 0.501666
6 0.201557 0.472532 0.040536 0.189575 0.602047
6 0.496830 0.489199 0.049449 0.117801 0.459749
6 0.604579 0.463518 0.031341 0.076850 0.384373
6 0.297559 0.415903 0.026013 0.060907 0.566363
6 0.508258 0.445224 0.020478 0.064122 0.370679
6 0.376640 0.403262 0.009783 0.027548 0.389452
6 0.587387 0.557458 0.041462 0.219384 0.431948
6 0.382212 0.415598 0.014575 0.035018 0.448044
6 0.486606 0.435858 0.021477 0.040659 0.419800
6 0.358120 0.415473 0.015847 0.035501 0.378530
6 0.513354 0.434369 0.012005 0.038446 0.367011
7 0.363567 0.320214 0.008110 0.041130 0.527322
7 0.574173 0.091905 0.071661 0.035388 0.478235
7 0.418215 0.270609 0.022362 0.093050 0.556058
7 0.524099 0.093175 0.023971 0.027172 0.358120
7 0.425305 0.333657 0.021821 0.030828 0.377667