0 0.846272 0.721292 0.216548 0.264504 0.728185
0 0.633550 0.783378 0.220329 0.359720 0.715032
0 0.772083 0.623430 0.042692 0.074859 0.370683
1 0.895377 0.570045 0.189714 0.163050 0.685762
2 0.635676 0.563530 0.234386 0.270666 0.510662
3 0.388230 0.849247 0.148216 0.299166 0.742236
3 0.443535 0.758033 0.040770 0.119181 0.373147
6 0.396790 0.775914 0.102417 0.352835 0.798378
6 0.447283 0.698000 0.061256 0.216655 0.719256
6 0.022264 0.549697 0.041789 0.110331 0.691226
6 0.383534 0.599904 0.021829 0.065490 0.617623
6 0.498481 0.620995 0.025650 0.085325 0.588258
6 0.693746 0.477347 0.017189 0.068460 0.421756
6 0.513677 0.608496 0.011983 0.076379 0.396234
6 0.487001 0.584564 0.011166 0.056347 0.350960
7 0.527095 0.626607 0.011566 0.063267 0.427330
8 0.070605 0.407178 0.059654 0.238797 0.456751
8 0.198520 0.328161 0.042422 0.114259 0.419014
9 0.168876 0.876789 0.164863 0.189068 0.410192