0 0.569918 0.606696 0.097277 0.159540 0.735798
0 0.912518 0.575955 0.122500 0.128324 0.533277
1 0.784565 0.521178 0.147035 0.201675 0.778197
1 0.952081 0.480805 0.095378 0.208808 0.726866
3 0.903391 0.620620 0.056600 0.111078 0.692965
3 0.838410 0.604011 0.042080 0.100048 0.679811
3 0.969470 0.744064 0.060440 0.212674 0.577196
6 0.899230 0.571123 0.044931 0.143834 0.750029
6 0.725143 0.549714 0.024424 0.089166 0.557321
6 0.697765 0.543421 0.016574 0.070338 0.432285
9 0.221091 0.784571 0.408537 0.418536 0.385312