0 0.559652 0.585706 0.020851 0.058012 0.398837
1 0.587948 0.550558 0.071080 0.107580 0.470554
1 0.418987 0.607528 0.071818 0.136828 0.492354
2 0.524231 0.620188 0.062213 0.145432 0.396081
3 0.519280 0.670063 0.047790 0.143285 0.676075
3 0.335777 0.660245 0.077162 0.133626 0.549682
3 0.896194 0.900474 0.206583 0.197142 0.415123
3 0.385513 0.657974 0.084030 0.106327 0.537515
3 0.326331 0.894789 0.111909 0.207773 0.360980
3 0.243467 0.894691 0.278509 0.208315 0.383416
5 0.679998 0.712050 0.166978 0.355361 0.651004
6 0.271325 0.798519 0.200227 0.400997 0.862986
6 0.808012 0.754537 0.106431 0.400298 0.778072
6 0.928024 0.769362 0.143423 0.457574 0.761835
6 0.465504 0.619826 0.024939 0.125649 0.558434
6 0.970749 0.643059 0.057903 0.203050 0.582895
6 0.484476 0.609853 0.019305 0.096728 0.471381
6 0.829399 0.628048 0.024097 0.062037 0.382028
6 0.990641 0.597262 0.018614 0.072465 0.409922