0 0.930066 0.489778 0.139355 0.143341 0.722484
0 0.495962 0.699150 0.300783 0.459950 0.645427
0 0.771865 0.451416 0.054517 0.070758 0.627518
0 0.650513 0.538806 0.122558 0.172143 0.610336
0 0.566669 0.455076 0.072037 0.046184 0.360763
0 0.397471 0.482599 0.066274 0.106312 0.365156
0 0.290589 0.594536 0.187641 0.254192 0.652966
1 0.249492 0.438901 0.265041 0.281743 0.846778
3 0.283212 0.695187 0.117600 0.313659 0.865768
5 0.101592 0.725831 0.202024 0.541910 0.448660
8 0.714324 0.316890 0.066114 0.098756 0.463907
8 0.719020 0.410313 0.053102 0.098643 0.406040
9 0.805854 0.524183 0.146084 0.166687 0.594160