0 0.630972 0.511443 0.088375 0.065636 0.728443
0 0.919017 0.568758 0.076093 0.120292 0.684028
0 0.479682 0.572061 0.100078 0.173003 0.534402
0 0.977297 0.676051 0.045077 0.228774 0.667178
0 0.409195 0.493134 0.034585 0.050378 0.482408
0 0.972153 0.532653 0.046967 0.068492 0.510739
0 0.042410 0.843697 0.084542 0.311104 0.577631
3 0.046328 0.630153 0.091205 0.166154 0.618019
5 0.290195 0.554452 0.134332 0.177744 0.712958
6 0.038149 0.569698 0.076002 0.172095 0.353477
7 0.067473 0.279011 0.019261 0.098338 0.475237
8 0.375784 0.333370 0.027461 0.033778 0.445239
8 0.395016 0.313781 0.027177 0.012761 0.388254
9 0.731282 0.771811 0.393129 0.447967 0.635911