0 0.775219 0.608465 0.123896 0.179284 0.614824
0 0.955494 0.629440 0.088568 0.224179 0.611473
0 0.927600 0.546733 0.065291 0.098211 0.370138
2 0.868164 0.514732 0.052595 0.131908 0.497669
3 0.868235 0.573355 0.023634 0.063659 0.619447
3 0.709107 0.566006 0.026989 0.067627 0.668172
5 0.442908 0.721903 0.415232 0.550366 0.622206
6 0.708821 0.536729 0.026879 0.089071 0.499191
6 0.637297 0.519963 0.010815 0.065546 0.512772
6 0.869577 0.542046 0.024175 0.083331 0.628991
6 0.734471 0.529182 0.020121 0.054960 0.419157
6 0.796931 0.410750 0.023702 0.070096 0.531077
7 0.577788 0.366558 0.012218 0.062333 0.480084
8 0.819340 0.364491 0.031257 0.037299 0.500472