0 0.754123 0.771675 0.435320 0.453807 0.716818
0 0.950047 0.796559 0.099667 0.403997 0.568292
1 0.547131 0.509740 0.066596 0.192940 0.534356
1 0.494156 0.512422 0.022964 0.067282 0.391485
1 0.853979 0.538371 0.167481 0.235868 0.369418
2 0.649217 0.520594 0.197414 0.251176 0.546269
3 0.189015 0.554822 0.040019 0.067355 0.888622
6 0.193407 0.522203 0.031883 0.104670 0.832299
6 0.502073 0.540041 0.013952 0.070808 0.680297
7 0.929859 0.373245 0.013684 0.018741 0.360559
8 0.139648 0.433471 0.032684 0.062089 0.380898
9 0.312850 0.756533 0.315863 0.476111 0.404882