0 0.526937 0.569712 0.098007 0.087840 0.635013
2 0.960840 0.757573 0.077749 0.461734 0.389332
3 0.459043 0.690408 0.080999 0.185524 0.773141
3 0.849376 0.681739 0.143057 0.156621 0.719247
3 0.226257 0.562793 0.012920 0.040594 0.507448
3 0.076243 0.892937 0.145571 0.211534 0.405118
3 0.107262 0.802608 0.132120 0.271883 0.447318
3 0.774520 0.612205 0.036623 0.079965 0.417117
3 0.394978 0.565372 0.019320 0.033236 0.364546
5 0.697747 0.595341 0.119802 0.186138 0.513164
5 0.337026 0.598842 0.083109 0.167136 0.492355
6 0.171791 0.603531 0.026990 0.163413 0.727551
6 0.118048 0.621886 0.037654 0.194162 0.749574
6 0.815697 0.641544 0.053291 0.172359 0.699543
6 0.493558 0.576878 0.015125 0.099341 0.558548
6 0.458690 0.635259 0.065010 0.193079 0.604391
6 0.908706 0.437952 0.010525 0.025346 0.358402
6 0.474907 0.561457 0.015941 0.060889 0.457289
6 0.849363 0.637439 0.063274 0.177087 0.735270
9 0.596429 0.549271 0.095874 0.155118 0.386549