0 0.531979 0.632934 0.150591 0.332013 0.497129
0 0.617273 0.562944 0.028488 0.066200 0.438492
0 0.684806 0.654802 0.129212 0.228717 0.671480
1 0.438050 0.592434 0.060727 0.161288 0.353190
3 0.586944 0.768640 0.109301 0.328596 0.793785
3 0.298290 0.902630 0.125821 0.192442 0.398291
3 0.390954 0.740159 0.083544 0.242960 0.720867
6 0.314778 0.729192 0.111568 0.413794 0.791269
6 0.768393 0.729694 0.123271 0.379186 0.827716
6 0.842095 0.623529 0.060149 0.195964 0.725332
6 0.587337 0.679504 0.090916 0.280411 0.753259
6 0.784544 0.571118 0.023490 0.094209 0.643326
6 0.389789 0.547664 0.030540 0.091592 0.508647
6 0.359662 0.561052 0.033680 0.098636 0.513149
6 0.667870 0.526731 0.023563 0.028719 0.484763
6 0.692684 0.530833 0.015879 0.023138 0.508497
6 0.635782 0.531666 0.013829 0.029957 0.444087
8 0.166776 0.247879 0.084783 0.155455 0.373802