0 0.456677 0.647819 0.130829 0.276277 0.664592
3 0.665011 0.651325 0.053603 0.110920 0.631583
3 0.625813 0.615524 0.025740 0.068613 0.443306
3 0.554741 0.663182 0.046819 0.106018 0.578619
3 0.351035 0.655108 0.049731 0.112339 0.411844
3 0.370446 0.556084 0.026097 0.070211 0.376668
6 0.662609 0.613400 0.046904 0.129239 0.663662
6 0.346431 0.607863 0.059131 0.146079 0.562034
6 0.538548 0.591623 0.032507 0.120635 0.523772
6 0.553116 0.619060 0.043651 0.116389 0.432028
7 0.318615 0.458948 0.017785 0.042119 0.553870
9 0.838965 0.696269 0.317713 0.267442 0.409348