0 0.417045 0.613253 0.037849 0.068608 0.510955
1 0.674744 0.569892 0.031076 0.090408 0.443903
2 0.555009 0.591689 0.057723 0.137006 0.591320
2 0.513564 0.576872 0.028393 0.060746 0.439860
3 0.422113 0.727752 0.052899 0.135840 0.799081
3 0.455203 0.639155 0.020016 0.048021 0.539374
3 0.504089 0.598377 0.008483 0.023590 0.383796
6 0.159077 0.187402 0.052507 0.095303 0.644017
6 0.424941 0.672485 0.047031 0.171891 0.716904
6 0.187687 0.201719 0.028673 0.072888 0.626644
6 0.291000 0.512654 0.022521 0.062092 0.507037
6 0.664412 0.406123 0.012839 0.045332 0.448661
6 0.457139 0.612963 0.019601 0.072106 0.460345
6 0.100843 0.690437 0.036389 0.113089 0.364720
6 0.214178 0.194370 0.035091 0.092915 0.615585
9 0.724388 0.802580 0.280674 0.385434 0.377989