0 0.681370 0.560622 0.070627 0.227856 0.614073
0 0.276596 0.462605 0.084753 0.087680 0.591852
2 0.856986 0.449454 0.279766 0.211353 0.639189
3 0.754171 0.530935 0.063864 0.131517 0.758800
3 0.343630 0.637667 0.107714 0.228977 0.765722
5 0.529808 0.685361 0.282601 0.560531 0.514662
6 0.342982 0.565932 0.097173 0.250459 0.737347
6 0.360660 0.457227 0.023518 0.077604 0.654692
6 0.375785 0.515146 0.044294 0.156139 0.594123
6 0.732429 0.489655 0.022357 0.140089 0.621385
6 0.750806 0.489921 0.035714 0.143952 0.651887
8 0.413107 0.277652 0.025088 0.148204 0.409278
9 0.880815 0.795874 0.234038 0.324053 0.365992