2 0.920648 0.758558 0.157986 0.480915 0.430298
3 0.571750 0.570200 0.017445 0.051534 0.649654
3 0.415900 0.577639 0.035107 0.066911 0.605166
3 0.299673 0.593689 0.045425 0.109947 0.588494
3 0.507093 0.622643 0.034885 0.094751 0.654843
3 0.446698 0.584194 0.018679 0.052362 0.484341
3 0.136439 0.639754 0.107120 0.196660 0.526840
5 0.778691 0.642708 0.142606 0.267486 0.476469
6 0.457194 0.612925 0.026584 0.130642 0.743851
6 0.506814 0.582800 0.036774 0.118244 0.682163
6 0.594132 0.580642 0.022663 0.090546 0.379897
8 0.453716 0.457639 0.023404 0.040911 0.359962
8 0.075976 0.201305 0.099036 0.121890 0.353041
8 0.126610 0.283358 0.050684 0.108789 0.357673