0 0.734944 0.520724 0.066303 0.060716 0.717860
0 0.425281 0.684172 0.189381 0.325531 0.665305
0 0.293658 0.588304 0.131705 0.190152 0.659200
0 0.954888 0.548906 0.089970 0.136354 0.609529
0 0.641257 0.494787 0.052602 0.056753 0.503482
0 0.576089 0.547686 0.097840 0.197607 0.398464
0 0.522405 0.501095 0.020877 0.040297 0.433715
0 0.465300 0.524436 0.064469 0.081010 0.468423
1 0.408807 0.467931 0.079145 0.125081 0.729973
2 0.080484 0.445129 0.135372 0.098851 0.401829
3 0.364805 0.493975 0.012332 0.037543 0.364552
3 0.823057 0.523614 0.029262 0.050256 0.372126
6 0.869432 0.535762 0.021481 0.089454 0.745088
6 0.506759 0.513133 0.016183 0.068434 0.652926