0 0.971597 0.561962 0.056405 0.119569 0.684014
0 0.709009 0.546587 0.059064 0.068143 0.576391
0 0.640365 0.534804 0.044074 0.052734 0.481765
0 0.655491 0.521835 0.026137 0.037085 0.390232
1 0.469197 0.516199 0.162337 0.302352 0.793803
1 0.607697 0.507158 0.011846 0.044279 0.368388
1 0.944553 0.486139 0.110009 0.188274 0.399967
3 0.352573 0.804086 0.105694 0.285871 0.713234
3 0.711888 0.572222 0.033603 0.058951 0.688585
3 0.291100 0.721619 0.047431 0.136580 0.628819
3 0.771488 0.572473 0.029287 0.060325 0.632241
3 0.818349 0.594110 0.040170 0.078503 0.522412
3 0.619526 0.550532 0.027290 0.055479 0.358522
3 0.886841 0.623996 0.042982 0.087484 0.427833
6 0.710028 0.549677 0.023130 0.092425 0.743549
6 0.352710 0.684678 0.095462 0.314350 0.737873
6 0.304782 0.541285 0.025155 0.084727 0.685913
6 0.613825 0.541893 0.014140 0.076432 0.602768
6 0.813970 0.561372 0.029185 0.105228 0.612588
6 0.876864 0.580852 0.034079 0.127821 0.496435
6 0.572996 0.525801 0.007966 0.042855 0.384269
6 0.768617 0.553808 0.024160 0.080473 0.399254
6 0.294374 0.639783 0.049887 0.200704 0.364709