0 0.536436 0.607815 0.052940 0.074251 0.711965
2 0.624480 0.588640 0.103243 0.228897 0.591091
2 0.406714 0.601041 0.124797 0.280840 0.491604
3 0.088941 0.858646 0.174737 0.280582 0.700086
3 0.870730 0.893131 0.256955 0.212062 0.662397
3 0.660052 0.691097 0.080659 0.193917 0.745154
5 0.322406 0.694214 0.173772 0.383761 0.531479
6 0.897426 0.779051 0.187661 0.439272 0.863258
6 0.494367 0.592204 0.010984 0.050652 0.471040
6 0.569272 0.581891 0.015080 0.064669 0.352162
9 0.075962 0.449445 0.150074 0.140573 0.353716