0 0.586466 0.811738 0.304585 0.374692 0.694845
0 0.758256 0.719323 0.062045 0.218084 0.385154
0 0.800379 0.669888 0.146764 0.315521 0.357719
1 0.588731 0.532714 0.184595 0.250713 0.560105
2 0.883738 0.499595 0.231451 0.998255 0.372239
3 0.381898 0.758583 0.071367 0.156082 0.842100
3 0.440772 0.667553 0.025539 0.071429 0.644103
3 0.492129 0.641098 0.013457 0.031418 0.391644
6 0.303782 0.598150 0.019162 0.094643 0.771730
6 0.381987 0.691278 0.071513 0.191313 0.750105
6 0.491882 0.615888 0.014629 0.080005 0.539055
6 0.164845 0.578955 0.021189 0.106014 0.438868
6 0.702065 0.464136 0.018009 0.075505 0.411067
6 0.421431 0.623682 0.017318 0.102418 0.671759
8 0.251532 0.482782 0.034875 0.143790 0.448334
8 0.339101 0.440681 0.027220 0.065747 0.371188