0 0.576567 0.613897 0.217844 0.337010 0.752124
0 0.441153 0.438051 0.017645 0.030102 0.407002
0 0.336583 0.485582 0.074529 0.113073 0.401022
0 0.474443 0.428618 0.019813 0.023392 0.393365
2 0.684763 0.441575 0.071210 0.120622 0.406880
2 0.757972 0.462706 0.079018 0.124592 0.419056
3 0.418318 0.491932 0.026726 0.073625 0.640152
3 0.988832 0.555180 0.021886 0.165328 0.419156
6 0.299475 0.437475 0.016491 0.069396 0.760436
6 0.206178 0.438924 0.019419 0.091031 0.728157
6 0.577685 0.438919 0.012580 0.025592 0.492792
6 0.614475 0.439594 0.015987 0.029697 0.504671
6 0.418766 0.463120 0.023923 0.079220 0.384045
8 0.865474 0.184728 0.121772 0.153270 0.398538
9 0.925020 0.505061 0.056958 0.460034 0.389464