0 0.606106 0.797464 0.258225 0.390174 0.718018
0 0.848047 0.791850 0.273570 0.373830 0.701259
1 0.724273 0.589399 0.146974 0.186098 0.707851
1 0.494645 0.545614 0.124157 0.195286 0.701679
1 0.356228 0.540060 0.079281 0.057614 0.498526
1 0.425189 0.555712 0.024402 0.089614 0.442074
1 0.879277 0.587057 0.172240 0.129565 0.468298
1 0.410845 0.533969 0.051562 0.063615 0.359077
1 0.934928 0.569688 0.129353 0.104893 0.385449
1 0.286529 0.609905 0.081346 0.195696 0.351355
3 0.342789 0.857831 0.095505 0.258772 0.515898
3 0.429040 0.682334 0.029130 0.091855 0.395158
3 0.246390 0.869719 0.117363 0.258027 0.380867
3 0.474439 0.685745 0.074988 0.162573 0.363186
6 0.222827 0.670108 0.059261 0.248967 0.547746
6 0.731840 0.636755 0.039318 0.098990 0.694598
6 0.346853 0.753944 0.098338 0.369434 0.618702
6 0.687415 0.629143 0.031526 0.082640 0.634579
6 0.411266 0.594490 0.017229 0.085655 0.462647
6 0.171817 0.803320 0.244145 0.391350 0.435561
6 0.603623 0.467099 0.015024 0.066488 0.495857
6 0.540599 0.590759 0.017599 0.032431 0.438512
6 0.392219 0.593394 0.021014 0.086168 0.425440
6 0.632142 0.477033 0.015048 0.038284 0.448336
6 0.431059 0.635667 0.037575 0.149773 0.468301
6 0.618380 0.478250 0.017197 0.049677 0.451460
6 0.381371 0.664421 0.052409 0.218958 0.393851
6 0.611132 0.590877 0.018104 0.030098 0.430409
6 0.573126 0.552299 0.022773 0.091764 0.359530