2 0.109691 0.702760 0.218440 0.396868 0.416325
3 0.351091 0.618647 0.076371 0.123344 0.505332
3 0.711718 0.598662 0.056273 0.072909 0.529485
3 0.464689 0.566204 0.014670 0.037718 0.404926
3 0.392764 0.599644 0.053966 0.102044 0.428325
5 0.533622 0.580943 0.055842 0.119546 0.523381
5 0.587780 0.573333 0.046952 0.097072 0.460360
6 0.213628 0.768436 0.158011 0.459059 0.760680
6 0.354993 0.564435 0.016622 0.054135 0.563187
6 0.843734 0.631740 0.041563 0.176286 0.531551
6 0.273905 0.705215 0.071011 0.390382 0.635165
6 0.819134 0.644949 0.044549 0.164554 0.539158
6 0.473866 0.560730 0.011168 0.046475 0.378792
6 0.387898 0.542661 0.012969 0.051105 0.360147
9 0.948753 0.756132 0.099863 0.394996 0.722002