0 0.550721 0.455608 0.070199 0.089988 0.612285
0 0.696925 0.467912 0.086903 0.116769 0.556260
0 0.584895 0.447198 0.036624 0.066153 0.506189
0 0.482241 0.447915 0.058633 0.083155 0.518397
0 0.887330 0.544976 0.168431 0.192700 0.392307
0 0.452567 0.415160 0.022305 0.032213 0.370921
3 0.650454 0.519040 0.051092 0.137896 0.769185
3 0.930487 0.792521 0.138114 0.412878 0.504708
3 0.131689 0.486069 0.119332 0.165985 0.755712
3 0.476287 0.470782 0.022414 0.072402 0.405890
6 0.966636 0.741642 0.066482 0.514177 0.846193
6 0.428643 0.474920 0.026871 0.140795 0.647773
6 0.318126 0.448703 0.032847 0.135529 0.662075
6 0.407231 0.463485 0.024804 0.123349 0.645771
6 0.612772 0.464199 0.022093 0.105680 0.610757
6 0.214218 0.289766 0.028992 0.046909 0.635296
6 0.353768 0.457173 0.023503 0.125683 0.647713
6 0.056671 0.371048 0.019931 0.049087 0.517136
6 0.074970 0.398659 0.009451 0.024526 0.431501
6 0.075650 0.363010 0.010712 0.025113 0.447058
6 0.074738 0.443798 0.010314 0.028360 0.437124
6 0.087420 0.439945 0.008662 0.022443 0.396761
6 0.087507 0.398865 0.008496 0.021099 0.419869
6 0.088622 0.363705 0.009439 0.023861 0.429715
6 0.056788 0.460457 0.014270 0.043792 0.460307
6 0.074249 0.487543 0.009952 0.028803 0.402126
6 0.633153 0.456800 0.015838 0.086627 0.364710
6 0.249495 0.414737 0.010552 0.047110 0.390437
6 0.100817 0.400544 0.008580 0.024645 0.400615
6 0.101183 0.364414 0.008879 0.024701 0.417940
6 0.111823 0.405276 0.012503 0.033124 0.387596
6 0.207417 0.455677 0.010311 0.022680 0.414980
6 0.140523 0.366499 0.007669 0.021988 0.407059
6 0.126583 0.402206 0.009603 0.026930 0.404752
6 0.139217 0.444922 0.009562 0.026742 0.380974
6 0.114323 0.364499 0.007919 0.022696 0.398926
6 0.126900 0.364047 0.008235 0.020857 0.396082
6 0.207444 0.490503 0.009968 0.023884 0.389065
6 0.139714 0.403165 0.009298 0.023428 0.390225
6 0.193611 0.455480 0.009562 0.023224 0.395545
6 0.174834 0.459595 0.011444 0.025849 0.356694
6 0.193048 0.489788 0.010420 0.024517 0.361209
8 0.323142 0.329416 0.042687 0.055820 0.449202