0 0.876157 0.602854 0.107986 0.079499 0.534770
0 0.633652 0.597540 0.133951 0.179254 0.428308
0 0.486371 0.558676 0.022960 0.037699 0.442558
0 0.436466 0.554848 0.012908 0.049716 0.444362
1 0.874445 0.540078 0.250267 0.084037 0.639165
2 0.303905 0.538058 0.062113 0.059774 0.458326
2 0.459632 0.556576 0.036103 0.072876 0.421846
3 0.302680 0.747054 0.079954 0.232740 0.824870
3 0.187913 0.585757 0.027983 0.063119 0.660847
3 0.488899 0.716269 0.060349 0.179339 0.781220
3 0.408025 0.578304 0.017209 0.044057 0.581829
6 0.301028 0.661771 0.070235 0.254990 0.808636
6 0.489792 0.647243 0.063532 0.211313 0.802972
6 0.104268 0.615097 0.030396 0.139061 0.663006
6 0.262718 0.566821 0.013335 0.071867 0.649675
6 0.127818 0.607777 0.023121 0.128048 0.520762
6 0.145448 0.607662 0.026301 0.117649 0.466632
6 0.165393 0.543968 0.010382 0.051119 0.484225
6 0.408234 0.556533 0.017392 0.054221 0.395351
6 0.539254 0.531033 0.010547 0.026969 0.447352
6 0.420281 0.549956 0.010584 0.039338 0.359533
9 0.847044 0.684718 0.301181 0.198815 0.366742