0 0.467081 0.544293 0.098588 0.140821 0.678940
0 0.418776 0.492878 0.035883 0.043352 0.390863
0 0.379681 0.490347 0.027240 0.034314 0.441449
1 0.205919 0.435794 0.277846 0.497827 0.804525
1 0.532819 0.499276 0.037327 0.061434 0.430903
2 0.946566 0.518019 0.105429 0.105310 0.368023
3 0.601854 0.687227 0.121400 0.239502 0.777785
3 0.383977 0.613820 0.045125 0.145404 0.715798
3 0.763684 0.576821 0.081749 0.114508 0.654512
3 0.869647 0.538376 0.062708 0.073530 0.576587
3 0.712688 0.532004 0.038895 0.061562 0.586782
3 0.028638 0.638096 0.056417 0.171050 0.622100
3 0.557177 0.523282 0.028565 0.050239 0.513586
3 0.953871 0.563241 0.074281 0.082915 0.559298
3 0.961024 0.679900 0.077364 0.173175 0.706808
3 0.348962 0.517315 0.017158 0.077183 0.381711
6 0.974182 0.647345 0.051254 0.172092 0.768347
6 0.386405 0.564266 0.056434 0.163069 0.803329
6 0.760446 0.539593 0.034897 0.135569 0.685388
6 0.711366 0.518003 0.020760 0.082687 0.598253
6 0.582934 0.607894 0.081519 0.262993 0.773938
6 0.827536 0.503425 0.016633 0.082271 0.483058
6 0.636956 0.493327 0.013497 0.046000 0.458455
6 0.844361 0.492420 0.014075 0.058765 0.425091
6 0.858158 0.525588 0.032404 0.099061 0.569081
6 0.952221 0.517862 0.031264 0.080838 0.460437
6 0.812726 0.509195 0.014470 0.072884 0.419395