0 0.535044 0.554742 0.033722 0.054387 0.686187
1 0.513549 0.523668 0.024180 0.033798 0.351453
2 0.582319 0.559148 0.071195 0.139022 0.563934
2 0.716538 0.535416 0.122607 0.177075 0.589590
2 0.483879 0.530594 0.015025 0.045878 0.369433
3 0.808072 0.587228 0.025917 0.049368 0.577463
5 0.383391 0.517281 0.179306 0.418379 0.691188
6 0.301387 0.567028 0.015998 0.095784 0.641878
6 0.238602 0.550875 0.012893 0.072083 0.657246
6 0.707637 0.381454 0.035764 0.072846 0.727894
6 0.745576 0.385188 0.020288 0.047382 0.633352
6 0.476493 0.552882 0.011845 0.052020 0.463957
6 0.729841 0.401033 0.014953 0.042337 0.538967
6 0.287713 0.561386 0.010951 0.054494 0.359357
8 0.795303 0.346635 0.023492 0.141081 0.364659
9 0.806959 0.713673 0.382775 0.257020 0.410318