0 0.526183 0.561938 0.026590 0.042009 0.589539
0 0.750166 0.560421 0.050354 0.050917 0.683756
0 0.580102 0.560271 0.011799 0.014451 0.462425
1 0.385339 0.550965 0.138578 0.176443 0.801432
1 0.665792 0.538773 0.035216 0.052292 0.472393
2 0.866265 0.556744 0.076360 0.100902 0.493123
3 0.205535 0.722886 0.101029 0.212755 0.802947
3 0.808570 0.562411 0.018090 0.046837 0.677397
3 0.079703 0.605714 0.052495 0.059879 0.618582
3 0.230282 0.599570 0.038173 0.049196 0.488767
3 0.314623 0.592104 0.012311 0.057050 0.374456
3 0.484656 0.564605 0.012052 0.028031 0.379168
6 0.384820 0.571215 0.017043 0.048880 0.728988
6 0.194530 0.661618 0.090340 0.221089 0.650696
6 0.265450 0.581315 0.015379 0.071624 0.432689
6 0.225990 0.569560 0.011507 0.037916 0.409307
6 0.241510 0.585354 0.018421 0.069890 0.363618
9 0.790675 0.767113 0.413868 0.452019 0.672176