0 0.517777 0.541294 0.022048 0.047512 0.436580
0 0.474387 0.544254 0.016486 0.033828 0.350563
0 0.500861 0.550073 0.032424 0.055411 0.351589
1 0.844748 0.740584 0.309712 0.516164 0.661166
1 0.595347 0.550004 0.044395 0.075939 0.395344
3 0.376144 0.613977 0.033958 0.090568 0.636544
3 0.416423 0.687734 0.050799 0.156761 0.755179
3 0.324288 0.610690 0.046031 0.090457 0.598266
3 0.487297 0.588741 0.024421 0.067448 0.638764
3 0.650868 0.579281 0.040400 0.063028 0.460102
3 0.669029 0.708446 0.068358 0.191550 0.718523
3 0.628126 0.573664 0.021373 0.054823 0.437521
3 0.508976 0.556166 0.016027 0.043637 0.467965
6 0.417075 0.625219 0.054671 0.185314 0.707537
6 0.299482 0.429489 0.014574 0.034621 0.517226
6 0.282292 0.481683 0.017938 0.064960 0.517545
6 0.296188 0.495590 0.015144 0.036780 0.489527
6 0.131476 0.579621 0.021643 0.080416 0.465547
6 0.371167 0.438987 0.010371 0.025584 0.482953
6 0.310005 0.495253 0.015193 0.036255 0.487556
6 0.350742 0.439676 0.009505 0.027639 0.485413
6 0.448542 0.542467 0.018626 0.039887 0.440584
6 0.360162 0.438519 0.012585 0.027182 0.494997
6 0.283433 0.420076 0.021025 0.042483 0.449602
6 0.382524 0.427411 0.011905 0.037770 0.528730
6 0.338264 0.496438 0.015169 0.030919 0.462732
6 0.313997 0.431484 0.014259 0.032648 0.425481
6 0.367238 0.481461 0.017394 0.051776 0.422158
6 0.352424 0.496722 0.012204 0.028283 0.387459
6 0.349667 0.480652 0.016597 0.046115 0.417172
6 0.323323 0.496712 0.014191 0.032165 0.483539
6 0.383278 0.484911 0.014035 0.052618 0.414186
6 0.382149 0.496849 0.011359 0.029883 0.374992