0 0.271275 0.618324 0.160036 0.219988 0.619000
0 0.483798 0.550825 0.045545 0.062128 0.568188
0 0.747009 0.609603 0.133693 0.164547 0.563901
0 0.509634 0.544534 0.027447 0.045818 0.496013
0 0.672661 0.570098 0.072712 0.135230 0.420521
1 0.905422 0.568646 0.188424 0.433222 0.559380
1 0.432948 0.557171 0.044263 0.092856 0.380124
3 0.443242 0.601658 0.024828 0.063195 0.642772
3 0.788245 0.790980 0.135980 0.310945 0.713333
3 0.400348 0.621461 0.028665 0.071850 0.686298
5 0.588454 0.638362 0.133953 0.281340 0.431876
6 0.402746 0.576779 0.032062 0.116657 0.758025
6 0.774410 0.706762 0.074883 0.345717 0.698772
6 0.443548 0.570883 0.026460 0.098952 0.693275
8 0.311188 0.209951 0.031159 0.058679 0.384198
9 0.083105 0.696488 0.075717 0.260666 0.401762