0 0.415833 0.467630 0.024726 0.041748 0.567920
0 0.556889 0.468754 0.023599 0.047364 0.449617
1 0.392200 0.469167 0.026411 0.056595 0.392778
2 0.869245 0.471748 0.260429 0.611700 0.590879
2 0.356974 0.476856 0.041736 0.079640 0.369115
3 0.541320 0.627680 0.069888 0.247292 0.847352
3 0.032616 0.525496 0.053090 0.164066 0.757217
3 0.464286 0.484730 0.014538 0.046526 0.473406
3 0.650448 0.491008 0.020889 0.051245 0.642237
3 0.451827 0.472929 0.010095 0.028907 0.412111
3 0.474964 0.480723 0.009975 0.029815 0.375251
6 0.543071 0.551578 0.060328 0.213610 0.826406
6 0.323973 0.459797 0.012907 0.080073 0.474816
6 0.275652 0.458321 0.018057 0.089118 0.504752
6 0.466117 0.468471 0.018994 0.059709 0.537696
6 0.294195 0.458238 0.017264 0.085312 0.517035
6 0.437035 0.464544 0.007912 0.044523 0.494726
6 0.339814 0.460791 0.014323 0.068547 0.420970
9 0.739998 0.724893 0.514090 0.537999 0.541274