0 0.500382 0.613800 0.053527 0.081883 0.695365
0 0.537215 0.573205 0.014832 0.020940 0.532593
0 0.520919 0.588818 0.024822 0.047130 0.567045
0 0.468837 0.584636 0.025464 0.040747 0.607177
3 0.561640 0.654310 0.038905 0.108989 0.750853
3 0.754717 0.775842 0.091705 0.236746 0.771481
3 0.710203 0.694111 0.036850 0.107576 0.621944
3 0.620969 0.630593 0.025772 0.072112 0.722792
3 0.599062 0.603883 0.013380 0.037898 0.495985
6 0.956483 0.688158 0.032526 0.202292 0.788810
6 0.760710 0.697877 0.076678 0.247246 0.774229
6 0.714969 0.647969 0.034527 0.141581 0.736022
6 0.549510 0.584393 0.011414 0.040958 0.359326
9 0.245931 0.607447 0.486114 0.391967 0.507625