0 0.459569 0.567105 0.100017 0.154008 0.639251
0 0.530620 0.509605 0.058225 0.071697 0.639002
0 0.770844 0.591187 0.273220 0.311610 0.598946
0 0.450312 0.485367 0.031888 0.019406 0.358381
0 0.479778 0.487081 0.025435 0.033761 0.402292
3 0.392369 0.530585 0.020072 0.069151 0.677133
5 0.139005 0.731045 0.276516 0.531094 0.656825
6 0.332472 0.511829 0.024183 0.086431 0.631275
6 0.098692 0.471641 0.018774 0.026410 0.509623
6 0.041603 0.475267 0.028536 0.042452 0.454577
6 0.417334 0.504147 0.014371 0.059801 0.405157
6 0.393973 0.507397 0.020514 0.064176 0.437892