0 0.543060 0.538256 0.150056 0.138344 0.684908
0 0.211345 0.466819 0.082485 0.067916 0.406221
1 0.386812 0.425178 0.157947 0.167796 0.438704
2 0.314890 0.501940 0.096725 0.141859 0.571937
3 0.139242 0.474768 0.018030 0.054489 0.710754
3 0.033797 0.443413 0.010170 0.031476 0.558241
6 0.140160 0.456677 0.019732 0.067082 0.679663
6 0.204158 0.474731 0.019614 0.087993 0.627829
6 0.877586 0.522299 0.034638 0.168737 0.572789
6 0.460585 0.483392 0.018835 0.104312 0.503338
6 0.761006 0.516865 0.019287 0.059436 0.391700