0 0.235115 0.613199 0.116831 0.140844 0.762130
0 0.475848 0.551140 0.025913 0.046710 0.568605
1 0.594431 0.532169 0.050371 0.091629 0.686572
1 0.493419 0.531912 0.033706 0.062341 0.651507
3 0.314194 0.693289 0.063384 0.163189 0.815503
3 0.758460 0.589568 0.023159 0.053270 0.689575
3 0.421163 0.575556 0.017071 0.039620 0.692740
3 0.450154 0.553773 0.008190 0.023233 0.499341
3 0.345352 0.628077 0.028809 0.080370 0.599070
6 0.317669 0.630814 0.059281 0.179939 0.734525
6 0.343012 0.596745 0.033596 0.129269 0.592931
6 0.428595 0.552166 0.009470 0.044232 0.424038
6 0.440771 0.550120 0.006338 0.023215 0.447929
6 0.420782 0.558741 0.018336 0.057444 0.477040
6 0.177383 0.609622 0.030619 0.135070 0.379482
8 0.848491 0.499599 0.042979 0.119059 0.478942
9 0.707530 0.772964 0.382951 0.445647 0.518477