0 0.076966 0.550605 0.153792 0.219058 0.633484
0 0.199733 0.530578 0.148276 0.151602 0.547744
0 0.299194 0.538275 0.078927 0.101350 0.590135
2 0.505879 0.582997 0.068705 0.142423 0.439696
2 0.418448 0.574607 0.055047 0.126950 0.449181
3 0.454652 0.657358 0.040671 0.134950 0.772467
3 0.885458 0.649712 0.064618 0.158184 0.627728
3 0.554697 0.626302 0.034289 0.100514 0.647043
3 0.724946 0.618975 0.055602 0.124282 0.498078
3 0.633523 0.563059 0.017383 0.054971 0.411364
3 0.349682 0.545009 0.025522 0.055456 0.372852
3 0.772128 0.623113 0.047815 0.121567 0.369278
6 0.454290 0.609951 0.043923 0.155356 0.782236
6 0.073810 0.171496 0.029021 0.063238 0.584447
6 0.820092 0.663504 0.040799 0.256181 0.540458
6 0.269256 0.484023 0.014117 0.049412 0.536228
6 0.598503 0.550233 0.013881 0.063258 0.479454
6 0.715567 0.562952 0.016104 0.047483 0.408344
6 0.553393 0.586496 0.035972 0.115252 0.526984
8 0.444181 0.458435 0.014418 0.034639 0.403390
8 0.083244 0.359854 0.031388 0.083358 0.353835
9 0.161077 0.760249 0.318417 0.378268 0.665371