0 0.499648 0.656375 0.213462 0.311321 0.682365
0 0.153347 0.782593 0.306239 0.432809 0.718411
0 0.821404 0.747286 0.356843 0.461998 0.706765
0 0.381524 0.522037 0.059177 0.089718 0.497719
0 0.289340 0.561697 0.147265 0.188121 0.427869
0 0.522558 0.486611 0.029881 0.037587 0.387582
1 0.626162 0.524875 0.114573 0.175531 0.419046
3 0.694933 0.500727 0.020951 0.036661 0.464468
3 0.420659 0.495503 0.021447 0.059402 0.462948
6 0.204321 0.554491 0.038727 0.172447 0.480346
6 0.148635 0.539516 0.057439 0.137255 0.427802
7 0.321869 0.393933 0.008128 0.031442 0.467282
7 0.781856 0.431337 0.007191 0.024604 0.447213