0 0.387363 0.571812 0.076669 0.111944 0.661596
0 0.597166 0.543868 0.032235 0.075756 0.516951
0 0.619945 0.538410 0.018673 0.036238 0.471364
0 0.422642 0.534795 0.025201 0.060077 0.396320
1 0.508788 0.505535 0.151584 0.302197 0.740079
1 0.265534 0.541004 0.108000 0.173268 0.466851
2 0.787180 0.513960 0.307508 0.400074 0.621704
3 0.644167 0.674268 0.069670 0.158637 0.803196
3 0.909869 0.803314 0.149244 0.268941 0.742247
3 0.144232 0.633926 0.068190 0.161448 0.693273
5 0.232982 0.584130 0.083840 0.149979 0.382078
6 0.028568 0.641988 0.056505 0.218032 0.737902
6 0.910508 0.696111 0.108686 0.299515 0.757228
6 0.637935 0.614914 0.056275 0.172929 0.715315
9 0.119572 0.580430 0.158489 0.137697 0.493710