0 0.632490 0.570471 0.208132 0.270907 0.727886
0 0.403085 0.471934 0.079409 0.122993 0.588871
0 0.462561 0.442262 0.035098 0.053092 0.563802
0 0.316677 0.456397 0.066250 0.114414 0.435376
0 0.839547 0.462509 0.076606 0.044323 0.368721
0 0.366456 0.434157 0.015374 0.037066 0.389500
1 0.769652 0.421420 0.122781 0.082069 0.784715
1 0.386251 0.406905 0.026640 0.030185 0.401039
1 0.463798 0.402165 0.026255 0.034410 0.360943
3 0.169201 0.534670 0.072043 0.143137 0.854333
6 0.170700 0.496846 0.052024 0.156974 0.660362
6 0.187479 0.483032 0.033815 0.133363 0.415380
8 0.873029 0.186066 0.253128 0.202875 0.356076
9 0.736951 0.629539 0.521463 0.428110 0.434237