0 0.349522 0.546439 0.037647 0.047517 0.624296
0 0.475735 0.526622 0.027897 0.035592 0.628331
0 0.432350 0.527266 0.029158 0.042714 0.490723
0 0.687271 0.562174 0.119462 0.110161 0.588574
0 0.733342 0.507735 0.040570 0.039525 0.529434
0 0.274750 0.545414 0.022178 0.036963 0.505274
0 0.647040 0.516288 0.030087 0.042067 0.441655
0 0.412623 0.530026 0.014411 0.031712 0.428631
2 0.918153 0.490840 0.095705 0.133824 0.637041
2 0.109303 0.578656 0.045932 0.079333 0.452022
3 0.526700 0.528409 0.022752 0.042018 0.657976
3 0.238578 0.571695 0.023423 0.051049 0.634461
3 0.290137 0.576937 0.024398 0.063478 0.754818
3 0.214219 0.562602 0.014944 0.034698 0.461239
3 0.899342 0.532488 0.032898 0.087081 0.715141
3 0.175073 0.636136 0.033485 0.088090 0.466712
6 0.050231 0.588115 0.023334 0.093234 0.571986
6 0.213188 0.549064 0.013811 0.056765 0.618167
6 0.176841 0.592396 0.034066 0.107563 0.652096
6 0.039134 0.578712 0.014117 0.081907 0.561189
6 0.057019 0.577999 0.012459 0.073858 0.482484
6 0.193338 0.550820 0.011556 0.047872 0.475118
8 0.168792 0.506536 0.045335 0.041009 0.364552
9 0.943432 0.668604 0.109333 0.149955 0.414108