0 0.177832 0.657307 0.331615 0.400693 0.585298
1 0.433206 0.560123 0.193550 0.490767 0.739781
2 0.051193 0.519898 0.102066 0.325799 0.386331
3 0.547041 0.619804 0.041289 0.131673 0.598755
3 0.039392 0.889353 0.078425 0.219541 0.374402
6 0.578454 0.519171 0.025868 0.098940 0.479465
7 0.069989 0.330979 0.016899 0.073401 0.532480
7 0.097925 0.287299 0.014069 0.058199 0.534707
8 0.845417 0.351677 0.025055 0.045658 0.431115
8 0.251049 0.301773 0.024727 0.048905 0.440194
9 0.788455 0.767314 0.418587 0.456495 0.738375