1 0.706308 0.561173 0.063458 0.077828 0.421261
3 0.728417 0.599767 0.026351 0.078262 0.718898
3 0.823270 0.685445 0.064722 0.170171 0.768696
3 0.785384 0.566706 0.016310 0.057554 0.468139
3 0.536764 0.578104 0.018871 0.037816 0.456017
3 0.567259 0.568343 0.025497 0.044630 0.412028
3 0.294617 0.664200 0.089179 0.129286 0.505809
3 0.587756 0.569502 0.041472 0.049194 0.450436
3 0.748917 0.563341 0.017685 0.040364 0.415590
3 0.989544 0.847984 0.020636 0.205915 0.367804
3 0.349760 0.637457 0.061950 0.085303 0.383140
3 0.365286 0.637084 0.031502 0.080316 0.380378
3 0.225997 0.686734 0.136944 0.154435 0.649404
5 0.467427 0.593353 0.058535 0.125585 0.479593
6 0.149740 0.629818 0.033222 0.187884 0.707159
6 0.961252 0.653532 0.030270 0.226132 0.722072
6 0.366219 0.609160 0.022741 0.127448 0.575325
6 0.535814 0.562008 0.016715 0.065624 0.540480
6 0.986079 0.620620 0.027614 0.195597 0.613767
6 0.430908 0.565999 0.011330 0.056493 0.581584
6 0.774361 0.563301 0.012640 0.054430 0.500164
6 0.847872 0.557559 0.020365 0.051918 0.390124
6 0.823681 0.586699 0.053404 0.091096 0.425888
9 0.657279 0.785042 0.160136 0.409691 0.799269