0 0.614541 0.546450 0.089139 0.123427 0.578588
0 0.964441 0.920454 0.070600 0.157613 0.502927
0 0.674464 0.511550 0.045530 0.065595 0.476066
0 0.639659 0.498685 0.027941 0.037327 0.390773
0 0.541826 0.512595 0.025244 0.062688 0.350731
0 0.448028 0.543299 0.013064 0.094131 0.386946
1 0.467381 0.462580 0.047289 0.124788 0.579302
2 0.820843 0.541853 0.273420 0.504265 0.716320
2 0.251300 0.458561 0.401206 0.797495 0.720883
2 0.648650 0.476779 0.032206 0.037305 0.387145
3 0.475211 0.549581 0.022447 0.051720 0.572176
3 0.537668 0.525500 0.015997 0.044546 0.460075
6 0.476431 0.520293 0.026320 0.088324 0.660220
6 0.515836 0.520045 0.020034 0.101023 0.473352
6 0.537312 0.502396 0.016241 0.057598 0.398800