0 0.054622 0.731831 0.109107 0.267347 0.590465
2 0.463169 0.617881 0.119016 0.274031 0.685638
2 0.549596 0.585032 0.018355 0.036147 0.356946
3 0.185697 0.664991 0.058433 0.102045 0.610224
3 0.277406 0.678545 0.043534 0.121453 0.544051
3 0.541916 0.645541 0.027463 0.063406 0.627820
3 0.571381 0.616985 0.016705 0.048742 0.690272
3 0.310022 0.686988 0.029935 0.096014 0.589190
3 0.338970 0.618379 0.052659 0.094558 0.444995
3 0.733746 0.621638 0.034440 0.078531 0.463122
3 0.582163 0.579818 0.008951 0.023365 0.354183
3 0.754238 0.657110 0.020707 0.086167 0.418092
6 0.243162 0.632428 0.025842 0.121420 0.662130
6 0.973496 0.733203 0.052544 0.124597 0.717911
6 0.818162 0.684029 0.027280 0.081182 0.649988
6 0.882446 0.582331 0.030090 0.141721 0.529936
6 0.392292 0.636231 0.027176 0.092579 0.417179
6 0.012018 0.337923 0.023680 0.118348 0.468684
6 0.183084 0.634146 0.016834 0.043912 0.395890
9 0.806322 0.786362 0.381760 0.418135 0.558413