0 0.642164 0.761225 0.350046 0.475674 0.672911
1 0.851561 0.458929 0.125658 0.128171 0.434579
6 0.493200 0.602501 0.059510 0.187279 0.642846
6 0.543341 0.836794 0.199877 0.324945 0.717462
6 0.428305 0.772264 0.167821 0.453939 0.689624
6 0.240528 0.102382 0.052964 0.189026 0.544273
6 0.238597 0.481396 0.022838 0.088260 0.627193
6 0.296611 0.762886 0.101612 0.470698 0.673503
6 0.236154 0.376877 0.025514 0.087977 0.610732
6 0.587060 0.453081 0.027186 0.057701 0.594632
6 0.017287 0.601148 0.034320 0.170770 0.529487
6 0.910032 0.745667 0.120403 0.506886 0.669373
6 0.298832 0.409787 0.022054 0.078667 0.588976
6 0.271449 0.489319 0.019164 0.085247 0.604269
6 0.271413 0.393779 0.023262 0.089374 0.616585
6 0.351639 0.213036 0.029565 0.131158 0.544738
6 0.300508 0.492053 0.019810 0.076564 0.577207
6 0.295063 0.317510 0.021749 0.088477 0.578686
6 0.342437 0.500090 0.013436 0.069725 0.557474
6 0.266967 0.300984 0.026154 0.092501 0.603876
6 0.341700 0.420044 0.015862 0.075842 0.558381
6 0.234870 0.594867 0.032109 0.088243 0.551009
6 0.353697 0.781650 0.088967 0.434555 0.552647
6 0.856505 0.705746 0.056320 0.405014 0.571582
6 0.322270 0.416997 0.025471 0.076525 0.552046
6 0.320053 0.332863 0.019845 0.080001 0.550016
6 0.358119 0.429252 0.010096 0.067428 0.542502
6 0.272990 0.577686 0.021110 0.066492 0.551276
6 0.357670 0.500834 0.009682 0.061450 0.534997
6 0.358944 0.356745 0.013477 0.073323 0.551079
6 0.339662 0.339620 0.009595 0.065561 0.469681
6 0.233595 0.277042 0.026525 0.089656 0.482086
6 0.323171 0.494547 0.015581 0.076690 0.578281
6 0.802634 0.687904 0.034361 0.317059 0.430792
6 0.298438 0.164051 0.050172 0.157224 0.400391
6 0.982072 0.670588 0.035546 0.271244 0.426716