0 0.440549 0.744686 0.261051 0.385922 0.739917
0 0.322676 0.576983 0.124476 0.126156 0.619320
0 0.478982 0.588935 0.147973 0.169483 0.583808
0 0.055868 0.604864 0.111351 0.219355 0.574050
1 0.171809 0.536372 0.104967 0.087344 0.358599
3 0.615573 0.566745 0.041522 0.059986 0.725474
3 0.891228 0.647257 0.071389 0.157249 0.755348
3 0.028292 0.859222 0.056279 0.280009 0.512470
3 0.244590 0.635401 0.080149 0.156633 0.441637
3 0.704896 0.565437 0.041661 0.109416 0.446460
3 0.055442 0.676405 0.061340 0.162953 0.403666
6 0.619435 0.550309 0.019882 0.064629 0.714216
6 0.178540 0.783900 0.196894 0.429526 0.659966
6 0.365769 0.528314 0.015814 0.033885 0.501288
6 0.237180 0.540928 0.025554 0.108150 0.465136
6 0.394576 0.533678 0.013383 0.040212 0.501784
6 0.384686 0.532709 0.024957 0.044607 0.482110
6 0.120509 0.557074 0.043146 0.123926 0.370273
6 0.733317 0.572915 0.024166 0.111088 0.563408
6 0.252718 0.558168 0.046792 0.126643 0.398069
8 0.829212 0.366349 0.027913 0.062092 0.388259
9 0.567991 0.529005 0.070729 0.032290 0.373926