0 0.903975 0.671140 0.191485 0.264282 0.635663
0 0.540274 0.540459 0.031198 0.043122 0.466868
1 0.522276 0.506620 0.039347 0.071138 0.559477
1 0.297493 0.506505 0.061472 0.103164 0.445038
1 0.579218 0.512917 0.025589 0.055194 0.421470
2 0.127541 0.596486 0.253799 0.361498 0.366669
3 0.347003 0.725619 0.078969 0.246342 0.853229
3 0.545031 0.666018 0.055686 0.134811 0.755745
3 0.519821 0.585493 0.031877 0.051756 0.432020
5 0.761264 0.707459 0.267428 0.407004 0.630408
6 0.236544 0.618057 0.042101 0.154889 0.767121
6 0.479940 0.647252 0.038172 0.244671 0.732535
6 0.449273 0.649549 0.034613 0.246096 0.724328
6 0.515745 0.563238 0.025804 0.073502 0.481928