0 0.791348 0.566682 0.164560 0.201187 0.680067
0 0.679336 0.492338 0.069142 0.087909 0.592765
0 0.512399 0.444287 0.018590 0.031436 0.521183
0 0.573384 0.452181 0.018501 0.044379 0.472605
0 0.501673 0.435586 0.008822 0.015561 0.397146
0 0.471351 0.443051 0.013148 0.024739 0.365939
1 0.621501 0.438557 0.080885 0.108245 0.750219
1 0.557461 0.431720 0.015230 0.029824 0.401524
3 0.928788 0.584330 0.078755 0.137006 0.772581
3 0.389797 0.508829 0.021563 0.043994 0.515643
3 0.488253 0.444781 0.006104 0.020337 0.356324
3 0.518794 0.451969 0.005841 0.019442 0.382898
5 0.365491 0.557811 0.044981 0.118662 0.448161
6 0.368589 0.513198 0.045847 0.140971 0.743161
6 0.925666 0.535454 0.040952 0.149061 0.777861
6 0.041861 0.295501 0.026354 0.076500 0.532121
6 0.308874 0.479624 0.025501 0.078479 0.696543
6 0.398596 0.480883 0.014559 0.073358 0.476732
9 0.734291 0.721870 0.407347 0.543911 0.419929