0 0.126130 0.705937 0.252065 0.405375 0.680857
0 0.388708 0.548202 0.026151 0.040125 0.576476
0 0.619765 0.564874 0.083441 0.073041 0.542011
0 0.444642 0.528490 0.016051 0.025082 0.403830
0 0.458152 0.529695 0.018335 0.025988 0.386782
0 0.480109 0.535019 0.012899 0.027155 0.364457
1 0.509805 0.531077 0.037298 0.055826 0.529564
3 0.890815 0.649130 0.105360 0.145026 0.572832
3 0.287185 0.590067 0.091051 0.105777 0.706717
3 0.724313 0.607003 0.064866 0.067878 0.534802
3 0.958001 0.620975 0.082901 0.101439 0.473112
3 0.658794 0.582205 0.054681 0.062770 0.497919
3 0.840526 0.619375 0.089178 0.147882 0.396782
6 0.805772 0.625209 0.029291 0.186783 0.822424
8 0.639252 0.447382 0.026970 0.038962 0.362081
8 0.296813 0.426075 0.037775 0.038265 0.364203