0 0.414861 0.633952 0.087182 0.112200 0.672795
0 0.523695 0.631836 0.062075 0.095041 0.671789
0 0.608225 0.612960 0.051421 0.085999 0.654684
0 0.505516 0.585003 0.013347 0.027296 0.354277
0 0.477152 0.591624 0.026191 0.042573 0.434690
3 0.725144 0.717954 0.060616 0.177565 0.756800
3 0.572408 0.651432 0.032409 0.096867 0.765732
3 0.825273 0.656415 0.050951 0.077666 0.435007
6 0.771487 0.652302 0.023569 0.124204 0.743401
6 0.484634 0.590466 0.010327 0.045528 0.550970
6 0.754272 0.641955 0.018601 0.095608 0.589988
6 0.704439 0.630336 0.021437 0.087637 0.659936
6 0.468802 0.593844 0.008129 0.042799 0.386280
6 0.737160 0.602858 0.014433 0.043920 0.539672