2 0.436826 0.517126 0.117108 0.202799 0.522793
3 0.500671 0.742943 0.072229 0.229671 0.769745
3 0.608468 0.656128 0.049725 0.143040 0.748504
3 0.391839 0.717819 0.063078 0.159882 0.805201
3 0.209787 0.877250 0.229662 0.243328 0.692790
3 0.304605 0.622332 0.048250 0.116820 0.554609
3 0.467359 0.634848 0.026223 0.111551 0.594232
3 0.555755 0.566316 0.016594 0.063358 0.438595
3 0.256724 0.616558 0.050768 0.095671 0.456204
3 0.341450 0.625122 0.031985 0.083431 0.555161
3 0.539758 0.601869 0.029919 0.084739 0.614998
6 0.717339 0.651836 0.035985 0.275241 0.744744
6 0.237113 0.775851 0.170835 0.445539 0.803305
6 0.825699 0.652176 0.051201 0.326443 0.709765
6 0.028912 0.699431 0.057116 0.322614 0.749699
6 0.393630 0.646513 0.066135 0.222721 0.680181
6 0.501908 0.654657 0.075801 0.250597 0.737198
6 0.666258 0.557235 0.016133 0.128143 0.600106
6 0.473752 0.600674 0.037325 0.148772 0.511791
6 0.788770 0.529909 0.038773 0.077479 0.358505
6 0.298139 0.554502 0.030942 0.049897 0.443185
6 0.770946 0.528739 0.023992 0.075425 0.360838
6 0.536837 0.573832 0.027273 0.096293 0.455155
6 0.407828 0.474808 0.015720 0.083956 0.354981
6 0.397553 0.558542 0.039535 0.061669 0.427906
6 0.160556 0.571483 0.022784 0.177651 0.416595