0 0.736974 0.791405 0.525642 0.415197 0.802186
1 0.462338 0.653706 0.115665 0.233384 0.606740
3 0.566638 0.614668 0.025481 0.055336 0.612644
3 0.294755 0.629293 0.052411 0.092836 0.605959
3 0.803815 0.567343 0.013829 0.035194 0.543595
3 0.035083 0.655400 0.069725 0.097949 0.437617
3 0.767012 0.569207 0.018790 0.030766 0.416598
3 0.118006 0.654644 0.055598 0.113114 0.369855
6 0.378945 0.610519 0.026909 0.127154 0.721152
6 0.198281 0.646142 0.038475 0.127923 0.658635
6 0.075439 0.652537 0.044348 0.134299 0.682450
6 0.153399 0.621760 0.027091 0.135890 0.646182
6 0.173766 0.191865 0.050924 0.120464 0.532507
6 0.154634 0.188753 0.069688 0.129832 0.507367
6 0.803147 0.555598 0.016580 0.055417 0.599628
6 0.103824 0.593295 0.021803 0.078908 0.565343
6 0.750271 0.562572 0.027789 0.054029 0.621239
6 0.564223 0.582902 0.026113 0.094916 0.581926
6 0.617907 0.605613 0.030392 0.145054 0.395790
6 0.172583 0.615645 0.024396 0.120769 0.490031
8 0.436120 0.363218 0.014125 0.046426 0.382251