0 0.185534 0.566975 0.099741 0.092123 0.522726
3 0.113562 0.773337 0.198841 0.304066 0.664265
3 0.651087 0.651020 0.118587 0.155999 0.700995
3 0.960465 0.644153 0.078316 0.198403 0.693012
3 0.399742 0.558341 0.024078 0.049666 0.576459
3 0.371436 0.591898 0.018397 0.044878 0.644443
3 0.268158 0.669464 0.047299 0.130829 0.486347
3 0.217431 0.741772 0.099683 0.184403 0.373856
3 0.594754 0.628933 0.059114 0.116266 0.432215
6 0.108144 0.765530 0.097299 0.324482 0.756745
6 0.328367 0.598311 0.021397 0.113980 0.681233
6 0.222763 0.720571 0.039418 0.305647 0.763404
6 0.337046 0.579467 0.012836 0.080761 0.563973
6 0.369733 0.567713 0.020608 0.068417 0.524543
6 0.291358 0.575858 0.026256 0.075085 0.503709
6 0.213846 0.408569 0.012049 0.032544 0.352787
6 0.180676 0.708990 0.071711 0.291655 0.468857