0 0.852274 0.764427 0.295090 0.469336 0.752251
0 0.434162 0.497263 0.084472 0.123320 0.670569
0 0.531214 0.475501 0.057943 0.080454 0.682063
0 0.669861 0.465002 0.049118 0.052686 0.639253
0 0.750001 0.486455 0.081954 0.069504 0.619377
0 0.500049 0.447423 0.026792 0.042715 0.583328
0 0.259770 0.419658 0.034349 0.022292 0.384410
0 0.449093 0.435875 0.032639 0.045059 0.353056
0 0.814307 0.500862 0.025273 0.053724 0.372494
0 0.526558 0.427469 0.023142 0.018498 0.366114
1 0.443820 0.397252 0.037262 0.076245 0.436779
2 0.484844 0.420624 0.025852 0.074082 0.452805
6 0.304160 0.328332 0.015486 0.083861 0.387037
9 0.197076 0.637162 0.390919 0.358165 0.414111