0 0.589588 0.654416 0.226673 0.216889 0.357863
1 0.394584 0.529420 0.063465 0.092826 0.407095
3 0.342185 0.722619 0.070460 0.178105 0.642067
3 0.514067 0.746213 0.062653 0.150822 0.461206
3 0.226470 0.670465 0.063448 0.199024 0.622981
3 0.262264 0.654257 0.055384 0.141119 0.606329
3 0.408397 0.673830 0.050883 0.163956 0.351995
5 0.753542 0.747383 0.321273 0.439449 0.640334
6 0.282413 0.560495 0.022589 0.121044 0.745494
6 0.310133 0.604709 0.025759 0.142112 0.656250
6 0.463680 0.716267 0.098476 0.345048 0.653405
6 0.186064 0.622044 0.054354 0.298837 0.484678
6 0.347556 0.542584 0.020589 0.040124 0.563616
6 0.033943 0.856923 0.067605 0.283999 0.556907
6 0.693424 0.699727 0.093355 0.267078 0.460647
6 0.366460 0.613415 0.034529 0.166879 0.535938
6 0.378780 0.603323 0.026759 0.168921 0.533248
6 0.767195 0.718905 0.061887 0.222282 0.360202
6 0.499477 0.623875 0.044965 0.156374 0.410101
9 0.087550 0.522671 0.163805 0.333338 0.386720