0 0.527642 0.550591 0.017021 0.025774 0.631868
0 0.567253 0.555867 0.021321 0.032320 0.588087
0 0.985657 0.614849 0.028574 0.062061 0.594150
0 0.624652 0.555466 0.015771 0.022015 0.560195
2 0.440867 0.523566 0.061187 0.127007 0.580963
2 0.910715 0.574676 0.178051 0.121052 0.583878
2 0.292562 0.543247 0.156432 0.126140 0.486266
2 0.365270 0.520673 0.067584 0.118619 0.492823
2 0.602374 0.565153 0.039207 0.065143 0.486818
2 0.479072 0.539358 0.018112 0.043132 0.355557
9 0.809713 0.662129 0.375754 0.216241 0.465704