0 0.470144 0.560763 0.045272 0.100430 0.364971
0 0.420698 0.522423 0.020219 0.037838 0.352891
3 0.534262 0.617698 0.036103 0.122059 0.736702
3 0.105263 0.870883 0.167509 0.256713 0.432657
3 0.372283 0.582332 0.034098 0.080224 0.449293
3 0.412604 0.572985 0.016306 0.052127 0.447140
3 0.430513 0.606343 0.026125 0.069642 0.439796
5 0.615077 0.622827 0.136999 0.273711 0.697311
6 0.143462 0.789498 0.151706 0.418561 0.801945
6 0.429945 0.570989 0.029630 0.091588 0.684055
6 0.043001 0.782933 0.085626 0.430813 0.534021
6 0.509185 0.534271 0.009164 0.046598 0.391785
6 0.302726 0.571960 0.014030 0.088003 0.449023
6 0.293172 0.573551 0.011980 0.102148 0.445587
6 0.332972 0.575040 0.019864 0.092998 0.553552
6 0.316064 0.566364 0.010391 0.057125 0.370962
9 0.118332 0.728695 0.198243 0.127889 0.354464