0 0.599626 0.535889 0.039879 0.039414 0.542882
0 0.547496 0.535801 0.015829 0.035719 0.392482
2 0.465198 0.587029 0.133402 0.262379 0.661884
3 0.567803 0.564319 0.014427 0.052046 0.573440
3 0.282326 0.760042 0.073633 0.180084 0.723149
3 0.536045 0.561354 0.011488 0.041989 0.477377
3 0.342916 0.584500 0.046102 0.066537 0.488969
3 0.553787 0.548850 0.011475 0.032739 0.405392
3 0.090869 0.712760 0.180519 0.227788 0.417734
6 0.691129 0.755796 0.131413 0.422487 0.806896
6 0.502794 0.488173 0.034358 0.142177 0.767708
6 0.290947 0.646961 0.076119 0.252710 0.825513
6 0.755081 0.583861 0.067597 0.149056 0.630828
6 0.467985 0.485091 0.041185 0.149174 0.741982
6 0.104845 0.735894 0.082143 0.342606 0.628919
6 0.081024 0.590229 0.028547 0.118106 0.494969
6 0.733426 0.605763 0.025945 0.058470 0.384902
6 0.654091 0.573520 0.031123 0.089259 0.504265
6 0.144709 0.576041 0.036177 0.086979 0.402595
6 0.095807 0.550900 0.015436 0.045122 0.381775
6 0.117627 0.592859 0.041368 0.145493 0.381507