0 0.147057 0.773639 0.293373 0.450318 0.730083
1 0.245494 0.430017 0.202245 0.361629 0.799016
1 0.472648 0.383307 0.175535 0.092117 0.730165
2 0.814999 0.650868 0.369087 0.694989 0.444620
3 0.575949 0.886191 0.144634 0.225044 0.368913
5 0.445071 0.650156 0.199726 0.473252 0.435137
6 0.196606 0.534511 0.077339 0.187683 0.678083
6 0.569664 0.715760 0.181633 0.566850 0.849768
6 0.360984 0.439367 0.021425 0.058270 0.545342
6 0.105000 0.491520 0.066710 0.116883 0.569550
6 0.648466 0.434835 0.013814 0.029334 0.472362
6 0.126527 0.467798 0.024964 0.080820 0.481780
6 0.023801 0.491042 0.047488 0.092232 0.462832
6 0.079615 0.466960 0.025910 0.073735 0.403263
6 0.113506 0.466219 0.025144 0.070216 0.360178