0 0.623631 0.601616 0.093670 0.137173 0.762431
0 0.885850 0.593746 0.121839 0.122728 0.739189
0 0.529949 0.532822 0.017108 0.024589 0.367677
1 0.565816 0.521200 0.055742 0.100125 0.681196
1 0.290628 0.571683 0.134131 0.244725 0.693954
1 0.621890 0.515925 0.019636 0.035640 0.451697
1 0.600137 0.520889 0.016287 0.042677 0.357374
3 0.500158 0.544147 0.007978 0.020665 0.553080
3 0.511427 0.536658 0.006983 0.020357 0.358589
3 0.520745 0.543344 0.007547 0.018994 0.388743
9 0.832408 0.667803 0.330303 0.170366 0.404059