2 0.533989 0.550003 0.030876 0.064827 0.438761
3 0.491560 0.691959 0.053320 0.147929 0.774289
3 0.795939 0.644254 0.056348 0.130008 0.413387
3 0.439801 0.578901 0.034625 0.081759 0.475051
3 0.952279 0.821932 0.094902 0.248384 0.586113
3 0.716620 0.596767 0.026542 0.059852 0.425697
3 0.766285 0.628407 0.035799 0.100972 0.394387
3 0.462421 0.564582 0.016047 0.057277 0.350691
5 0.606345 0.587690 0.070222 0.138163 0.480956
6 0.740637 0.621215 0.031124 0.143797 0.821489
6 0.028990 0.772629 0.057698 0.451708 0.786941
6 0.492042 0.629836 0.055466 0.191628 0.759917
6 0.677984 0.602684 0.033345 0.114494 0.645064
6 0.650039 0.585244 0.013651 0.063510 0.608342
6 0.964471 0.692962 0.070271 0.214908 0.434139