0 0.237622 0.572490 0.066465 0.077264 0.422073
2 0.897315 0.759049 0.204748 0.480198 0.512255
2 0.473656 0.571545 0.040644 0.096684 0.389704
2 0.331768 0.583368 0.053942 0.136114 0.399962
2 0.569570 0.579513 0.032365 0.114907 0.353087
3 0.522028 0.688207 0.052616 0.151981 0.766560
3 0.282428 0.634768 0.055330 0.132665 0.568980
3 0.118674 0.772783 0.083581 0.273916 0.361453
3 0.770029 0.603052 0.015488 0.066137 0.400902
3 0.802221 0.643205 0.023337 0.107394 0.380104
5 0.676464 0.655504 0.136033 0.288443 0.614189
5 0.405048 0.634850 0.107866 0.232453 0.516038
6 0.521891 0.628370 0.052867 0.180710 0.833709
6 0.596661 0.556078 0.012417 0.050647 0.633969
6 0.783636 0.586236 0.020996 0.066189 0.456374
6 0.805064 0.578082 0.024918 0.071803 0.390138
6 0.805193 0.611925 0.025650 0.139820 0.357649
6 0.783695 0.617412 0.022653 0.128914 0.352230