0 0.706186 0.613700 0.126872 0.136620 0.737853
0 0.548696 0.560828 0.053204 0.069705 0.701741
0 0.501530 0.540829 0.035003 0.050509 0.625365
0 0.134393 0.598324 0.045144 0.125748 0.620108
0 0.491130 0.527751 0.018835 0.028593 0.389992
0 0.362959 0.648520 0.140239 0.220782 0.767991
1 0.057857 0.555290 0.115381 0.669691 0.688173
2 0.885137 0.642254 0.228722 0.597026 0.734456
2 0.350001 0.516577 0.054663 0.075902 0.397482
2 0.422052 0.528988 0.024309 0.039405 0.377549
3 0.395969 0.526695 0.020164 0.030807 0.510328
6 0.308197 0.536940 0.008124 0.048493 0.699291
6 0.321841 0.534166 0.006053 0.042091 0.382598
9 0.668065 0.756893 0.453232 0.473677 0.594702