0 0.321245 0.521470 0.124339 0.159939 0.680910
0 0.467407 0.463324 0.040450 0.059975 0.668849
0 0.536497 0.438830 0.013160 0.018025 0.375448
0 0.731538 0.452648 0.036714 0.038044 0.378980
1 0.435994 0.424999 0.037793 0.073141 0.586159
2 0.593588 0.427479 0.062840 0.103890 0.532899
3 0.404458 0.470295 0.014570 0.038055 0.694022
3 0.976526 0.550252 0.046591 0.099724 0.724178
6 0.982983 0.517920 0.033699 0.127326 0.732502
6 0.447924 0.448018 0.008892 0.041647 0.458379
6 0.513136 0.438265 0.008149 0.027774 0.382157
8 0.158468 0.383971 0.054868 0.043216 0.369282
9 0.739736 0.712534 0.513499 0.564174 0.635097