0 0.212860 0.561149 0.098428 0.072962 0.418256
3 0.610635 0.675180 0.058496 0.155327 0.798795
3 0.669238 0.590242 0.055768 0.083975 0.668514
3 0.555162 0.554913 0.023942 0.046112 0.569112
3 0.953816 0.885468 0.091530 0.227421 0.527122
6 0.206689 0.641474 0.027263 0.117484 0.534867
6 0.924635 0.772734 0.091537 0.451503 0.676335
6 0.970543 0.784273 0.058562 0.426494 0.455015
6 0.612323 0.610370 0.054890 0.154458 0.565039
6 0.863596 0.524904 0.027331 0.069141 0.515208
6 0.474859 0.554684 0.018074 0.074939 0.386062
6 0.231999 0.631856 0.026006 0.105786 0.424179
6 0.492598 0.548092 0.012630 0.058729 0.390905
6 0.644601 0.567492 0.017336 0.079466 0.387094
6 0.395966 0.593135 0.029354 0.106369 0.358685
6 0.105335 0.602093 0.029188 0.089068 0.450389
6 0.361332 0.590163 0.027786 0.107534 0.358946
6 0.658019 0.541747 0.011124 0.060167 0.353528
6 0.843613 0.525616 0.021781 0.056084 0.386842