0 0.253805 0.590483 0.152146 0.143032 0.762059
0 0.483258 0.627230 0.221840 0.232424 0.725471
0 0.744040 0.511030 0.019766 0.036682 0.442427
3 0.728251 0.525354 0.016824 0.049475 0.557173
3 0.385154 0.613354 0.057678 0.131367 0.485018
6 0.650546 0.534937 0.015104 0.094408 0.710145
6 0.617021 0.518233 0.007826 0.034932 0.416693
6 0.378613 0.567456 0.041946 0.110453 0.359811
7 0.077006 0.432623 0.028581 0.061174 0.583924
8 0.661893 0.400372 0.021856 0.051853 0.376261
8 0.589865 0.405659 0.014213 0.032052 0.353368
9 0.888302 0.597906 0.220971 0.132672 0.396287