0 0.899814 0.680781 0.199846 0.460599 0.796670
0 0.563939 0.433409 0.025937 0.046285 0.482080
0 0.592458 0.423159 0.019117 0.036421 0.431449
2 0.714909 0.450006 0.079017 0.116412 0.391993
3 0.684635 0.500502 0.032975 0.081675 0.703506
3 0.549998 0.468212 0.021504 0.055180 0.678752
3 0.616820 0.463781 0.018635 0.049649 0.618071
3 0.767260 0.435074 0.021260 0.049774 0.498156
3 0.487892 0.470789 0.028853 0.062934 0.459631
6 0.684758 0.472108 0.030378 0.099095 0.688419
6 0.492603 0.432725 0.010363 0.039830 0.487983
6 0.604694 0.430962 0.009989 0.042405 0.367795
9 0.239119 0.692578 0.473315 0.582723 0.453032