0 0.825115 0.634185 0.182724 0.183175 0.705348
0 0.601416 0.544743 0.028397 0.034845 0.531160
0 0.634151 0.552113 0.038615 0.042634 0.584414
0 0.422763 0.532157 0.013552 0.023612 0.468102
0 0.571857 0.543442 0.019131 0.028898 0.436007
2 0.400776 0.527168 0.030127 0.051548 0.439904
2 0.344143 0.531332 0.041373 0.065784 0.446986
3 0.708918 0.564841 0.053374 0.040446 0.395036
5 0.509233 0.594405 0.092090 0.190492 0.588548
6 0.502005 0.464140 0.019977 0.060213 0.541127
6 0.513799 0.467512 0.020860 0.053182 0.496764
6 0.020814 0.420101 0.008826 0.038352 0.469644
6 0.036997 0.419155 0.009150 0.036658 0.428871
6 0.028503 0.420061 0.009573 0.036643 0.425598
8 0.194387 0.139414 0.095398 0.052086 0.489295
9 0.774599 0.786248 0.446602 0.415277 0.647270