0 0.297782 0.652577 0.130265 0.186387 0.792842
2 0.616920 0.568684 0.048941 0.078499 0.351727
3 0.753937 0.706950 0.070910 0.193668 0.686945
3 0.693558 0.786307 0.103775 0.262666 0.772025
3 0.574335 0.592772 0.022874 0.072769 0.722058
5 0.493456 0.673103 0.152386 0.335568 0.673673
6 0.082100 0.753592 0.083714 0.490284 0.816327
6 0.685186 0.685264 0.071383 0.287529 0.719654
6 0.754577 0.640549 0.062261 0.213464 0.570915
6 0.662364 0.513846 0.009096 0.038638 0.372177
6 0.654627 0.513817 0.006620 0.034184 0.402113