0 0.593446 0.613421 0.136452 0.214018 0.690819
0 0.445060 0.597147 0.084895 0.142741 0.592945
0 0.541725 0.565179 0.061572 0.122838 0.492224
0 0.478094 0.551455 0.033656 0.057763 0.370946
1 0.949594 0.609971 0.099797 0.237459 0.528088
3 0.423991 0.780317 0.089142 0.214162 0.619235
3 0.380295 0.654231 0.039843 0.190932 0.402145
3 0.376552 0.685729 0.029435 0.128758 0.353603
6 0.429676 0.670715 0.090865 0.303946 0.674759
6 0.069814 0.801040 0.139461 0.395469 0.532368
6 0.266964 0.569834 0.021369 0.100242 0.559431
6 0.362003 0.541660 0.013551 0.055124 0.376503
9 0.827545 0.767856 0.340342 0.327453 0.393819