0 0.674884 0.678618 0.139765 0.197598 0.759407
0 0.388342 0.694307 0.134760 0.210853 0.600987
0 0.772344 0.580510 0.034838 0.042700 0.518518
0 0.520755 0.667221 0.125481 0.166365 0.499500
1 0.593410 0.568993 0.081155 0.149985 0.515514
2 0.549901 0.570051 0.168525 0.153355 0.409066
3 0.527391 0.844633 0.078276 0.204564 0.421299
3 0.733344 0.596953 0.016009 0.052802 0.350855
5 0.874385 0.626604 0.081642 0.115780 0.459984
6 0.304822 0.726737 0.085102 0.319171 0.763727
6 0.534384 0.722795 0.079234 0.271371 0.641412
9 0.869603 0.813320 0.257084 0.268650 0.455790