0 0.320723 0.680406 0.156716 0.187316 0.696841
0 0.478118 0.737494 0.186144 0.294673 0.671534
0 0.409782 0.626886 0.046726 0.094529 0.487288
0 0.549664 0.635104 0.055407 0.112982 0.470094
0 0.464653 0.589213 0.076962 0.035255 0.388165
2 0.131741 0.498919 0.262426 0.994642 0.548876
2 0.537245 0.540382 0.074938 0.103761 0.355734
2 0.424001 0.555502 0.081826 0.129755 0.354621
2 0.538261 0.590089 0.077111 0.203363 0.371288
3 0.588586 0.672775 0.047292 0.153431 0.823501
6 0.953168 0.679843 0.067219 0.177130 0.790692
8 0.866391 0.176655 0.053300 0.150070 0.365623