0 0.305120 0.592537 0.103390 0.101342 0.427991
0 0.244275 0.584032 0.059908 0.104873 0.368348
2 0.561572 0.550209 0.084240 0.177883 0.554745
2 0.333033 0.560248 0.052752 0.071811 0.353166
2 0.384139 0.563484 0.031115 0.077082 0.360556
3 0.889515 0.632362 0.075114 0.114059 0.504923
3 0.059964 0.813350 0.118691 0.369200 0.400208
5 0.459190 0.638966 0.132811 0.297711 0.708262
6 0.667910 0.589548 0.039543 0.180597 0.827821
6 0.388125 0.591047 0.021855 0.129504 0.745419
6 0.278473 0.621372 0.035308 0.163878 0.529818
6 0.295882 0.598645 0.028875 0.166737 0.566254
6 0.294913 0.488825 0.016547 0.078456 0.527228
6 0.331806 0.500065 0.017915 0.055721 0.471734
8 0.555011 0.339922 0.021265 0.073545 0.378056
9 0.865618 0.841812 0.265262 0.269420 0.519634