0 0.514844 0.632110 0.068944 0.107130 0.717378
0 0.533649 0.601564 0.036259 0.065360 0.490896
0 0.462280 0.598863 0.024594 0.060108 0.425552
3 0.385776 0.695046 0.045439 0.122374 0.731464
3 0.695999 0.655802 0.041616 0.119861 0.659722
3 0.777094 0.808893 0.115206 0.344584 0.724220
3 0.972738 0.818967 0.053868 0.195291 0.495255
3 0.932139 0.671986 0.034600 0.140953 0.435288
5 0.237150 0.820187 0.139913 0.266749 0.415162
6 0.247983 0.771475 0.087386 0.328708 0.790027
6 0.447832 0.642803 0.037753 0.133005 0.740843
6 0.723097 0.641728 0.024696 0.115718 0.579643
6 0.890783 0.288181 0.011315 0.024782 0.410039
6 0.831262 0.279925 0.009405 0.026932 0.406199
6 0.192837 0.778124 0.080780 0.302225 0.700931
6 0.898226 0.253052 0.014559 0.028314 0.402676
6 0.904577 0.288906 0.011113 0.025453 0.392540
6 0.861263 0.283582 0.011345 0.026481 0.380689
6 0.875060 0.286256 0.011474 0.027582 0.393346
6 0.846107 0.281155 0.014080 0.024814 0.364713
8 0.885617 0.142792 0.177921 0.285513 0.381820
9 0.869836 0.697147 0.072336 0.142255 0.600294