0 0.535806 0.593472 0.193443 0.314751 0.710580
0 0.726239 0.516665 0.130283 0.165313 0.689464
0 0.583307 0.452311 0.034130 0.050139 0.468130
1 0.175911 0.498084 0.351154 0.995283 0.834809
1 0.384332 0.419818 0.081659 0.136854 0.705475
3 0.823989 0.538961 0.061831 0.130359 0.645883
3 0.902802 0.586380 0.087545 0.193191 0.599145
3 0.968745 0.677099 0.061875 0.180641 0.382740
3 0.650797 0.492715 0.039637 0.079292 0.480389
6 0.371213 0.463363 0.021933 0.083720 0.694261
6 0.896613 0.532244 0.047220 0.194591 0.626373
6 0.825263 0.496512 0.044639 0.135983 0.486434
6 0.861438 0.487017 0.015409 0.097388 0.503098
6 0.651935 0.475189 0.023080 0.109572 0.449366
6 0.871727 0.488705 0.023963 0.100298 0.523797
6 0.632486 0.433749 0.008106 0.023923 0.405675
6 0.983102 0.477329 0.018489 0.058835 0.459711
6 0.983580 0.542396 0.032519 0.198214 0.440289
6 0.663192 0.436865 0.007377 0.028448 0.371525
8 0.372719 0.281944 0.039484 0.039071 0.502767
9 0.808880 0.762288 0.376649 0.462980 0.416603