0 0.871662 0.530046 0.115414 0.088957 0.638827
0 0.722187 0.607618 0.166732 0.286091 0.718125
0 0.638988 0.525250 0.042343 0.092083 0.514659
2 0.296015 0.554301 0.104863 0.149968 0.391314
3 0.343052 0.581764 0.068958 0.112585 0.713391
3 0.975027 0.584910 0.049547 0.138451 0.447239
3 0.642917 0.570859 0.019746 0.094505 0.585298
5 0.505631 0.634394 0.195929 0.354401 0.723706
6 0.346192 0.560876 0.037445 0.147788 0.828953
6 0.607743 0.514477 0.017105 0.066903 0.594823
6 0.647551 0.549705 0.029720 0.135892 0.506056
9 0.151298 0.544418 0.132479 0.111891 0.439149