1 0.512085 0.544714 0.040720 0.102409 0.603088
3 0.607978 0.654398 0.047243 0.140734 0.767342
3 0.682086 0.653465 0.042913 0.116242 0.786529
3 0.456281 0.567702 0.015330 0.043058 0.666852
3 0.551689 0.593169 0.025456 0.072547 0.732893
5 0.398771 0.575676 0.048595 0.109238 0.402137
6 0.216827 0.436679 0.058582 0.137857 0.564464
6 0.677235 0.618983 0.032842 0.129340 0.567593
6 0.425171 0.549723 0.013173 0.062141 0.508487
6 0.182799 0.431968 0.035217 0.139093 0.485986
6 0.456968 0.552241 0.015120 0.052740 0.475841
6 0.604562 0.609732 0.036243 0.133267 0.507557