0 0.785541 0.589071 0.250192 0.336062 0.613137
0 0.051454 0.731075 0.102607 0.536122 0.424413
0 0.878668 0.677341 0.234825 0.644126 0.452465
0 0.867259 0.527120 0.119174 0.171485 0.427019
1 0.519960 0.356597 0.312862 0.166309 0.772088
1 0.087310 0.426750 0.112139 0.105830 0.371954
2 0.276033 0.453768 0.116691 0.219374 0.469207
5 0.413342 0.709890 0.288630 0.571502 0.548905
5 0.590054 0.598609 0.187138 0.372816 0.419940
6 0.280882 0.562886 0.039786 0.268465 0.782159
6 0.124661 0.468650 0.021238 0.144509 0.679313
6 0.169488 0.564850 0.035513 0.184394 0.603214
6 0.709635 0.337910 0.014924 0.036688 0.546971
6 0.143769 0.480898 0.023924 0.121590 0.593714
6 0.843341 0.420834 0.015556 0.045006 0.528201
6 0.810388 0.434462 0.007498 0.031621 0.377348
6 0.012505 0.403969 0.015264 0.021628 0.394644
6 0.221370 0.436846 0.007426 0.043559 0.368722
6 0.023425 0.394347 0.010007 0.039778 0.384521
8 0.130208 0.071700 0.086207 0.142957 0.436053
8 0.126401 0.184365 0.087020 0.055889 0.411950
9 0.120690 0.636559 0.162183 0.315580 0.575696