0 0.636925 0.558914 0.036811 0.062872 0.597940
0 0.389397 0.552400 0.030388 0.041315 0.494822
0 0.667349 0.550383 0.052286 0.046862 0.500527
0 0.326816 0.575458 0.053343 0.092355 0.390735
2 0.529065 0.572618 0.027704 0.102629 0.413436
2 0.491032 0.595239 0.064541 0.150989 0.447266
2 0.286254 0.564003 0.044875 0.130980 0.416665
3 0.342467 0.593230 0.022050 0.057272 0.621146
3 0.446376 0.609585 0.026965 0.070172 0.621736
3 0.422476 0.571305 0.011860 0.030980 0.377782
4 0.661551 0.579163 0.014989 0.042498 0.382448
5 0.579353 0.624497 0.099848 0.222497 0.683647
6 0.266331 0.677756 0.049412 0.271098 0.876471
6 0.348574 0.574233 0.028890 0.092579 0.648131
6 0.445769 0.578001 0.030014 0.091678 0.580071
6 0.325386 0.575285 0.021427 0.095430 0.629124
6 0.434249 0.556800 0.014404 0.056441 0.448763
6 0.423872 0.557360 0.013681 0.054487 0.391519
6 0.453527 0.544683 0.014128 0.040491 0.421301