1 0.179268 0.722282 0.264402 0.488050 0.622264
3 0.386472 0.574456 0.026700 0.064116 0.461221
3 0.330229 0.647485 0.043371 0.105061 0.404281
5 0.520628 0.727124 0.255870 0.539386 0.689354
6 0.189400 0.178531 0.053065 0.147893 0.583087
6 0.677348 0.521023 0.041293 0.244575 0.546476
6 0.794832 0.134675 0.029422 0.136298 0.526798
6 0.197431 0.398275 0.028578 0.095984 0.490928
6 0.157479 0.393540 0.037097 0.105803 0.472759
6 0.836162 0.555280 0.064019 0.306868 0.505697
6 0.111366 0.388668 0.040789 0.112993 0.500560
6 0.049196 0.382817 0.061136 0.126625 0.500428
6 0.951058 0.141336 0.096956 0.282797 0.598047
6 0.124583 0.291308 0.026568 0.078206 0.461028
6 0.027227 0.269601 0.043606 0.094315 0.426243
6 0.064936 0.276410 0.025562 0.085349 0.457090
6 0.833643 0.348160 0.018165 0.097721 0.424456
6 0.150919 0.295941 0.021059 0.070628 0.470858
6 0.176344 0.307248 0.027983 0.078866 0.461121
6 0.797391 0.367914 0.020097 0.102751 0.394481
6 0.829768 0.089917 0.049650 0.178908 0.436052
6 0.202168 0.312153 0.026882 0.071860 0.457452
6 0.854828 0.345836 0.033335 0.113328 0.433563
6 0.904785 0.549104 0.029367 0.078631 0.405157
6 0.092374 0.285266 0.037735 0.085681 0.452827
6 0.780240 0.364799 0.016385 0.081927 0.380295
6 0.553909 0.450106 0.017011 0.048550 0.380696
6 0.622837 0.492662 0.011440 0.035614 0.407355
6 0.814719 0.355808 0.018427 0.096134 0.402130
6 0.797546 0.550685 0.039044 0.205029 0.445130
6 0.765960 0.370241 0.013456 0.077540 0.354202
6 0.007236 0.365687 0.014469 0.093615 0.371341