0 0.649714 0.741079 0.294477 0.390279 0.730246
0 0.526734 0.613326 0.133099 0.219385 0.520889
1 0.542520 0.486304 0.092723 0.080865 0.485848
3 0.789103 0.644367 0.054162 0.122753 0.718824
3 0.109722 0.572844 0.080574 0.095853 0.620077
3 0.433996 0.749245 0.055729 0.160219 0.420008
3 0.933039 0.883422 0.132824 0.231865 0.650434
3 0.298657 0.664226 0.046916 0.124390 0.426413
6 0.188151 0.772559 0.152146 0.448952 0.775943
6 0.431634 0.680384 0.076595 0.319253 0.586847
6 0.788453 0.602192 0.039023 0.133849 0.643394
6 0.294613 0.604531 0.060826 0.155897 0.649217
6 0.291916 0.527617 0.011725 0.054924 0.610199
6 0.756972 0.596421 0.030986 0.123622 0.553625
6 0.368449 0.785050 0.109705 0.398993 0.452835
6 0.199511 0.540181 0.018092 0.085281 0.571649
6 0.665432 0.544296 0.020748 0.026566 0.550121
6 0.229767 0.536395 0.014719 0.074251 0.593312
6 0.042060 0.553249 0.032314 0.065081 0.431094
6 0.093159 0.537338 0.016005 0.041653 0.509515
6 0.972698 0.864206 0.054207 0.053441 0.396430
6 0.263560 0.529695 0.013549 0.062967 0.581926
6 0.631855 0.533193 0.018817 0.037132 0.378992
6 0.397800 0.552521 0.025006 0.069947 0.530910
6 0.382972 0.573602 0.035288 0.107765 0.436061
6 0.116182 0.554812 0.032138 0.130213 0.389746
8 0.286076 0.452863 0.036743 0.039863 0.402668