1 0.882439 0.512474 0.234435 0.601739 0.816450
1 0.577356 0.497871 0.151488 0.279464 0.685597
2 0.127027 0.674566 0.253362 0.388154 0.470954
3 0.521837 0.691980 0.046451 0.142416 0.790292
3 0.654213 0.783730 0.083918 0.263582 0.805623
3 0.786929 0.863791 0.200152 0.270507 0.618672
3 0.697213 0.589172 0.026780 0.070546 0.659838
3 0.327828 0.624873 0.061953 0.122018 0.385268
6 0.751196 0.754026 0.160543 0.489786 0.853556
6 0.520907 0.624876 0.049889 0.194641 0.742889
6 0.156303 0.751169 0.096617 0.430880 0.892520
6 0.404211 0.601514 0.027141 0.175135 0.690556
6 0.430637 0.602022 0.028576 0.170940 0.704482
6 0.724424 0.556205 0.014274 0.084090 0.576685
6 0.653353 0.681597 0.084052 0.312547 0.717475
6 0.200249 0.347037 0.018349 0.067693 0.568708
6 0.698428 0.562175 0.027987 0.090613 0.530384
6 0.446241 0.580934 0.015613 0.099070 0.473854
6 0.487355 0.572771 0.021651 0.106470 0.607458
6 0.461844 0.581650 0.020616 0.097218 0.519552
6 0.361477 0.558099 0.021136 0.059052 0.485298
6 0.667661 0.540024 0.008144 0.047986 0.362868
6 0.707564 0.557885 0.011955 0.081077 0.422405
9 0.903760 0.216389 0.188344 0.214131 0.379998