0 0.846894 0.701148 0.305606 0.430983 0.772255
0 0.557838 0.475353 0.045301 0.086627 0.453073
1 0.475968 0.456727 0.085539 0.198927 0.520413
2 0.419640 0.432468 0.034298 0.055100 0.368851
3 0.637503 0.553695 0.043621 0.112755 0.782924
3 0.476670 0.616457 0.059063 0.146529 0.743167
3 0.524757 0.475884 0.014852 0.054630 0.530448
5 0.345607 0.495579 0.111019 0.165675 0.504631
6 0.472365 0.533200 0.052802 0.189871 0.800210
6 0.637958 0.509234 0.042074 0.126461 0.722308
6 0.597127 0.478493 0.012466 0.077785 0.576387
6 0.584923 0.476232 0.014752 0.078285 0.568369
6 0.412566 0.444194 0.008411 0.044378 0.491604
6 0.419462 0.444476 0.007415 0.043187 0.463355
6 0.533338 0.434098 0.010308 0.030651 0.373477
6 0.617130 0.469298 0.012662 0.048940 0.351724
8 0.889338 0.222263 0.076742 0.074373 0.408032