0 0.820600 0.594400 0.080734 0.082579 0.647749
0 0.644349 0.559800 0.036597 0.061740 0.553972
0 0.928974 0.616105 0.140997 0.147693 0.482060
0 0.766160 0.579932 0.054181 0.067625 0.583771
0 0.486943 0.556696 0.018618 0.079430 0.433776
1 0.700975 0.547892 0.078996 0.189283 0.583576
1 0.915586 0.539787 0.168067 0.132896 0.720276
3 0.356173 0.586158 0.023703 0.084777 0.572416
5 0.447450 0.576392 0.065423 0.139743 0.471420
5 0.560551 0.622775 0.151527 0.285250 0.475589
6 0.365549 0.564654 0.034234 0.121662 0.748250
6 0.182547 0.543428 0.037351 0.181069 0.810077
6 0.506907 0.415817 0.011636 0.058984 0.716246
6 0.479037 0.410773 0.011488 0.060062 0.674720
6 0.413922 0.525948 0.012871 0.064741 0.567657
8 0.899520 0.551453 0.037421 0.117428 0.385876
9 0.212120 0.675380 0.418575 0.254802 0.402692