0 0.861381 0.591714 0.191293 0.202436 0.711922
0 0.054522 0.849458 0.108899 0.299471 0.639675
0 0.629635 0.499278 0.029579 0.022206 0.377152
1 0.694293 0.501662 0.031991 0.052928 0.686894
3 0.429146 0.562277 0.031180 0.089090 0.810151
3 0.456826 0.505603 0.013601 0.046936 0.419507
6 0.363255 0.492947 0.009091 0.039360 0.576088
6 0.941993 0.891564 0.115466 0.215383 0.740346
7 0.427183 0.483583 0.008299 0.011806 0.411294
7 0.582314 0.490499 0.006844 0.013833 0.427594
8 0.824410 0.401548 0.099312 0.043672 0.428257