0 0.324384 0.615370 0.152061 0.221744 0.647701
0 0.515355 0.637247 0.189601 0.332531 0.584032
0 0.607155 0.514056 0.067455 0.085145 0.471980
0 0.439626 0.518534 0.053566 0.089263 0.469958
0 0.665651 0.557788 0.092707 0.137890 0.420308
1 0.511991 0.446904 0.036767 0.045344 0.547053
3 0.152429 0.788964 0.179107 0.395270 0.817356
3 0.390669 0.494369 0.034268 0.065612 0.366394
4 0.394788 0.506610 0.026136 0.041361 0.386274
5 0.782584 0.709138 0.258771 0.470766 0.587671
6 0.131293 0.684159 0.136638 0.341069 0.703439
6 0.176297 0.680033 0.119657 0.342775 0.611667
7 0.354219 0.332995 0.009178 0.017584 0.412442
8 0.875142 0.337735 0.033067 0.059321 0.424244