0 0.179211 0.708721 0.218527 0.244106 0.719230
0 0.474708 0.638289 0.076862 0.124127 0.704697
0 0.279921 0.652389 0.099289 0.159091 0.595566
0 0.376531 0.609509 0.047915 0.092041 0.379992
0 0.981044 0.744954 0.037760 0.238573 0.446749
0 0.601693 0.703586 0.137142 0.226372 0.762645
1 0.606665 0.564537 0.037035 0.052865 0.396295
2 0.673402 0.566657 0.099239 0.162932 0.581126
2 0.536407 0.565845 0.065448 0.158373 0.475427
2 0.786861 0.622766 0.163649 0.238226 0.524519
2 0.926344 0.645124 0.146801 0.264651 0.482409
2 0.488519 0.552909 0.033144 0.071992 0.393323
2 0.406296 0.588685 0.049901 0.098373 0.408750
3 0.349659 0.812369 0.105366 0.266512 0.790578
3 0.056144 0.595462 0.041860 0.107025 0.354023
6 0.353663 0.709649 0.093325 0.289595 0.791364
6 0.121014 0.492550 0.014453 0.047677 0.360318
8 0.754879 0.185286 0.058354 0.139962 0.408060
9 0.827517 0.838882 0.325664 0.312920 0.454981