0 0.772482 0.579495 0.141262 0.198544 0.609500
0 0.909241 0.606520 0.181121 0.245196 0.600679
1 0.587302 0.479273 0.104583 0.252888 0.755180
3 0.500450 0.523546 0.019201 0.049761 0.490598
3 0.310200 0.565925 0.056788 0.101740 0.362503
3 0.294999 0.665902 0.165014 0.236794 0.449308
3 0.401766 0.586752 0.094687 0.125794 0.402838
4 0.935536 0.798761 0.127925 0.316419 0.539009
6 0.955427 0.669867 0.088750 0.365523 0.843596
6 0.499974 0.501121 0.017606 0.074639 0.492284
6 0.314400 0.491060 0.025997 0.103751 0.427436
6 0.163048 0.748586 0.088050 0.485318 0.364172
8 0.080049 0.204629 0.159393 0.296702 0.387739