2 0.870542 0.730326 0.258042 0.481222 0.573870
2 0.060070 0.697204 0.119640 0.415630 0.490468
3 0.319266 0.734564 0.083834 0.178690 0.781639
3 0.687547 0.596757 0.025033 0.073844 0.515377
3 0.221028 0.577389 0.029530 0.078150 0.494780
5 0.495641 0.719902 0.281437 0.546629 0.706794
6 0.317812 0.658806 0.087517 0.274615 0.737269
6 0.651852 0.594594 0.016221 0.081838 0.716914
6 0.602728 0.427390 0.014466 0.052840 0.517068
6 0.284396 0.529472 0.013479 0.033371 0.485735
6 0.384549 0.566192 0.027084 0.079477 0.553490
6 0.971551 0.598810 0.013524 0.037111 0.456286
6 0.608090 0.432468 0.011676 0.033873 0.363362
6 0.616331 0.428231 0.012329 0.056123 0.400481