0 0.630177 0.563669 0.054722 0.095928 0.490930
0 0.576688 0.551751 0.025722 0.079927 0.389687
1 0.617299 0.533237 0.061581 0.134636 0.545772
1 0.573320 0.524748 0.031378 0.091671 0.400029
2 0.458693 0.561046 0.039959 0.101583 0.396812
3 0.123545 0.713897 0.160036 0.220382 0.700040
3 0.532772 0.565437 0.019362 0.059206 0.639668
3 0.333005 0.576204 0.045096 0.063985 0.532264
3 0.494540 0.540291 0.015125 0.036690 0.502066
3 0.361252 0.569500 0.024854 0.052070 0.445868
3 0.090418 0.551565 0.081081 0.088675 0.454741
3 0.480829 0.531369 0.009700 0.025119 0.374538
3 0.420636 0.707810 0.053270 0.093471 0.355769
3 0.152626 0.550427 0.063511 0.094065 0.389274
5 0.417237 0.648685 0.092263 0.209703 0.564601
6 0.630513 0.585465 0.025401 0.121032 0.762705
6 0.285604 0.538809 0.011189 0.088237 0.548862
6 0.546017 0.551800 0.012844 0.062290 0.539012
6 0.046715 0.585423 0.033851 0.094070 0.512177
6 0.332692 0.555953 0.022761 0.077254 0.407591
6 0.197151 0.539169 0.016883 0.088596 0.400348
6 0.235049 0.505355 0.009881 0.076343 0.353766
6 0.557542 0.546012 0.008067 0.046234 0.357162
7 0.194822 0.274754 0.021505 0.025154 0.351428
9 0.830307 0.602137 0.335922 0.132558 0.433264