0 0.622104 0.590375 0.084170 0.115667 0.743167
1 0.542487 0.545747 0.023273 0.053327 0.466862
2 0.349415 0.546446 0.129352 0.256447 0.586855
2 0.495582 0.597673 0.074615 0.171571 0.495627
2 0.941933 0.605168 0.115242 0.309740 0.440450
3 0.852181 0.687914 0.089423 0.177101 0.897733
6 0.221686 0.708046 0.082538 0.453388 0.855490
6 0.022999 0.762377 0.045757 0.473560 0.746016
6 0.258457 0.553915 0.018553 0.085384 0.589903
6 0.854995 0.645278 0.050790 0.210397 0.595250
8 0.775265 0.462019 0.030022 0.074439 0.402385
9 0.712733 0.787781 0.371113 0.415154 0.400626