0 0.428494 0.613429 0.054581 0.105206 0.572996
3 0.937702 0.761413 0.123172 0.291651 0.666811
3 0.025584 0.835299 0.050831 0.255242 0.558688
3 0.727574 0.681005 0.041679 0.140589 0.543916
3 0.641840 0.636784 0.035797 0.076482 0.480312
3 0.611245 0.619428 0.034353 0.064284 0.519827
6 0.514513 0.621259 0.022842 0.128821 0.693629
6 0.688107 0.676844 0.065130 0.200539 0.664410
6 0.312906 0.843617 0.054835 0.303397 0.672456
6 0.757773 0.809369 0.189695 0.378838 0.762542
6 0.346433 0.805060 0.101081 0.372413 0.742889
6 0.491938 0.624268 0.024079 0.125543 0.642339
6 0.851469 0.672653 0.117943 0.191290 0.682626
6 0.806186 0.632271 0.028152 0.076865 0.630779
6 0.462900 0.647770 0.022069 0.113388 0.637240
6 0.320487 0.477848 0.017901 0.037043 0.533627
6 0.553221 0.616599 0.017653 0.073464 0.609222
6 0.298015 0.476960 0.017305 0.036567 0.505123
6 0.121264 0.729616 0.046709 0.169258 0.358823
6 0.480134 0.628215 0.013365 0.088054 0.465238
6 0.471028 0.627468 0.012449 0.091081 0.441517
6 0.919235 0.699310 0.036735 0.070367 0.386204
6 0.663615 0.672634 0.018844 0.180460 0.387585