0 0.306018 0.725406 0.313919 0.542382 0.704287
0 0.475338 0.555152 0.123892 0.227026 0.558330
0 0.971205 0.467001 0.057336 0.054992 0.576356
0 0.915330 0.454341 0.050579 0.061178 0.572939
1 0.348879 0.394502 0.108227 0.122280 0.684229
1 0.459433 0.405656 0.055387 0.053052 0.552927
2 0.059662 0.375064 0.118858 0.746701 0.613347
2 0.898252 0.439082 0.070876 0.076240 0.374511
3 0.169962 0.544424 0.052884 0.124256 0.740806
6 0.216866 0.413251 0.013257 0.021749 0.547940
6 0.168339 0.503800 0.035998 0.140749 0.614059
7 0.668298 0.365403 0.007519 0.040292 0.483120
9 0.768834 0.714082 0.458224 0.556910 0.710643