0 0.490920 0.562327 0.029612 0.045540 0.628150
0 0.615571 0.547227 0.014799 0.018916 0.390833
0 0.924718 0.568174 0.045598 0.033346 0.450405
0 0.889746 0.565961 0.041435 0.030367 0.407398
0 0.905703 0.566457 0.035863 0.032273 0.387296
1 0.363658 0.542152 0.166086 0.189438 0.851291
3 0.605153 0.592908 0.021627 0.053289 0.770063
3 0.462215 0.569209 0.013076 0.029908 0.573609
5 0.527899 0.555459 0.057122 0.128720 0.641294
6 0.349995 0.566053 0.017526 0.054037 0.721701
6 0.604724 0.571023 0.021748 0.074023 0.696584
6 0.211171 0.578161 0.017908 0.098652 0.698917
6 0.050967 0.590636 0.026555 0.148781 0.668569
6 0.073446 0.583577 0.027437 0.137655 0.661538
6 0.246095 0.552045 0.012580 0.059472 0.601205
6 0.145431 0.589927 0.021992 0.078876 0.687639
6 0.375605 0.421534 0.023399 0.069745 0.490828
6 0.475818 0.552898 0.007453 0.031473 0.426090
6 0.463181 0.557188 0.014078 0.043469 0.445611
6 0.275566 0.551861 0.011656 0.050495 0.390905
9 0.782708 0.645697 0.430768 0.225061 0.394506