0 0.332243 0.674309 0.196592 0.243659 0.686312
0 0.889375 0.687409 0.221738 0.372183 0.458735
0 0.694996 0.765505 0.399294 0.466558 0.595459
0 0.520196 0.644773 0.127687 0.263515 0.573532
0 0.804922 0.522061 0.121048 0.067780 0.399623
0 0.286695 0.585100 0.107222 0.081209 0.361177
1 0.450889 0.508114 0.148283 0.269731 0.761261
1 0.710821 0.482176 0.105010 0.115421 0.583197
1 0.895533 0.472296 0.033932 0.038733 0.528508
1 0.657226 0.452884 0.040312 0.045446 0.370286
5 0.152038 0.759427 0.301653 0.473428 0.606634
6 0.961473 0.483087 0.021907 0.053397 0.551587