0 0.185214 0.691793 0.213827 0.247294 0.737258
0 0.551125 0.638996 0.097118 0.172050 0.704858
0 0.442563 0.572399 0.027282 0.047660 0.362247
1 0.203806 0.534995 0.321432 0.259423 0.856290
2 0.070794 0.743827 0.141260 0.503049 0.432260
3 0.408858 0.591296 0.018694 0.041028 0.467567
6 0.387502 0.640898 0.036951 0.174587 0.763018
6 0.650569 0.604593 0.043812 0.133010 0.760022
6 0.467109 0.593195 0.023778 0.081062 0.682845
6 0.901103 0.589449 0.026587 0.102262 0.512051
6 0.102923 0.726975 0.050846 0.232713 0.367602
6 0.433023 0.578118 0.015083 0.060460 0.402797
6 0.412985 0.579044 0.016695 0.060196 0.389706
6 0.072761 0.708619 0.112082 0.270170 0.380042