0 0.578209 0.627404 0.068606 0.100520 0.665601
0 0.603378 0.599658 0.044850 0.085354 0.512444
0 0.397654 0.136766 0.025867 0.028269 0.446025
0 0.375167 0.142915 0.020850 0.022335 0.403828
3 0.321809 0.655822 0.082993 0.086705 0.803311
3 0.046266 0.643250 0.052167 0.106350 0.771814
3 0.484860 0.627837 0.026040 0.090168 0.402526
3 0.673086 0.614756 0.022248 0.061913 0.422818
3 0.742872 0.649543 0.026763 0.077978 0.375560
3 0.759740 0.661861 0.027656 0.111182 0.401631
5 0.440249 0.636874 0.069322 0.141593 0.568176
6 0.412169 0.602520 0.022890 0.112938 0.654761
6 0.649066 0.603254 0.017544 0.076243 0.357778
8 0.805846 0.221737 0.126640 0.090022 0.358115
8 0.368252 0.385030 0.081379 0.081900 0.355241