0 0.519862 0.557795 0.157208 0.263024 0.682582
0 0.596291 0.464361 0.024521 0.035146 0.507612
0 0.275694 0.503156 0.091218 0.153315 0.481650
1 0.473527 0.439406 0.094566 0.168462 0.583871
2 0.863721 0.523019 0.089333 0.139713 0.366824
3 0.351780 0.587541 0.051972 0.134438 0.738947
3 0.126141 0.744072 0.165316 0.389460 0.710214
3 0.208615 0.516315 0.039074 0.097386 0.507501
6 0.354652 0.531824 0.056473 0.169411 0.762869
6 0.138705 0.632906 0.117111 0.363697 0.732341
6 0.014199 0.437734 0.021245 0.100948 0.668225
6 0.157994 0.441762 0.029780 0.066865 0.606026
6 0.186360 0.463827 0.028217 0.113414 0.674017
6 0.091673 0.471674 0.024714 0.132191 0.576438
6 0.237602 0.433465 0.018352 0.057201 0.724078
6 0.142810 0.437714 0.020489 0.070275 0.507278
6 0.124932 0.433939 0.018025 0.061810 0.493601
6 0.162901 0.526313 0.067087 0.141030 0.480675
6 0.112817 0.432960 0.017206 0.042375 0.409370
6 0.665904 0.474317 0.009421 0.045292 0.387415
6 0.328323 0.483115 0.017034 0.092491 0.369136
9 0.792138 0.658889 0.409729 0.405359 0.493562