0 0.618034 0.440575 0.010900 0.019950 0.377761
0 0.604625 0.438208 0.015191 0.030632 0.393969
1 0.559675 0.431325 0.033826 0.094133 0.360447
2 0.349960 0.432769 0.065648 0.157203 0.570199
2 0.520204 0.445497 0.027820 0.061199 0.423002
3 0.486421 0.523267 0.039550 0.105684 0.830172
3 0.778916 0.580324 0.068301 0.154678 0.779534
3 0.422087 0.501540 0.027367 0.078192 0.763648
3 0.741414 0.518317 0.024004 0.072548 0.583582
3 0.583985 0.450053 0.013867 0.042984 0.559620
3 0.388067 0.463762 0.015302 0.047075 0.420021
5 0.172214 0.471364 0.175950 0.183620 0.552827
6 0.486829 0.481431 0.039920 0.123503 0.813736
6 0.423378 0.468054 0.027271 0.094531 0.689869
6 0.773155 0.523104 0.051607 0.154063 0.723862
6 0.395288 0.448231 0.011946 0.063385 0.493654
6 0.281579 0.448354 0.017702 0.088319 0.453346
6 0.384780 0.430842 0.007447 0.036491 0.400450
6 0.451836 0.442644 0.008092 0.047492 0.394927
8 0.094981 0.210502 0.118933 0.105096 0.366438