0 0.501395 0.655259 0.215303 0.202284 0.709868
0 0.939096 0.638325 0.121318 0.188730 0.681018
0 0.092292 0.588527 0.072542 0.056936 0.668899
0 0.761464 0.697001 0.354634 0.260864 0.631789
0 0.296554 0.572483 0.038733 0.053437 0.508471
0 0.268812 0.574914 0.019922 0.058992 0.421531
1 0.316056 0.528777 0.064749 0.046699 0.448145
2 0.895255 0.521073 0.207924 0.261600 0.403629
2 0.490586 0.527981 0.127687 0.105733 0.443341
2 0.212940 0.572174 0.091165 0.076371 0.401627
3 0.423283 0.774492 0.196706 0.246655 0.844723
3 0.624995 0.567171 0.055330 0.091440 0.351005
3 0.326554 0.577667 0.036444 0.056929 0.389252
6 0.405423 0.688464 0.086358 0.270561 0.862740
6 0.018089 0.684896 0.036047 0.250342 0.837852
6 0.316577 0.572622 0.015211 0.067037 0.505879
6 0.636011 0.551476 0.031752 0.060570 0.511765