1 0.530600 0.449822 0.148548 0.256651 0.737687
1 0.788272 0.499813 0.422636 0.998181 0.727313
1 0.354693 0.455958 0.103028 0.217952 0.686762
1 0.156042 0.499188 0.311534 0.998910 0.739729
5 0.385371 0.705412 0.064643 0.162649 0.403407
6 0.391509 0.623965 0.098526 0.275110 0.629944
6 0.441999 0.524578 0.027516 0.147105 0.627135
6 0.331875 0.529970 0.024137 0.147039 0.510379
6 0.390423 0.465248 0.010773 0.044411 0.479990
6 0.409731 0.522180 0.028333 0.128960 0.491394
6 0.313549 0.518796 0.013441 0.109762 0.492683
6 0.380146 0.464748 0.016589 0.047281 0.449598
6 0.346721 0.518349 0.020327 0.130144 0.489035
6 0.540835 0.469338 0.023791 0.036503 0.400025
6 0.355837 0.525124 0.015381 0.128882 0.365284
6 0.555110 0.463807 0.017913 0.035373 0.355299
6 0.569451 0.467547 0.014592 0.032464 0.381539
7 0.467978 0.228837 0.008157 0.016114 0.489719