0 0.616338 0.752156 0.197885 0.315971 0.811563
1 0.640874 0.551300 0.175078 0.293384 0.759660
2 0.870291 0.499300 0.258493 0.998326 0.504889
3 0.469934 0.722110 0.063294 0.162509 0.829375
3 0.510394 0.640684 0.021041 0.059838 0.371754
6 0.470432 0.657973 0.063638 0.194038 0.753446
6 0.748863 0.452839 0.017682 0.067906 0.518214
6 0.491322 0.593760 0.015160 0.070814 0.498841
6 0.268452 0.545789 0.013421 0.057522 0.425894
6 0.780382 0.455218 0.028053 0.064098 0.439413
6 0.538936 0.603786 0.014440 0.081846 0.437083
7 0.439766 0.512057 0.010354 0.036896 0.408034