0 0.696113 0.791800 0.477170 0.414769 0.795645
1 0.942647 0.562750 0.051558 0.123781 0.357323
2 0.513839 0.627483 0.121000 0.197194 0.387794
3 0.066447 0.666837 0.086332 0.123064 0.746884
3 0.281631 0.633828 0.055642 0.101200 0.719047
3 0.851249 0.613721 0.072381 0.110415 0.567946
6 0.423360 0.631725 0.032032 0.185614 0.747025
6 0.666960 0.555090 0.037486 0.065335 0.758005
6 0.166629 0.178484 0.051507 0.123024 0.725916
6 0.388823 0.605738 0.026339 0.136848 0.628268
6 0.134240 0.171645 0.072597 0.128549 0.725614
6 0.117483 0.652418 0.030139 0.165243 0.601869
6 0.058649 0.597282 0.035598 0.091945 0.613789
6 0.855787 0.584822 0.041371 0.124286 0.633823
6 0.150893 0.615008 0.027349 0.138553 0.563073
6 0.015282 0.649408 0.029965 0.167312 0.438419
9 0.957377 0.679059 0.081699 0.126172 0.365806