0 0.137480 0.816294 0.274493 0.365502 0.750679
0 0.932414 0.710664 0.134655 0.354603 0.686016
0 0.289879 0.660467 0.146154 0.205183 0.652312
1 0.614243 0.498851 0.509072 0.991869 0.829975
1 0.170448 0.522775 0.340564 0.360848 0.837370
6 0.263535 0.718868 0.086655 0.317332 0.785644
6 0.327122 0.378524 0.034710 0.085927 0.630253
6 0.876796 0.596920 0.032102 0.151279 0.566031
6 0.338528 0.454941 0.015751 0.043259 0.608576
6 0.170089 0.649905 0.051440 0.200854 0.528642
6 0.321332 0.443529 0.014849 0.023724 0.588488
6 0.148187 0.647860 0.067564 0.196596 0.527756
6 0.884874 0.300884 0.016711 0.041770 0.375358
6 0.963839 0.532442 0.019323 0.032038 0.373817
6 0.303883 0.438915 0.012811 0.016019 0.500526
9 0.624963 0.921328 0.448423 0.132603 0.418549