0 0.318006 0.522638 0.076316 0.089439 0.610263
0 0.720744 0.541325 0.091246 0.086027 0.570975
0 0.394108 0.490429 0.011243 0.039724 0.486652
0 0.777246 0.541729 0.063356 0.087675 0.454662
0 0.649850 0.496705 0.043504 0.031746 0.366749
1 0.485049 0.579262 0.204106 0.373731 0.686671
3 0.350264 0.581619 0.044530 0.127665 0.763945
3 0.137621 0.578613 0.057355 0.096679 0.745534
6 0.141706 0.542381 0.040637 0.114543 0.680765
6 0.953826 0.566067 0.020479 0.071532 0.412979
7 0.295688 0.383385 0.009842 0.042350 0.511367
7 0.406389 0.334126 0.018088 0.010363 0.387393
8 0.375159 0.352197 0.031862 0.031054 0.529863
9 0.754371 0.795393 0.341289 0.399019 0.444840