0 0.733471 0.520720 0.138694 0.147340 0.702372
0 0.927816 0.582602 0.143951 0.264725 0.708219
1 0.421807 0.421290 0.038832 0.041632 0.483931
1 0.458204 0.419635 0.035059 0.087922 0.598630
1 0.703323 0.435375 0.113627 0.079042 0.359876
3 0.499478 0.496175 0.028943 0.084881 0.780082
3 0.383473 0.443843 0.010968 0.032429 0.478004
3 0.429481 0.433713 0.007135 0.025346 0.394482
6 0.263972 0.464249 0.021682 0.093602 0.734468
6 0.360155 0.444377 0.011778 0.054480 0.517597
6 0.054490 0.285683 0.017344 0.048629 0.382730
6 0.072173 0.296360 0.017053 0.062343 0.359507
6 0.042189 0.298090 0.014347 0.054828 0.359434
9 0.758267 0.723173 0.478642 0.538825 0.584289