3 0.827431 0.829511 0.100045 0.321754 0.716362
3 0.068158 0.843735 0.135642 0.310486 0.625384
3 0.719818 0.771899 0.098127 0.314341 0.664274
3 0.637950 0.709362 0.066455 0.174827 0.671909
5 0.443800 0.579060 0.102039 0.181203 0.356160
6 0.456388 0.605452 0.051894 0.201711 0.722032
6 0.552172 0.650720 0.062097 0.244529 0.728365
6 0.509589 0.620727 0.049176 0.238505 0.724262
6 0.878548 0.602051 0.024094 0.175310 0.628656
6 0.319994 0.196012 0.016825 0.046995 0.562970
6 0.282618 0.186117 0.018073 0.047699 0.546631
6 0.283755 0.140570 0.017039 0.044018 0.502597
6 0.301462 0.186723 0.021457 0.048948 0.527761
6 0.309056 0.152149 0.011215 0.033764 0.500998
6 0.227269 0.620142 0.029383 0.096196 0.396024
6 0.321677 0.148883 0.013234 0.035225 0.500165
6 0.761397 0.588958 0.037492 0.148732 0.383932
6 0.751441 0.649647 0.070871 0.271605 0.454533
6 0.296737 0.148626 0.013843 0.036116 0.441360