0 0.637211 0.593230 0.100917 0.115353 0.722274
0 0.324014 0.629073 0.101473 0.172631 0.695757
0 0.562860 0.573361 0.057238 0.079771 0.612598
0 0.523877 0.579630 0.025766 0.093345 0.517766
0 0.371427 0.585028 0.056015 0.097027 0.593472
0 0.466779 0.603965 0.110263 0.210959 0.367045
0 0.408889 0.566313 0.018633 0.068495 0.436081
0 0.405046 0.551434 0.025807 0.052824 0.353171
1 0.692153 0.544043 0.119156 0.127250 0.593799
2 0.846885 0.565389 0.269323 0.445269 0.696692
3 0.967420 0.882189 0.064245 0.233611 0.668247
5 0.205675 0.704107 0.198720 0.369437 0.704015
6 0.385732 0.408719 0.013458 0.066048 0.789587
6 0.416024 0.411713 0.014522 0.063886 0.773251
6 0.522264 0.528985 0.010000 0.021651 0.391747