0 0.940269 0.483785 0.073340 0.130596 0.574335
0 0.740350 0.417816 0.033729 0.043906 0.406963
2 0.586413 0.562708 0.279754 0.451268 0.688476
3 0.334588 0.808392 0.170879 0.380657 0.809739
3 0.867273 0.716199 0.170081 0.372225 0.809133
3 0.280850 0.583946 0.077725 0.151988 0.760447
3 0.440758 0.510016 0.023563 0.064016 0.481644
3 0.844980 0.461171 0.021064 0.048127 0.463366
3 0.806294 0.446253 0.026696 0.057566 0.467810
6 0.849753 0.589682 0.127812 0.395791 0.838039
6 0.343675 0.695267 0.141542 0.431488 0.864530
6 0.279709 0.550304 0.044832 0.230483 0.808107
6 0.781696 0.446587 0.015885 0.076462 0.544075
6 0.845120 0.426314 0.015281 0.038265 0.404330