0 0.247633 0.604252 0.129078 0.179562 0.655915
0 0.565782 0.556301 0.047054 0.070637 0.572036
3 0.485047 0.566865 0.021332 0.063556 0.714118
3 0.372427 0.646458 0.042561 0.103112 0.785544
3 0.761184 0.642668 0.083936 0.119993 0.566613
3 0.468774 0.527935 0.008647 0.026757 0.416049
3 0.178184 0.565345 0.031556 0.045330 0.377866
5 0.650170 0.663976 0.148163 0.308975 0.537557
6 0.344658 0.562238 0.026559 0.115999 0.771876
6 0.129548 0.768777 0.089382 0.459212 0.775942
6 0.048877 0.759421 0.090030 0.479232 0.775496
6 0.554823 0.549906 0.015125 0.085594 0.644403
6 0.258619 0.497119 0.011165 0.034694 0.552139
6 0.373984 0.579324 0.042610 0.153625 0.610624
6 0.170894 0.544646 0.019938 0.081341 0.438904
6 0.088080 0.547129 0.010580 0.044598 0.428142
6 0.239891 0.504623 0.010013 0.022940 0.443991