0 0.899128 0.656659 0.199772 0.141390 0.614204
0 0.716301 0.620049 0.075409 0.074591 0.452908
2 0.154930 0.635857 0.141421 0.206384 0.448841
3 0.744689 0.684506 0.102382 0.124252 0.701000
3 0.869931 0.690522 0.133924 0.173874 0.643178
3 0.280076 0.655347 0.103232 0.127308 0.704324
3 0.426960 0.679311 0.126588 0.146267 0.646843
3 0.637973 0.892611 0.145950 0.213541 0.662222
5 0.500742 0.646044 0.120805 0.181066 0.414187
6 0.432381 0.646109 0.052068 0.148205 0.743475
6 0.084725 0.777612 0.151036 0.442169 0.691959
6 0.642257 0.794914 0.149260 0.408278 0.802564
6 0.283360 0.620652 0.048300 0.149533 0.796709
6 0.876260 0.668582 0.059157 0.181079 0.751856
6 0.747922 0.648928 0.047744 0.143381 0.718459
6 0.911905 0.653609 0.031448 0.172090 0.735340
6 0.778828 0.647377 0.040128 0.143248 0.650790
6 0.328994 0.611741 0.026333 0.108474 0.621564
6 0.122452 0.624842 0.054637 0.127375 0.363632
7 0.611830 0.376139 0.011328 0.033479 0.399304
8 0.662420 0.403169 0.050942 0.047342 0.596342