0 0.756928 0.633584 0.203082 0.220608 0.699404
0 0.463698 0.509755 0.016368 0.028909 0.544818
3 0.423652 0.651158 0.050741 0.124022 0.759429
3 0.541556 0.651465 0.053130 0.133822 0.742322
3 0.443263 0.521140 0.009880 0.035517 0.383820
5 0.268754 0.643683 0.151156 0.311191 0.640698
6 0.423002 0.599264 0.050848 0.161304 0.832489
6 0.538996 0.592990 0.047129 0.166033 0.811077
6 0.988912 0.540878 0.021955 0.069680 0.382346
8 0.632389 0.431991 0.017045 0.037738 0.362397
8 0.240866 0.431976 0.019213 0.027500 0.394592
9 0.769702 0.802538 0.423818 0.385957 0.398228