0 0.663486 0.657368 0.137747 0.186662 0.666933
0 0.321368 0.656111 0.165317 0.174613 0.541526
0 0.422812 0.609588 0.081587 0.096401 0.546320
0 0.476340 0.592563 0.049079 0.063780 0.392743
0 0.463299 0.602503 0.029263 0.074734 0.431510
0 0.608926 0.586518 0.050611 0.101380 0.429665
0 0.621873 0.590596 0.044246 0.066491 0.380677
3 0.776286 0.794172 0.133011 0.288150 0.736527
3 0.560450 0.754708 0.058134 0.157783 0.733744
3 0.535865 0.600366 0.019659 0.047987 0.492685
6 0.213047 0.636517 0.027193 0.139417 0.777368
6 0.361919 0.764264 0.131860 0.373563 0.825405
6 0.560330 0.676766 0.068665 0.233383 0.675836
6 0.869842 0.607797 0.035884 0.170369 0.656247
6 0.709346 0.410658 0.015532 0.077922 0.689839
6 0.779900 0.705635 0.109453 0.304078 0.639167
6 0.643676 0.544386 0.013301 0.027978 0.489535
6 0.666954 0.544616 0.013247 0.045101 0.519136
6 0.896866 0.456609 0.015322 0.074707 0.434082
6 0.747290 0.707286 0.069828 0.295072 0.352015
6 0.917108 0.467475 0.011355 0.095101 0.431680
6 0.536099 0.572000 0.018275 0.047041 0.350504
6 0.933753 0.464771 0.024237 0.102457 0.372875
6 0.956900 0.451687 0.012539 0.087892 0.370027
8 0.557127 0.430785 0.022434 0.021634 0.392500
9 0.864571 0.671657 0.267544 0.248576 0.390290