0 0.523963 0.549762 0.019844 0.031974 0.672924
0 0.866076 0.603941 0.093671 0.106046 0.610338
0 0.598818 0.554632 0.018872 0.018939 0.373268
1 0.583123 0.539210 0.021287 0.048312 0.456886
3 0.358746 0.651337 0.042671 0.113681 0.765371
3 0.902127 0.639815 0.057880 0.108230 0.809405
3 0.675379 0.570585 0.013051 0.033516 0.601186
3 0.319378 0.591222 0.025518 0.042271 0.582131
3 0.460799 0.561374 0.008871 0.022041 0.524400
3 0.337337 0.590356 0.012449 0.034621 0.421954
6 0.359119 0.609656 0.038079 0.148014 0.750900
6 0.899754 0.614164 0.031687 0.107194 0.571940
6 0.461218 0.551491 0.009853 0.039458 0.592710
6 0.341649 0.570354 0.015310 0.066565 0.442451
6 0.428177 0.557739 0.012303 0.046077 0.578450
6 0.501144 0.543136 0.005406 0.021630 0.522109
8 0.221780 0.519855 0.023632 0.035581 0.376479
9 0.772631 0.771397 0.449829 0.446139 0.504166