0 0.315581 0.676996 0.255386 0.354198 0.648513
0 0.443806 0.493674 0.026339 0.039103 0.583026
1 0.624130 0.622002 0.154430 0.315712 0.546045
2 0.836486 0.675627 0.283165 0.377407 0.380534
3 0.504034 0.699979 0.074301 0.225086 0.646360
3 0.917907 0.818134 0.162762 0.356200 0.520844
3 0.156118 0.863437 0.126299 0.270147 0.374395
6 0.103270 0.776864 0.206067 0.444221 0.778596
6 0.487601 0.519528 0.025492 0.076743 0.629674
6 0.458196 0.351378 0.014188 0.055069 0.350300
6 0.543665 0.523138 0.016558 0.064635 0.359738
7 0.284144 0.290565 0.013096 0.101904 0.442427
8 0.155556 0.153360 0.085708 0.072108 0.560200