0 0.743293 0.802721 0.433774 0.392837 0.833731
1 0.304355 0.548225 0.608539 0.342757 0.876260
1 0.912521 0.530042 0.174296 0.303039 0.750274
3 0.058999 0.663334 0.100451 0.143993 0.562845
3 0.122453 0.648124 0.057206 0.118897 0.484370
3 0.509492 0.672658 0.069220 0.172908 0.446767
6 0.129138 0.606782 0.049418 0.144240 0.802211
6 0.975011 0.659167 0.049603 0.229732 0.793823
6 0.540086 0.644673 0.067766 0.196957 0.811685
6 0.052183 0.620447 0.065171 0.179200 0.739530
6 0.779598 0.587814 0.042032 0.092062 0.731080
6 0.048054 0.812192 0.095943 0.251183 0.392719
6 0.412948 0.512998 0.031328 0.066458 0.404089
8 0.268137 0.283443 0.034838 0.038322 0.360950