0 0.519327 0.666706 0.133100 0.206390 0.761057
0 0.698536 0.620796 0.056377 0.129670 0.604437
0 0.641368 0.597127 0.026379 0.065909 0.526606
1 0.568848 0.549536 0.124050 0.224236 0.815874
2 0.855104 0.517637 0.289333 0.831212 0.606703
3 0.659806 0.662150 0.031981 0.086984 0.814435
6 0.350393 0.633797 0.032165 0.128582 0.842205
6 0.157546 0.753505 0.083229 0.376450 0.823982
6 0.203805 0.789972 0.047356 0.264111 0.743071
6 0.661607 0.620292 0.035154 0.130966 0.773642
6 0.472071 0.575186 0.021292 0.059340 0.695196
8 0.636544 0.441073 0.018112 0.043572 0.409184