0 0.493347 0.626122 0.319493 0.345369 0.666030
0 0.289631 0.529004 0.120718 0.152301 0.673430
0 0.095725 0.465246 0.028335 0.043924 0.555266
0 0.220640 0.490114 0.064208 0.094240 0.585454
0 0.195724 0.477719 0.048407 0.088195 0.493939
0 0.170168 0.471554 0.020408 0.073723 0.474258
1 0.824891 0.425642 0.041142 0.082926 0.514125
2 0.155635 0.449233 0.045466 0.099548 0.432926
3 0.824761 0.510317 0.042725 0.104326 0.754799
3 0.704024 0.608567 0.168082 0.214985 0.519451
4 0.072681 0.566640 0.028108 0.114657 0.508776
6 0.253036 0.749870 0.156474 0.498177 0.845840
6 0.070938 0.518331 0.035402 0.177879 0.648655
6 0.706573 0.615646 0.085137 0.333781 0.705001
6 0.035473 0.727157 0.070735 0.543557 0.759719
6 0.387371 0.451071 0.027898 0.040951 0.680786
6 0.440004 0.435683 0.024136 0.044575 0.648752
6 0.759885 0.446196 0.010792 0.054856 0.482284
6 0.675954 0.538597 0.037877 0.217842 0.434686
6 0.814120 0.474795 0.020858 0.102917 0.488284
6 0.746687 0.446579 0.008885 0.050798 0.430404
6 0.724039 0.444930 0.008648 0.048111 0.450756
6 0.716446 0.473486 0.023739 0.073564 0.441646
6 0.422094 0.439967 0.016250 0.036459 0.417581
6 0.030345 0.510830 0.026914 0.119298 0.417269
6 0.829026 0.481732 0.026498 0.124186 0.409744
6 0.788025 0.433928 0.006218 0.036613 0.357913
6 0.735289 0.438337 0.011160 0.042429 0.355481
6 0.887007 0.443900 0.010575 0.061345 0.358968
6 0.121352 0.460348 0.009125 0.037159 0.413126
6 0.311044 0.444220 0.010830 0.021849 0.370045
6 0.055029 0.456909 0.011972 0.042455 0.404686
9 0.567526 0.486381 0.102494 0.079304 0.354447