0 0.364593 0.546894 0.095028 0.116671 0.713042
0 0.764628 0.536534 0.134666 0.119225 0.679097
2 0.434963 0.481992 0.029604 0.057691 0.445184
3 0.445754 0.549794 0.031321 0.097037 0.530320
5 0.075896 0.741659 0.150768 0.508213 0.396124
6 0.054835 0.571147 0.029837 0.055539 0.410422
6 0.295836 0.500996 0.019515 0.053827 0.523978
6 0.800510 0.491683 0.012359 0.028786 0.420663
6 0.499937 0.489831 0.006495 0.035947 0.390809
6 0.879395 0.490487 0.019969 0.067844 0.381139
6 0.049989 0.656192 0.099376 0.196291 0.389297
9 0.753704 0.744714 0.488848 0.499331 0.696965