0 0.657338 0.712169 0.254919 0.322149 0.727129
0 0.063361 0.590376 0.126347 0.161502 0.737444
0 0.537920 0.574844 0.062331 0.099209 0.627019
0 0.691543 0.544620 0.040781 0.038685 0.370539
0 0.568217 0.536846 0.032816 0.049925 0.447571
0 0.608263 0.540199 0.068128 0.044534 0.446311
0 0.498132 0.541000 0.037089 0.065257 0.445314
1 0.816354 0.518640 0.157061 0.106176 0.687196
1 0.961565 0.539857 0.071087 0.096270 0.562517
3 0.210743 0.814328 0.146899 0.355681 0.788455
3 0.472907 0.571587 0.020480 0.054438 0.611812
3 0.450695 0.559227 0.019249 0.064261 0.613294
6 0.222720 0.710338 0.098112 0.338495 0.833808
6 0.783597 0.542329 0.015701 0.029666 0.499535
6 0.605829 0.537103 0.026120 0.039738 0.580668
6 0.473349 0.548500 0.021637 0.067505 0.529856
8 0.126509 0.423144 0.020796 0.067305 0.356321
9 0.221922 0.731352 0.439111 0.409613 0.400774