0 0.890582 0.755983 0.218299 0.486296 0.491937
1 0.269452 0.748867 0.309950 0.499362 0.663993
2 0.498701 0.569267 0.031457 0.068315 0.395282
3 0.726196 0.627917 0.041562 0.096869 0.778624
3 0.620311 0.595129 0.021571 0.067980 0.625144
3 0.567698 0.576817 0.014231 0.042962 0.580657
3 0.522469 0.570988 0.013644 0.032659 0.501698
3 0.779105 0.608223 0.032440 0.069926 0.682186
3 0.077749 0.674541 0.093296 0.142857 0.551484
3 0.644151 0.625172 0.036722 0.098458 0.746945
3 0.473032 0.572893 0.013777 0.037032 0.523252
3 0.550383 0.565509 0.011070 0.031901 0.532175
3 0.449598 0.577557 0.015200 0.022320 0.386394
6 0.101837 0.647051 0.035741 0.201245 0.729672
6 0.722490 0.595204 0.035830 0.106696 0.737175
6 0.424733 0.590892 0.022486 0.101799 0.667046
6 0.780665 0.583791 0.032209 0.088163 0.670982
6 0.694841 0.574304 0.018822 0.084108 0.759216
6 0.803683 0.564039 0.014485 0.051313 0.479076
6 0.448031 0.563609 0.012114 0.046979 0.419953
6 0.644121 0.591528 0.034372 0.098104 0.447201
6 0.811933 0.616177 0.033222 0.156173 0.371680