0 0.639977 0.547363 0.041100 0.055327 0.555114
0 0.687853 0.557280 0.047545 0.071576 0.473884
0 0.780986 0.558659 0.040876 0.069960 0.378298
1 0.800797 0.518615 0.150340 0.148150 0.780175
1 0.474934 0.527866 0.175231 0.323209 0.710429
1 0.917664 0.561514 0.164272 0.282666 0.659311
1 0.645166 0.515653 0.032024 0.042328 0.432432
1 0.613399 0.534871 0.018837 0.040913 0.393692
1 0.608599 0.521438 0.018582 0.040769 0.375639
3 0.365062 0.762249 0.089505 0.224209 0.841235
3 0.774907 0.604141 0.022846 0.070018 0.379561
6 0.367342 0.666396 0.081497 0.269234 0.876776
6 0.821739 0.579654 0.035269 0.118304 0.684473