0 0.508884 0.646856 0.074974 0.114534 0.690705
0 0.299960 0.672553 0.152163 0.181831 0.697667
0 0.448999 0.610679 0.048187 0.065685 0.663978
0 0.560925 0.589644 0.020725 0.032654 0.543669
0 0.540655 0.609134 0.037884 0.061076 0.613291
0 0.687485 0.600068 0.078103 0.061897 0.354919
0 0.501487 0.581368 0.014990 0.015886 0.382510
3 0.736518 0.839406 0.141643 0.318911 0.807856
3 0.902781 0.695238 0.056004 0.129818 0.777261
3 0.632990 0.604825 0.018014 0.037622 0.498092
6 0.726085 0.747474 0.117494 0.336729 0.828773
6 0.707311 0.642676 0.031423 0.108340 0.536452
6 0.679800 0.626232 0.012538 0.082658 0.577836
6 0.589410 0.588448 0.006823 0.033783 0.430107
6 0.584054 0.589878 0.007257 0.032656 0.411593
6 0.637126 0.602485 0.008084 0.039088 0.359183