3 0.049454 0.680666 0.098556 0.228383 0.678877
3 0.546467 0.581128 0.029050 0.059978 0.627651
3 0.494040 0.560911 0.016016 0.034477 0.517096
3 0.464460 0.550658 0.010957 0.029175 0.524239
3 0.505979 0.565701 0.011023 0.035671 0.451968
3 0.732444 0.587697 0.044507 0.070398 0.420138
3 0.425628 0.574774 0.018509 0.045879 0.654677
5 0.298051 0.635794 0.121724 0.260623 0.581330
5 0.817168 0.682268 0.198292 0.405417 0.465046
6 0.375266 0.624973 0.035909 0.191758 0.753197
6 0.671687 0.645781 0.035045 0.105277 0.804510
6 0.213272 0.650651 0.058818 0.228494 0.671677
6 0.925950 0.707838 0.059823 0.359510 0.894043
6 0.162610 0.763950 0.072815 0.469831 0.817538
6 0.589264 0.583378 0.021523 0.111890 0.733642
6 0.425046 0.548445 0.019118 0.065329 0.584729
6 0.201360 0.529123 0.030401 0.065971 0.558663
6 0.789911 0.633494 0.034233 0.093085 0.613281
6 0.392555 0.563998 0.012100 0.073548 0.485790
6 0.406667 0.556245 0.012255 0.052404 0.402952
6 0.463602 0.539318 0.011972 0.047011 0.353468
6 0.382302 0.532612 0.009285 0.046550 0.350262