0 0.444271 0.623187 0.109644 0.170537 0.671526
0 0.958221 0.489519 0.082466 0.050739 0.675064
0 0.860640 0.530692 0.119486 0.119961 0.679519
0 0.657597 0.510791 0.028229 0.039790 0.524761
0 0.640381 0.505289 0.015274 0.023213 0.358832
1 0.468413 0.512043 0.062333 0.098345 0.497970
1 0.964091 0.445052 0.071337 0.107086 0.503802
2 0.090200 0.502263 0.179701 0.683858 0.572834
3 0.779490 0.516623 0.019847 0.044788 0.605367
3 0.296403 0.710748 0.054029 0.132493 0.437502
3 0.693097 0.542897 0.015249 0.041132 0.521600
3 0.360409 0.583513 0.024918 0.061789 0.431455
3 0.498552 0.598425 0.024900 0.067254 0.485952
3 0.521169 0.568930 0.016159 0.063095 0.446530
5 0.553177 0.578527 0.055689 0.137091 0.358571
6 0.216182 0.750735 0.128809 0.383031 0.858728
6 0.301907 0.630509 0.062768 0.180324 0.622020
6 0.387824 0.570552 0.021580 0.093133 0.584937
6 0.318326 0.555444 0.020168 0.069723 0.460864
6 0.399377 0.545040 0.008255 0.052250 0.434669
6 0.497729 0.565634 0.028773 0.091193 0.523698
6 0.277498 0.571878 0.017223 0.049604 0.386539
9 0.786918 0.773162 0.421655 0.440886 0.489421