0 0.528282 0.576662 0.054459 0.128981 0.425364
0 0.527398 0.501403 0.028616 0.029075 0.384034
1 0.142869 0.735193 0.223155 0.445815 0.378615
2 0.900218 0.722117 0.198885 0.552389 0.538051
3 0.593079 0.639725 0.046107 0.104544 0.627313
3 0.562882 0.619138 0.036523 0.099088 0.499359
5 0.345961 0.753515 0.343223 0.487916 0.498099
5 0.700120 0.616956 0.092570 0.193758 0.436380
6 0.077312 0.681472 0.043134 0.128758 0.675286
6 0.053325 0.671256 0.037413 0.140638 0.644428
6 0.556870 0.589613 0.052853 0.144737 0.453886