0 0.816615 0.601003 0.091258 0.109703 0.597587
0 0.374903 0.591118 0.050404 0.108087 0.492236
0 0.672992 0.578306 0.016280 0.039031 0.411589
0 0.519217 0.563533 0.029555 0.091250 0.364292
1 0.569057 0.593065 0.074855 0.161720 0.466735
3 0.897685 0.671107 0.074508 0.144862 0.803473
3 0.604286 0.721761 0.079020 0.182832 0.540750
5 0.436951 0.669860 0.211704 0.315085 0.597128
6 0.605241 0.663633 0.100559 0.282289 0.759710
6 0.674079 0.590030 0.014430 0.075052 0.623262
6 0.869038 0.585199 0.016843 0.079939 0.583581
6 0.214580 0.757604 0.059444 0.300335 0.476203
6 0.896575 0.588109 0.043364 0.080312 0.422613
6 0.948320 0.593774 0.018330 0.077876 0.387208
7 0.762787 0.161240 0.092207 0.321433 0.527306
7 0.495176 0.034614 0.055650 0.067969 0.356365
8 0.380016 0.366529 0.074239 0.133084 0.383500
9 0.829656 0.833733 0.334290 0.321800 0.363592