0 0.511272 0.744864 0.459716 0.360622 0.741290
0 0.158840 0.607536 0.176558 0.179748 0.500791
3 0.936748 0.681918 0.125997 0.214200 0.823090
3 0.719463 0.621830 0.053636 0.107657 0.631016
3 0.417868 0.635853 0.092321 0.094622 0.551079
3 0.482271 0.569609 0.019150 0.037215 0.398172
6 0.963696 0.633241 0.062654 0.239407 0.883022
6 0.752938 0.596781 0.027121 0.140985 0.774426
6 0.431953 0.594701 0.039726 0.108051 0.649359
6 0.497488 0.554843 0.022898 0.059676 0.538492
6 0.443302 0.559648 0.021050 0.075075 0.532987
6 0.703155 0.586988 0.030073 0.111346 0.636069
6 0.560669 0.550000 0.012735 0.042479 0.473313
6 0.596488 0.544985 0.010485 0.043447 0.472684
6 0.712126 0.546224 0.015593 0.055685 0.559663
6 0.550796 0.548850 0.011361 0.044692 0.510067
6 0.517261 0.553857 0.035577 0.052759 0.381673
6 0.568309 0.547177 0.010240 0.042720 0.352101
8 0.543878 0.465313 0.037504 0.021393 0.356444
8 0.197010 0.244410 0.058396 0.021093 0.387859
9 0.829153 0.571872 0.339496 0.130078 0.406614