0 0.516734 0.541067 0.084370 0.078332 0.634575
0 0.738240 0.586298 0.113007 0.172881 0.382584
1 0.326532 0.549599 0.053461 0.117513 0.444652
2 0.426209 0.531363 0.051105 0.077143 0.426967
3 0.659310 0.643065 0.058241 0.164639 0.773806
3 0.371604 0.708922 0.061637 0.169856 0.787890
3 0.588360 0.598448 0.040755 0.107959 0.730034
6 0.730741 0.609972 0.047043 0.206408 0.841712
6 0.375108 0.641464 0.058066 0.231247 0.587598
6 0.399116 0.566092 0.033145 0.129468 0.497007
6 0.662129 0.588952 0.051208 0.171083 0.526242
6 0.640876 0.543708 0.025344 0.064881 0.404753
6 0.591391 0.567762 0.033849 0.118791 0.634884
6 0.356739 0.545059 0.013156 0.067571 0.406452
6 0.407554 0.563688 0.019206 0.128692 0.421566
6 0.284922 0.551095 0.018989 0.098660 0.516084
9 0.909164 0.601436 0.121309 0.144754 0.498468