2 0.221741 0.552425 0.055752 0.103389 0.387323
3 0.254286 0.704382 0.071490 0.196413 0.813057
3 0.753682 0.685913 0.122989 0.163693 0.761235
3 0.433840 0.593474 0.026281 0.072479 0.695167
3 0.416024 0.579859 0.019743 0.057654 0.595321
3 0.474888 0.597618 0.026606 0.087556 0.730926
3 0.933400 0.619688 0.063088 0.110266 0.436598
3 0.375165 0.558898 0.017396 0.038038 0.453556
3 0.340140 0.556643 0.012298 0.039273 0.375848
3 0.329116 0.573222 0.019102 0.049786 0.692172
3 0.267201 0.548520 0.012685 0.044790 0.369872
3 0.366101 0.552862 0.011581 0.039321 0.361457
6 0.168917 0.595360 0.028696 0.132336 0.740865
6 0.659263 0.595704 0.032092 0.151979 0.671585
6 0.748869 0.632885 0.077556 0.207526 0.766127
6 0.625328 0.580008 0.024725 0.135061 0.643087
6 0.407273 0.555505 0.013688 0.062798 0.498309
6 0.329406 0.553907 0.019521 0.053742 0.497649
6 0.451934 0.554139 0.014970 0.067335 0.407489
6 0.261065 0.524189 0.023151 0.038257 0.380758
8 0.696214 0.264534 0.031071 0.105633 0.415127
8 0.443571 0.477595 0.052501 0.022437 0.357070
9 0.753720 0.801239 0.486719 0.387214 0.655056