0 0.481688 0.581955 0.135302 0.204611 0.733170
0 0.354839 0.498391 0.039144 0.088418 0.413865
2 0.433561 0.492964 0.058969 0.157468 0.437081
2 0.268344 0.460294 0.146702 0.183816 0.368464
3 0.312186 0.558079 0.089053 0.110672 0.623253
3 0.616366 0.576881 0.059520 0.116563 0.675618
5 0.685848 0.548675 0.093875 0.172214 0.478327
6 0.614850 0.531470 0.040928 0.121132 0.469988
6 0.550013 0.497515 0.016417 0.076907 0.415683
6 0.482680 0.429474 0.019445 0.059204 0.472738
6 0.317143 0.544452 0.030034 0.094448 0.384847
6 0.595190 0.530237 0.023207 0.120320 0.418370
9 0.890949 0.598411 0.113128 0.144291 0.376317