0 0.638988 0.691883 0.261138 0.369628 0.701629
0 0.970137 0.835124 0.059392 0.327289 0.488826
0 0.530429 0.563903 0.023769 0.068075 0.384522
2 0.210007 0.500228 0.054474 0.102424 0.451952
2 0.431510 0.552815 0.027960 0.065809 0.419380
2 0.511042 0.520249 0.028768 0.055169 0.444997
2 0.024569 0.519014 0.048856 0.117938 0.397313
2 0.173101 0.554975 0.053183 0.095826 0.411023
2 0.479235 0.553811 0.036841 0.073451 0.377663
3 0.511659 0.591971 0.019872 0.044447 0.429479
5 0.347096 0.684902 0.162179 0.350094 0.661602
6 0.070958 0.543439 0.017588 0.072603 0.707107
6 0.055366 0.537982 0.016531 0.081541 0.697158
6 0.979185 0.583237 0.011960 0.070908 0.558224
6 0.485840 0.563661 0.020390 0.079608 0.622398
6 0.509496 0.561162 0.022505 0.078869 0.563903
6 0.781855 0.559436 0.011976 0.047493 0.388197
6 0.017277 0.557212 0.010757 0.042200 0.411324
6 0.455829 0.543678 0.008915 0.043471 0.459511
8 0.369512 0.303759 0.060415 0.058387 0.653375
9 0.871561 0.616186 0.208126 0.079340 0.455756