0 0.591649 0.595649 0.037960 0.058167 0.589676
0 0.544306 0.575200 0.012198 0.021580 0.431298
0 0.772338 0.578927 0.013554 0.020394 0.456989
0 0.786649 0.580933 0.016531 0.025983 0.377084
2 0.564348 0.559203 0.025008 0.044304 0.458553
2 0.749117 0.574054 0.035799 0.037773 0.393454
3 0.619237 0.686306 0.046656 0.120006 0.789770
3 0.815628 0.625908 0.033268 0.072534 0.742462
6 0.556374 0.607844 0.034216 0.111547 0.794245
6 0.618746 0.631469 0.047182 0.151123 0.813683
6 0.816922 0.606252 0.021186 0.074240 0.615187
6 0.854946 0.577559 0.010257 0.059782 0.489751
6 0.845737 0.579296 0.011351 0.055637 0.524810
9 0.817337 0.739204 0.359323 0.267063 0.531992