0 0.482438 0.626659 0.100148 0.117947 0.666840
0 0.392611 0.646084 0.125842 0.148329 0.673035
0 0.273890 0.670213 0.113318 0.190711 0.615390
0 0.318610 0.603631 0.062275 0.092532 0.503459
0 0.103247 0.680332 0.125432 0.194703 0.585238
0 0.056670 0.748070 0.113030 0.438744 0.467628
0 0.202438 0.581918 0.037148 0.041050 0.439878
0 0.161916 0.635881 0.058051 0.142468 0.466368
0 0.251171 0.586895 0.071605 0.052414 0.374193
3 0.212657 0.762738 0.070850 0.209946 0.752405
4 0.572003 0.642657 0.022812 0.083270 0.744316
6 0.820337 0.628234 0.028034 0.147043 0.845038
6 0.709149 0.602211 0.027684 0.133063 0.752899
6 0.970932 0.611397 0.024564 0.117035 0.765329
6 0.400389 0.390882 0.037357 0.123382 0.698793
6 0.732102 0.600098 0.021765 0.115838 0.730195
6 0.212364 0.683183 0.074432 0.237687 0.743375
6 0.588365 0.575108 0.012963 0.075763 0.545909
6 0.651171 0.628987 0.023579 0.058744 0.537078
6 0.555232 0.569679 0.011163 0.060293 0.489209
6 0.529182 0.568484 0.010318 0.046792 0.395321
6 0.338601 0.387978 0.016587 0.115158 0.452986
7 0.205730 0.423179 0.021600 0.014448 0.404723
8 0.197261 0.504050 0.033534 0.019481 0.405188
8 0.622308 0.408541 0.071689 0.029172 0.400755