0 0.617895 0.553179 0.033680 0.035407 0.636247
0 0.306981 0.576499 0.079791 0.100337 0.688980
0 0.465128 0.565014 0.058780 0.092286 0.632167
0 0.574673 0.550667 0.010897 0.034585 0.408523
0 0.918502 0.703961 0.162771 0.323525 0.551675
0 0.149872 0.607197 0.182771 0.161355 0.371822
2 0.445331 0.523821 0.038899 0.071404 0.423456
2 0.707670 0.546555 0.078455 0.082662 0.370326
3 0.545757 0.660042 0.056288 0.169295 0.701478
3 0.411442 0.629545 0.034879 0.092086 0.728068
3 0.369024 0.607911 0.031231 0.069460 0.717733
3 0.818298 0.588973 0.048073 0.076406 0.511507
3 0.665188 0.579176 0.017046 0.053839 0.533458
3 0.645603 0.598027 0.030516 0.085799 0.668460
3 0.734121 0.588179 0.028287 0.051303 0.398839
3 0.523185 0.583101 0.016449 0.042591 0.363527
3 0.234926 0.604544 0.023641 0.082663 0.366906
6 0.115172 0.626868 0.057327 0.214672 0.790805
6 0.370444 0.569009 0.036068 0.105933 0.684708
6 0.728368 0.572644 0.015053 0.081948 0.507425
6 0.412606 0.592088 0.029881 0.102959 0.443962
6 0.638087 0.573725 0.014769 0.083763 0.359004
6 0.147108 0.505022 0.013345 0.047758 0.450645
6 0.272214 0.558728 0.020770 0.096627 0.514941
6 0.171605 0.505111 0.020763 0.047015 0.393123
6 0.669908 0.562630 0.015118 0.064829 0.366668
6 0.417200 0.545575 0.025488 0.069713 0.399648
9 0.755835 0.775106 0.480330 0.440995 0.365224