0 0.559092 0.544593 0.040929 0.051954 0.733969
0 0.881240 0.603456 0.118310 0.128863 0.704137
0 0.940530 0.591577 0.074980 0.096289 0.622621
0 0.266688 0.492919 0.046455 0.030634 0.376776
2 0.667343 0.471851 0.122499 0.315549 0.715113
2 0.749038 0.538727 0.049031 0.124502 0.465866
3 0.410781 0.690887 0.116836 0.197793 0.851234
3 0.794713 0.570978 0.020945 0.053683 0.694191
6 0.036744 0.507040 0.028576 0.143860 0.804541
6 0.413189 0.649869 0.067137 0.260794 0.778481
6 0.338749 0.538774 0.022757 0.108892 0.729290
6 0.369930 0.537362 0.020852 0.104275 0.699167
6 0.080823 0.444743 0.012354 0.045172 0.485331
6 0.481838 0.532717 0.011893 0.047420 0.449985
6 0.513539 0.534012 0.008599 0.050565 0.399976
6 0.781428 0.532492 0.005076 0.026118 0.358765
8 0.433739 0.428184 0.025626 0.036752 0.457136
8 0.504029 0.474190 0.012740 0.022668 0.351137