0 0.812790 0.622555 0.167679 0.151900 0.736449
0 0.402224 0.536927 0.012605 0.017654 0.357108
1 0.466332 0.532963 0.041586 0.055398 0.504606
1 0.437294 0.530987 0.018692 0.036202 0.364222
2 0.643341 0.536763 0.116552 0.179335 0.619145
2 0.228461 0.564217 0.072750 0.166345 0.442790
3 0.389886 0.605710 0.039116 0.093627 0.639375
3 0.344269 0.587322 0.018495 0.047631 0.565341
3 0.974213 0.675546 0.050967 0.101106 0.424432
6 0.173219 0.566315 0.018430 0.092872 0.712889
6 0.344500 0.566165 0.019959 0.067857 0.547731
6 0.387562 0.535511 0.016446 0.028590 0.374694
9 0.099040 0.707430 0.195686 0.169157 0.439270