0 0.212397 0.598636 0.031248 0.044661 0.619148
0 0.164812 0.621222 0.068658 0.090097 0.694956
0 0.805612 0.611208 0.043506 0.055621 0.393740
0 0.403482 0.608231 0.035111 0.066640 0.350792
0 0.434670 0.610022 0.032895 0.065370 0.353814
1 0.458275 0.582958 0.082582 0.103501 0.599552
2 0.347953 0.587801 0.062095 0.114730 0.509600
2 0.079100 0.539208 0.126267 0.233547 0.482749
3 0.743534 0.647054 0.039739 0.079508 0.778493
3 0.835419 0.658414 0.043459 0.091615 0.786841
3 0.016957 0.631460 0.033588 0.135100 0.535709
3 0.946693 0.617200 0.029774 0.053395 0.373852
5 0.645025 0.688552 0.142087 0.263200 0.693045
6 0.723667 0.581164 0.010521 0.031977 0.413906
6 0.848845 0.624412 0.018243 0.093818 0.487874
6 0.835087 0.623517 0.022928 0.094280 0.497374
6 0.745059 0.619467 0.026869 0.086689 0.498354
6 0.730647 0.626641 0.015156 0.064449 0.353737
6 0.264778 0.611768 0.012377 0.074998 0.356560
7 0.201523 0.351802 0.046490 0.016613 0.453499
8 0.241486 0.386435 0.041472 0.049401 0.511361
8 0.694460 0.368351 0.030313 0.053496 0.422950