0 0.395462 0.596979 0.093280 0.135286 0.745056
0 0.628629 0.559718 0.042303 0.061802 0.621051
0 0.455895 0.515059 0.025789 0.022953 0.380544
1 0.716896 0.535959 0.137224 0.162320 0.805186
3 0.092287 0.584071 0.027929 0.098123 0.593747
3 0.870547 0.605842 0.032038 0.073793 0.563580
3 0.444076 0.540020 0.012887 0.031379 0.498726
3 0.117997 0.575140 0.025096 0.074504 0.521234
3 0.296724 0.546069 0.016830 0.039758 0.379687
3 0.949612 0.553385 0.030665 0.043720 0.407601
3 0.477770 0.530979 0.010851 0.025409 0.416842
5 0.525005 0.577028 0.074140 0.156831 0.567636
6 0.159429 0.624697 0.064632 0.182024 0.683628
6 0.803071 0.562245 0.013172 0.061424 0.704692
6 0.989692 0.496992 0.010342 0.053195 0.554620
9 0.797615 0.785950 0.364388 0.414124 0.496438