0 0.602629 0.750355 0.247604 0.376379 0.746320
0 0.859611 0.660834 0.147710 0.236187 0.726582
0 0.416436 0.600037 0.086796 0.149265 0.675344
1 0.580215 0.520635 0.079633 0.088580 0.629708
1 0.529969 0.521685 0.027801 0.079383 0.546119
2 0.038773 0.528994 0.077309 0.214200 0.361612
3 0.122523 0.663385 0.066772 0.134796 0.742026
3 0.470193 0.663772 0.040281 0.102581 0.689882
3 0.199120 0.695915 0.074053 0.162443 0.692380
3 0.350944 0.611733 0.025637 0.066815 0.462163
3 0.318536 0.710997 0.064935 0.170113 0.753542
3 0.230217 0.636263 0.043290 0.098026 0.439004
6 0.033361 0.642027 0.066350 0.229247 0.791609
6 0.319897 0.636231 0.066727 0.204424 0.704819
6 0.128077 0.603516 0.047253 0.169722 0.731116
6 0.230018 0.593321 0.042438 0.134812 0.609019
6 0.191027 0.624660 0.080594 0.197556 0.637058
6 0.352319 0.586243 0.033160 0.108650 0.630151
6 0.472831 0.620143 0.042368 0.183045 0.491604
8 0.976015 0.635527 0.047112 0.466274 0.369589
8 0.640825 0.526700 0.042586 0.099070 0.353790