2 0.163905 0.634182 0.194522 0.250388 0.621082
2 0.737184 0.569984 0.122926 0.223380 0.547418
2 0.025521 0.615616 0.050650 0.254688 0.444067
2 0.470055 0.575966 0.043932 0.105551 0.413516
2 0.529836 0.599929 0.080416 0.156614 0.463989
2 0.381884 0.588596 0.054378 0.116875 0.399179
2 0.328180 0.587667 0.057102 0.115044 0.373393
2 0.604416 0.539164 0.027715 0.060583 0.355852
3 0.549101 0.672184 0.053331 0.146359 0.796712
3 0.645642 0.572985 0.014821 0.050253 0.360887
5 0.907947 0.648490 0.169562 0.297543 0.511963
6 0.382036 0.591138 0.022053 0.125402 0.710585
6 0.415656 0.590359 0.020448 0.119636 0.673506
6 0.545523 0.624400 0.053650 0.178629 0.648693
6 0.506310 0.571533 0.012247 0.042653 0.489199
6 0.515111 0.573933 0.012749 0.040271 0.504475
6 0.588770 0.545528 0.008289 0.039974 0.412150
6 0.804325 0.562232 0.018782 0.091411 0.373565
9 0.782064 0.773207 0.428641 0.440070 0.671882