2 0.406707 0.595237 0.076531 0.168582 0.437703
2 0.896061 0.721579 0.178128 0.371644 0.421219
3 0.676619 0.688718 0.063242 0.197937 0.870817
5 0.510658 0.587236 0.072162 0.162043 0.544707
6 0.065289 0.774946 0.130217 0.447886 0.808746
6 0.455333 0.586440 0.029826 0.153298 0.744983
6 0.890941 0.729830 0.044466 0.290076 0.636167
6 0.584889 0.556741 0.014979 0.071683 0.719814
6 0.474345 0.564941 0.014310 0.089758 0.535174
6 0.854036 0.714785 0.033559 0.203799 0.469627
6 0.560868 0.546333 0.013265 0.050042 0.492653
6 0.946636 0.643238 0.051470 0.089525 0.465386
6 0.790514 0.571081 0.013602 0.108749 0.371505
8 0.155146 0.192497 0.308998 0.385087 0.480324