8 0.223768 0.096958 0.091453 0.156600 0.188934
8 0.239910 0.322122 0.032761 0.044298 0.101571
0 0.020247 0.370112 0.040348 0.057962 0.131920
8 0.178091 0.363174 0.040617 0.259619 0.134920
6 0.295048 0.386706 0.069780 0.225696 0.166053
0 0.775537 0.489265 0.192104 0.263913 0.200856
3 0.039504 0.508422 0.078196 0.229170 0.234446
8 0.870824 0.487312 0.128110 0.066547 0.130609
6 0.133121 0.606517 0.094968 0.381097 0.260800
3 0.222201 0.547175 0.111494 0.210640 0.164927
3 0.263404 0.560884 0.175654 0.272555 0.425016
3 0.478148 0.604717 0.164840 0.304081 0.364693
9 0.729461 0.639968 0.542812 0.466028 0.196042
9 0.382220 0.899598 0.312712 0.193477 0.123597