8 0.078403 0.329210 0.152624 0.198524 0.113828
6 0.428300 0.584987 0.031109 0.092008 0.116189
6 0.644569 0.581301 0.036367 0.066713 0.113498
6 0.695475 0.573440 0.024637 0.080534 0.141680
6 0.785418 0.586677 0.034211 0.089457 0.124481
5 0.499002 0.574043 0.040633 0.057546 0.156783
3 0.568874 0.581499 0.019575 0.034303 0.175568
6 0.722565 0.600679 0.044205 0.115016 0.150217
4 0.072195 0.671922 0.065157 0.130476 0.118267
3 0.642537 0.625187 0.045258 0.094617 0.197597
3 0.725883 0.631194 0.046533 0.088022 0.116926
4 0.033701 0.712672 0.066906 0.169752 0.146535
5 0.263213 0.748260 0.321654 0.510399 0.274161
5 0.886813 0.755913 0.216849 0.491891 0.195889