8 0.228521 0.440341 0.017246 0.035303 0.117541
8 0.286800 0.445988 0.020040 0.026827 0.226535
8 0.553589 0.452375 0.018473 0.035740 0.157386
5 0.385976 0.512781 0.044708 0.042086 0.150718
8 0.489229 0.480084 0.012675 0.022399 0.186160
6 0.395756 0.519650 0.019060 0.030450 0.109763
6 0.467986 0.519096 0.021147 0.048383 0.148740
6 0.704406 0.544411 0.042475 0.114836 0.144001
6 0.727636 0.546642 0.039529 0.114315 0.122427
6 0.127263 0.661901 0.082449 0.340301 0.212592
6 0.410738 0.525129 0.013045 0.035267 0.101911
6 0.666668 0.682091 0.115345 0.314409 0.247968
4 0.727909 0.601681 0.043802 0.078489 0.206258
9 0.848950 0.673230 0.298442 0.285061 0.121039
9 0.179909 0.655433 0.355496 0.284788 0.126843
3 0.673768 0.784192 0.136565 0.308652 0.400366
9 0.855297 0.768833 0.292925 0.302797 0.173372
0 0.407428 0.680886 0.218290 0.322069 0.448100