1 0.307761 0.534914 0.131189 0.126300 0.204120
0 0.227032 0.558073 0.047299 0.050179 0.105922
1 0.766593 0.552895 0.140331 0.129891 0.208898
0 0.524975 0.582000 0.047448 0.077999 0.121493
0 0.570575 0.599720 0.102454 0.097017 0.107126
6 0.281424 0.596014 0.034074 0.108464 0.151568
6 0.305680 0.586813 0.030155 0.084524 0.118480
6 0.360494 0.611878 0.045140 0.124770 0.144642
5 0.471003 0.585147 0.056556 0.108575 0.236713
3 0.363227 0.646028 0.045196 0.093952 0.147330
0 0.566715 0.650072 0.125124 0.185793 0.187085
6 0.670866 0.660271 0.113481 0.262247 0.106774
3 0.420965 0.654350 0.058640 0.115775 0.235312
3 0.667524 0.826896 0.203475 0.348530 0.206406
5 0.105896 0.740994 0.218151 0.508515 0.159472