5 0.684450 0.598277 0.070066 0.071229 0.140093
0 0.449041 0.612819 0.051939 0.059188 0.162175
0 0.544405 0.608243 0.035517 0.055263 0.104078
4 0.633177 0.611143 0.021441 0.029202 0.125617
6 0.678198 0.623915 0.033717 0.088578 0.151057
4 0.766281 0.620793 0.032573 0.060703 0.125756
4 0.703630 0.634720 0.045004 0.099567 0.114082
0 0.301731 0.668567 0.161636 0.189453 0.185713
5 0.509611 0.650497 0.078965 0.111005 0.129623
6 0.723263 0.756869 0.121781 0.334602 0.210873
3 0.907203 0.689878 0.060721 0.133619 0.196231
4 0.686564 0.650410 0.053495 0.115004 0.131239
3 0.735768 0.855919 0.145476 0.287501 0.259402