8 0.663201 0.311896 0.045544 0.096652 0.256664
8 0.662131 0.418516 0.038834 0.070811 0.210214
8 0.662609 0.459786 0.032533 0.027164 0.139778
2 0.331366 0.558687 0.224798 0.335134 0.293543
8 0.662856 0.474887 0.025050 0.050818 0.223421
2 0.541757 0.576177 0.094466 0.187515 0.235500
1 0.708879 0.567622 0.095610 0.104291 0.193616
1 0.869407 0.575926 0.260786 0.231723 0.286650
2 0.199247 0.567065 0.066427 0.092663 0.107019
1 0.612481 0.579301 0.062723 0.068205 0.131343
1 0.675522 0.574644 0.140991 0.120500 0.139895
0 0.463947 0.666910 0.105841 0.153168 0.218722
0 0.750426 0.656851 0.114370 0.129355 0.194145
0 0.154148 0.684258 0.076977 0.237516 0.107979
2 0.101137 0.627667 0.201550 0.576369 0.210738
0 0.899496 0.723234 0.201294 0.234592 0.264711
0 0.627309 0.732129 0.165406 0.259380 0.260515
3 0.309998 0.862743 0.148169 0.269960 0.332502
9 0.847031 0.855493 0.303790 0.292477 0.174977