2 0.571965 0.590077 0.116353 0.146653 0.108284
8 0.275221 0.395358 0.071978 0.089566 0.134418
1 0.526796 0.503631 0.033994 0.037566 0.132353
1 0.527916 0.564147 0.050595 0.139603 0.285779
6 0.565496 0.591516 0.049535 0.127387 0.214323
6 0.600871 0.594864 0.047397 0.129691 0.242927
2 0.674902 0.588519 0.092773 0.157887 0.354160
2 0.835532 0.586142 0.149547 0.187146 0.127279
5 0.160513 0.756464 0.156363 0.490385 0.133531
6 0.737039 0.599917 0.041476 0.114833 0.214727
4 0.561620 0.628931 0.048058 0.081051 0.211887
3 0.603193 0.629458 0.042370 0.085276 0.196029
4 0.738699 0.624047 0.034804 0.062524 0.116854
6 0.788728 0.617900 0.037308 0.131509 0.271689
6 0.974252 0.707466 0.051931 0.258224 0.159602
4 0.331681 0.744281 0.116803 0.170846 0.147380
0 0.961118 0.785042 0.075864 0.239572 0.152516
5 0.078898 0.733736 0.156862 0.515814 0.280330
5 0.325192 0.746757 0.383851 0.503048 0.457074