8 0.032085 0.325162 0.064683 0.092826 0.136542
7 0.661992 0.334526 0.044897 0.063562 0.123541
8 0.225005 0.373229 0.064490 0.134139 0.110298
8 0.830184 0.381264 0.050450 0.070844 0.157527
8 0.032115 0.393755 0.063863 0.103183 0.132864
8 0.298865 0.433101 0.033151 0.041887 0.130805
8 0.829079 0.406505 0.064094 0.151347 0.323616
8 0.825407 0.471477 0.054255 0.039288 0.177906
6 0.139200 0.635676 0.069079 0.255988 0.130131
8 0.606487 0.582516 0.041631 0.074255 0.113112
6 0.301530 0.620297 0.066005 0.173866 0.147165
6 0.535755 0.661371 0.079966 0.229937 0.174905
3 0.222920 0.725116 0.081891 0.188820 0.161750
6 0.346928 0.723569 0.095587 0.300276 0.193952
2 0.377759 0.626134 0.208047 0.288178 0.280763
4 0.530543 0.755484 0.091235 0.241774 0.199390
3 0.338748 0.797824 0.098312 0.199694 0.229275