8 0.185963 0.412642 0.037575 0.120910 0.125679
0 0.120917 0.621861 0.233015 0.149547 0.125733
0 0.401012 0.662725 0.125211 0.175339 0.170690
6 0.496227 0.729808 0.082565 0.255029 0.123762
0 0.557957 0.683093 0.142957 0.198463 0.159528
3 0.447851 0.721608 0.058492 0.152234 0.220273
0 0.705512 0.664929 0.176576 0.240384 0.163036
6 0.886890 0.737860 0.108893 0.282628 0.166650
3 0.500177 0.830111 0.082165 0.214016 0.233517
0 0.164720 0.800783 0.335687 0.384639 0.177353
3 0.888958 0.856038 0.130520 0.279444 0.253230