2 0.575527 0.553579 0.100906 0.125547 0.216654
5 0.492215 0.580992 0.075619 0.105302 0.133843
5 0.726389 0.649270 0.153067 0.254223 0.188387
6 0.504904 0.639354 0.056208 0.172334 0.144447
6 0.542092 0.623196 0.046044 0.139013 0.130761
6 0.633441 0.640150 0.066520 0.179500 0.154729
6 0.747847 0.667352 0.087079 0.196389 0.125347
4 0.543253 0.682510 0.043245 0.097846 0.163332
3 0.634339 0.707734 0.075180 0.178468 0.248886
6 0.091222 0.788407 0.182040 0.416433 0.127522
5 0.359720 0.743819 0.221039 0.459323 0.296822
3 0.516022 0.711446 0.089889 0.160233 0.255447
5 0.917569 0.723634 0.166323 0.452099 0.236697
4 0.757175 0.832933 0.152261 0.323769 0.240017
4 0.132312 0.901084 0.138331 0.191003 0.177314