8 0.699454 0.321542 0.046365 0.064032 0.207572
8 0.999882 0.336607 0.045632 0.149740 0.101685
8 0.211631 0.356832 0.077804 0.146418 0.147330
8 0.701229 0.346324 0.041792 0.023474 0.154578
8 0.734591 0.340472 0.026827 0.040856 0.153270
6 0.814939 0.584093 0.033398 0.057249 0.111861
5 0.925164 0.592293 0.110562 0.177087 0.289149
6 0.262065 0.614277 0.063962 0.155920 0.157444
6 0.647993 0.608022 0.037393 0.134665 0.170304
6 0.733068 0.594260 0.025351 0.045539 0.118212
6 0.801401 0.619124 0.061509 0.138724 0.150528
2 0.389710 0.680395 0.244303 0.401094 0.281695
9 0.559297 0.618742 0.123811 0.060526 0.101848
6 0.040045 0.688160 0.079670 0.325226 0.153917
4 0.259537 0.697579 0.071498 0.159161 0.109543
3 0.807656 0.658208 0.107864 0.119524 0.256019
3 0.107194 0.827545 0.137999 0.319315 0.276663
6 0.222813 0.792896 0.128857 0.399450 0.195856
3 0.230124 0.900767 0.137088 0.202079 0.299639