8 0.332032 0.378816 0.049810 0.058250 0.109366
8 0.460173 0.399720 0.030675 0.015419 0.160200
8 0.892355 0.414236 0.027235 0.058407 0.134836
8 0.520905 0.441340 0.013259 0.019042 0.137701
8 0.932544 0.497465 0.026947 0.064718 0.120935
8 0.891321 0.515273 0.043932 0.059391 0.123395
8 0.041658 0.568871 0.034357 0.059113 0.101727
0 0.404631 0.609692 0.051843 0.066850 0.102437
0 0.440012 0.602342 0.034101 0.056422 0.106911
5 0.924225 0.617353 0.085968 0.115645 0.152782
6 0.957025 0.631568 0.036139 0.109975 0.131415
2 0.311720 0.640171 0.124156 0.152906 0.144155
5 0.817915 0.626199 0.090614 0.116445 0.110065
4 0.954693 0.659712 0.036978 0.081285 0.154710
3 0.183012 0.687795 0.080265 0.140951 0.245804
5 0.496594 0.646768 0.104418 0.192663 0.147861
3 0.065858 0.789253 0.127270 0.261563 0.210279