2 0.108424 0.451554 0.210121 0.805758 0.352149
8 0.642457 0.455464 0.061096 0.159463 0.120458
8 0.628518 0.405586 0.027309 0.048907 0.147978
8 0.639782 0.408647 0.025648 0.030925 0.246687
8 0.604436 0.485094 0.060292 0.077750 0.112129
8 0.648409 0.452043 0.039082 0.057823 0.101205
5 0.368715 0.541450 0.068534 0.087946 0.180039
2 0.467654 0.518086 0.083455 0.082889 0.258875
8 0.612497 0.494223 0.033224 0.055956 0.183024
0 0.953787 0.487703 0.080960 0.054177 0.138472
6 0.321186 0.558329 0.032144 0.069962 0.178208
0 0.553426 0.538445 0.055111 0.061268 0.115449
0 0.673536 0.523467 0.056641 0.050149 0.151166
3 0.779648 0.514501 0.024255 0.049916 0.235171
0 0.855093 0.532674 0.132652 0.105091 0.322354
0 0.228956 0.587614 0.076961 0.090211 0.103039
3 0.361132 0.570672 0.051735 0.089094 0.194633
3 0.388499 0.567313 0.031090 0.065108 0.112256
0 0.442766 0.561629 0.099008 0.065841 0.146322
6 0.499890 0.566600 0.033621 0.084006 0.147896
8 0.628933 0.500769 0.022630 0.110677 0.108885
9 0.716539 0.565286 0.040349 0.063226 0.208643
6 0.301551 0.634538 0.067738 0.170887 0.238294
5 0.554492 0.575190 0.063964 0.133383 0.320287
9 0.610632 0.587254 0.123991 0.098519 0.128716
0 0.445346 0.621897 0.118536 0.167868 0.334143
6 0.217468 0.753313 0.136069 0.381171 0.255450
3 0.294464 0.705448 0.074905 0.158228 0.376170
9 0.785434 0.777679 0.440697 0.453478 0.340515
4 0.346937 0.808065 0.091624 0.043234 0.109758
9 0.847030 0.576692 0.308789 0.170341 0.101225
9 0.892214 0.837909 0.204577 0.251390 0.100975
3 0.202324 0.875122 0.152674 0.246671 0.274284