8 0.806271 0.403066 0.050670 0.087295 0.110645
8 0.491797 0.448218 0.033206 0.081667 0.136236
8 0.593589 0.451174 0.021364 0.033320 0.150605
8 0.932447 0.471170 0.031714 0.082286 0.149171
8 0.465949 0.530197 0.031886 0.063906 0.102751
2 0.767385 0.583074 0.046379 0.105375 0.187165
6 0.879385 0.590447 0.044181 0.127838 0.155417
6 0.915505 0.575603 0.049191 0.108018 0.138727
2 0.427814 0.618551 0.118100 0.125007 0.128826
6 0.600623 0.602720 0.039366 0.070047 0.117608
2 0.699575 0.603279 0.116956 0.156652 0.386516
6 0.854811 0.628921 0.075099 0.156002 0.246343
5 0.425763 0.664610 0.134312 0.232654 0.267120
6 0.531394 0.681748 0.060349 0.202653 0.226231
6 0.610346 0.758493 0.122586 0.335564 0.229138
3 0.859296 0.670839 0.067489 0.132307 0.356168
4 0.266165 0.794100 0.081890 0.223405 0.103789
3 0.455119 0.750255 0.107161 0.223296 0.294301
4 0.639519 0.832875 0.073597 0.252308 0.125443
6 0.084302 0.820679 0.166135 0.360148 0.152731
3 0.336097 0.788076 0.145010 0.244260 0.317538
6 0.154694 0.818354 0.242406 0.354007 0.200356
4 0.226160 0.887415 0.149148 0.222579 0.209141
3 0.596633 0.864878 0.148843 0.265998 0.340962
9 0.860046 0.857206 0.162272 0.288097 0.113902