5 0.306515 0.530057 0.047119 0.063727 0.103511
2 0.491165 0.532805 0.040107 0.049192 0.100122
3 0.398624 0.547862 0.017612 0.034541 0.153982
0 0.454015 0.551694 0.050897 0.071970 0.165168
6 0.515985 0.657971 0.071314 0.290085 0.121129
3 0.360168 0.578368 0.026829 0.047474 0.191891
4 0.762683 0.604748 0.078587 0.107653 0.105685
3 0.896154 0.643166 0.101370 0.145699 0.150992
6 0.259650 0.774513 0.154420 0.449392 0.110710
2 0.158406 0.727260 0.288739 0.502000 0.249416
6 0.498941 0.728057 0.069082 0.246418 0.148198