2 0.829597 0.584415 0.108168 0.160950 0.164734
8 0.317812 0.567826 0.023568 0.034487 0.179960
6 0.524374 0.590202 0.032275 0.090554 0.137947
6 0.430482 0.610308 0.038478 0.066658 0.140671
4 0.554966 0.599272 0.021437 0.039278 0.103605
4 0.525815 0.623672 0.026670 0.057904 0.131839
5 0.644478 0.592974 0.108230 0.191798 0.153705
0 0.941536 0.687045 0.114189 0.146542 0.158965
6 0.430545 0.744150 0.102049 0.278365 0.169009
4 0.880364 0.749083 0.094222 0.159430 0.126874
3 0.427452 0.851065 0.112493 0.270675 0.173610