8 0.323993 0.225175 0.042988 0.063766 0.112413
8 0.645510 0.268804 0.036735 0.085033 0.148666
5 0.121779 0.670858 0.241993 0.334445 0.244891
6 0.375210 0.589811 0.028647 0.087449 0.118493
5 0.525214 0.618161 0.170978 0.210240 0.238284
5 0.811897 0.585130 0.089908 0.104378 0.151620
6 0.107528 0.624514 0.049366 0.140439 0.114644
3 0.236475 0.613393 0.050427 0.079102 0.197977
4 0.413660 0.624213 0.053884 0.092586 0.150238
4 0.914518 0.604363 0.026586 0.058922 0.120223
6 0.330708 0.747622 0.151991 0.422048 0.181635
6 0.562720 0.654072 0.095165 0.228115 0.120827
6 0.678905 0.699183 0.119868 0.356512 0.174641
6 0.749620 0.715422 0.138706 0.382529 0.177500
4 0.212609 0.744740 0.072889 0.159925 0.102836
3 0.886853 0.756904 0.170280 0.234549 0.182325
4 0.233157 0.776622 0.113191 0.123676 0.227284
0 0.999784 0.816074 0.137917 0.352685 0.121608
3 0.571556 0.738490 0.188875 0.223834 0.232916
3 0.776670 0.806983 0.280517 0.294815 0.257344
4 0.336752 0.845459 0.280774 0.302704 0.247970