8 0.046834 0.262948 0.093248 0.278260 0.109952
8 0.063824 0.445896 0.071372 0.068676 0.100511
6 0.456359 0.491181 0.074165 0.193954 0.185368
6 0.451848 0.441307 0.059322 0.083501 0.107062
6 0.509260 0.505783 0.059566 0.197242 0.193330
5 0.592256 0.572103 0.051885 0.109962 0.208619
1 0.815755 0.523801 0.365462 0.208560 0.383627
6 0.190034 0.632754 0.037355 0.169267 0.106091
1 0.349582 0.588771 0.055809 0.125022 0.225742
5 0.267194 0.684659 0.170174 0.315676 0.315888
6 0.975922 0.599020 0.049774 0.169084 0.114646
2 0.478467 0.652006 0.227087 0.375906 0.251283