8 0.090107 0.329657 0.076402 0.101665 0.105959
8 0.243332 0.320098 0.024535 0.036987 0.112060
1 0.440974 0.421891 0.174390 0.233518 0.246363
8 0.244474 0.359024 0.034060 0.078528 0.163117
0 0.573282 0.458727 0.091314 0.050126 0.136839
0 0.658154 0.446623 0.042706 0.036660 0.111012
6 0.053583 0.548653 0.051609 0.233767 0.137561
6 0.143874 0.544485 0.052416 0.222087 0.142764
6 0.259401 0.519247 0.065339 0.166436 0.122991
6 0.317830 0.477551 0.022507 0.064346 0.121257
6 0.373194 0.539179 0.067018 0.192228 0.153721
4 0.274832 0.585214 0.042008 0.105731 0.140544
3 0.369449 0.596595 0.068083 0.139693 0.147504
0 0.655691 0.710255 0.442475 0.513890 0.230432
3 0.229618 0.725641 0.112097 0.292864 0.266832