8 0.949102 0.415439 0.018852 0.035567 0.203252
8 0.232702 0.468091 0.034007 0.045280 0.353043
5 0.237415 0.548691 0.127816 0.126267 0.119606
8 0.395888 0.478399 0.053829 0.040121 0.129918
6 0.432187 0.621332 0.050044 0.188872 0.185301
5 0.582034 0.561525 0.036728 0.061543 0.251320
0 0.633577 0.558156 0.036343 0.044961 0.122311
5 0.696733 0.585692 0.085355 0.121199 0.260370
6 0.243749 0.628142 0.083670 0.147265 0.136307
3 0.349779 0.641557 0.086941 0.142374 0.113812
4 0.090366 0.660259 0.090809 0.118120 0.208797
3 0.378433 0.639891 0.076397 0.136401 0.171175
5 0.513476 0.646899 0.122128 0.238599 0.276401
5 0.786904 0.610970 0.133656 0.184902 0.324596
2 0.924474 0.628584 0.147917 0.263813 0.177191
3 0.219324 0.659615 0.098915 0.158115 0.249090
3 0.335992 0.676387 0.101810 0.188127 0.297741
3 0.068748 0.807718 0.134912 0.261960 0.221474