8 0.396261 0.022827 0.056599 0.046103 0.104221
8 0.153112 0.525226 0.025151 0.049324 0.134877
8 0.385954 0.544753 0.016174 0.019220 0.113212
1 0.513348 0.565672 0.047029 0.101843 0.141604
1 0.839766 0.621594 0.092482 0.221346 0.287331
1 0.904334 0.621942 0.191083 0.342515 0.344926
8 0.385119 0.551633 0.018173 0.027199 0.161205
1 0.496113 0.578898 0.029359 0.053574 0.120748
1 0.521490 0.574682 0.031439 0.073217 0.338478
1 0.665317 0.591579 0.274956 0.479288 0.568536
6 0.344470 0.661174 0.069807 0.195845 0.110178
1 0.955458 0.619631 0.089781 0.351888 0.103977
3 0.346841 0.717601 0.071190 0.156791 0.428640
3 0.065928 0.904063 0.125236 0.184623 0.241285
9 0.882247 0.831934 0.223035 0.321359 0.158795