6 0.183628 0.570540 0.031393 0.064347 0.103473
0 0.278595 0.577939 0.047388 0.061874 0.151179
8 0.379630 0.557771 0.026426 0.035460 0.137920
0 0.502293 0.590812 0.085763 0.070718 0.239952
6 0.378384 0.618834 0.034514 0.107990 0.178616
6 0.576678 0.621147 0.028429 0.050021 0.106185
3 0.314878 0.623239 0.030580 0.059075 0.184224
0 0.758602 0.650782 0.152847 0.139223 0.238200
6 0.574608 0.727723 0.088541 0.237045 0.196711
9 0.648987 0.764545 0.727059 0.397954 0.166426
8 0.062280 0.753939 0.045650 0.143126 0.116601
9 0.748557 0.728609 0.046099 0.079548 0.106844
9 0.951741 0.826763 0.077188 0.103530 0.104543
3 0.592810 0.845899 0.102951 0.198271 0.252925
9 0.860317 0.815002 0.287477 0.237301 0.102666
9 0.233149 0.901325 0.105836 0.201303 0.113771