8 0.621792 0.484044 0.024581 0.048388 0.118078
8 0.636426 0.494238 0.058402 0.096906 0.109400
0 0.958342 0.615661 0.085159 0.110596 0.112522
3 0.141990 0.592479 0.120818 0.092625 0.116214
0 0.426229 0.644595 0.135068 0.199730 0.179310
3 0.514067 0.582592 0.022417 0.045432 0.120041
6 0.624274 0.613539 0.055770 0.119030 0.108033
0 0.868754 0.599564 0.114776 0.110991 0.136913
3 0.257103 0.661853 0.071759 0.122699 0.148243
3 0.618613 0.668276 0.056684 0.117897 0.178434
4 0.955060 0.676332 0.088130 0.114891 0.106766