8 0.044565 0.098748 0.027704 0.097684 0.114064
8 0.757220 0.379684 0.118754 0.098819 0.129509
8 0.199056 0.426586 0.103467 0.115987 0.136485
1 0.329766 0.551133 0.078992 0.090083 0.101495
8 0.142001 0.606358 0.034819 0.271657 0.126080
6 0.364410 0.588705 0.027100 0.072791 0.108725
5 0.722191 0.635713 0.091297 0.223661 0.209242
6 0.348255 0.609913 0.040623 0.114879 0.133004
6 0.542244 0.602569 0.069042 0.095020 0.153338
6 0.596005 0.631348 0.045358 0.158037 0.109546
6 0.655730 0.643671 0.066533 0.192236 0.229217
6 0.546619 0.683227 0.087459 0.226231 0.246990
5 0.796159 0.660783 0.101856 0.297127 0.113084
3 0.978295 0.723220 0.043836 0.165136 0.120116
3 0.040143 0.693760 0.077560 0.119637 0.207810
1 0.472088 0.551780 0.200445 0.370817 0.371475
3 0.666050 0.694415 0.083840 0.187137 0.308930
3 0.298233 0.752547 0.102373 0.287365 0.274630
3 0.553757 0.770190 0.100216 0.233751 0.400972
5 0.861536 0.732314 0.245839 0.448816 0.339167