8 0.389983 0.190693 0.102235 0.162838 0.123471
2 0.589753 0.468079 0.075262 0.096364 0.113592
5 0.464226 0.470228 0.097088 0.086800 0.150529
6 0.575573 0.501190 0.056445 0.147980 0.182677
5 0.253376 0.560391 0.174413 0.288986 0.155859
4 0.390491 0.487573 0.035251 0.049288 0.103208
4 0.423066 0.483467 0.032649 0.058671 0.105213
4 0.489416 0.491823 0.035371 0.054455 0.120402
6 0.164872 0.682395 0.153334 0.582145 0.191789
5 0.823005 0.533898 0.323908 0.561049 0.252553
4 0.174175 0.817714 0.237668 0.358236 0.391189