8 0.266980 0.266300 0.051571 0.127038 0.130414
0 0.585081 0.474907 0.047911 0.077200 0.108068
6 0.259776 0.525291 0.059034 0.213788 0.128810
6 0.381012 0.527086 0.066697 0.169680 0.100474
0 0.618817 0.492878 0.061665 0.093561 0.160235
3 0.306531 0.529605 0.054440 0.114039 0.158514
0 0.482708 0.519255 0.118754 0.178243 0.174058
3 0.124440 0.581786 0.184640 0.183139 0.228744
0 0.715449 0.564260 0.179669 0.214779 0.193132
3 0.378425 0.607776 0.071049 0.168472 0.257480
3 0.034675 0.665462 0.068636 0.198700 0.141122