8 0.902105 0.284731 0.159012 0.196324 0.132318
6 0.858400 0.261749 0.037767 0.088669 0.103579
8 0.095495 0.373539 0.189109 0.143674 0.108378
8 0.598483 0.465498 0.043244 0.050468 0.103309
1 0.105442 0.532615 0.206537 0.197743 0.263479
8 0.260899 0.484855 0.039268 0.047495 0.205543
5 0.617654 0.551659 0.080336 0.122611 0.109373
6 0.067828 0.593381 0.031592 0.118270 0.167451
6 0.211119 0.564714 0.034582 0.059978 0.132759
6 0.432559 0.572138 0.025290 0.071390 0.185402
6 0.520196 0.551561 0.014608 0.037275 0.108645
0 0.703665 0.577352 0.065118 0.064186 0.164573
6 0.106036 0.613857 0.045997 0.142133 0.190763
6 0.223745 0.653074 0.084057 0.170231 0.141755
2 0.816164 0.610875 0.178979 0.209986 0.293516
0 0.923461 0.606319 0.071100 0.107557 0.153031
4 0.699093 0.631448 0.048953 0.080305 0.125984
3 0.209640 0.716664 0.099339 0.206701 0.263619
4 0.849048 0.750311 0.073975 0.134797 0.110629
9 0.761930 0.785220 0.458612 0.430154 0.169516