8 0.662106 0.457037 0.031862 0.055196 0.108537
8 0.662734 0.487625 0.033436 0.073890 0.134959
1 0.486084 0.534066 0.079093 0.143613 0.179058
6 0.387272 0.587686 0.036602 0.093772 0.129211
3 0.138829 0.625450 0.055915 0.089376 0.131330
9 0.193414 0.623251 0.383966 0.138701 0.140524
3 0.390938 0.611243 0.035926 0.072219 0.147530
0 0.589500 0.599431 0.071071 0.097144 0.143296
3 0.663406 0.667244 0.063767 0.116314 0.147959
6 0.945479 0.676158 0.096264 0.226958 0.154521
4 0.928333 0.738457 0.140993 0.189363 0.212773
0 0.033680 0.797160 0.068414 0.403049 0.139222