8 0.831701 0.274165 0.038491 0.023932 0.184210
8 0.777966 0.314423 0.425497 0.086631 0.133884
8 0.902928 0.306054 0.172763 0.058351 0.178454
8 0.622283 0.353608 0.156731 0.056641 0.143425
7 0.365319 0.384702 0.017547 0.081804 0.228405
8 0.310403 0.439614 0.109459 0.037269 0.107190
8 0.366037 0.427211 0.014501 0.024443 0.158220
8 0.365070 0.499028 0.044180 0.043350 0.110656
0 0.862879 0.538176 0.055560 0.073114 0.129873
6 0.609377 0.542773 0.023829 0.053272 0.102692
0 0.935884 0.539837 0.084267 0.089070 0.149104
6 0.114889 0.619704 0.074288 0.156105 0.102130
3 0.100179 0.662928 0.121516 0.151083 0.161057