8 0.615032 0.410655 0.028788 0.056279 0.285066
2 0.496756 0.549001 0.148464 0.225606 0.236758
1 0.386235 0.551572 0.065599 0.084949 0.130083
2 0.790669 0.586080 0.363389 0.587131 0.353250
6 0.151925 0.683120 0.057704 0.197789 0.124004
6 0.590253 0.626906 0.036942 0.112756 0.134720
8 0.709578 0.610184 0.038109 0.064736 0.135243
9 0.269984 0.659826 0.109046 0.108832 0.123242
3 0.377858 0.654826 0.045308 0.111049 0.189686
6 0.704199 0.767127 0.095406 0.347078 0.127541
8 0.858346 0.636016 0.204572 0.116973 0.104692
9 0.074276 0.712738 0.148789 0.103208 0.124100
9 0.163294 0.695280 0.321042 0.183474 0.112719
0 0.474315 0.723543 0.208566 0.382968 0.290323
3 0.716949 0.867084 0.126103 0.258566 0.326534