8 0.749130 0.457963 0.024463 0.049516 0.105509
6 0.452515 0.573397 0.025585 0.075574 0.123049
6 0.479780 0.577740 0.030376 0.091758 0.140312
6 0.654158 0.566168 0.028298 0.072710 0.130239
6 0.109861 0.644898 0.071814 0.189339 0.159134
3 0.286370 0.602203 0.039271 0.077557 0.151982
3 0.342423 0.603599 0.033990 0.061952 0.114584
3 0.386447 0.613702 0.042416 0.084355 0.176042
5 0.609619 0.576652 0.067039 0.144488 0.158987
3 0.656206 0.584751 0.023489 0.049728 0.130006
3 0.695508 0.582189 0.029132 0.054840 0.188235
3 0.749996 0.606927 0.049372 0.086209 0.173775
3 0.073312 0.688787 0.147172 0.155431 0.172412
5 0.542954 0.617907 0.108673 0.212360 0.258424