8 0.659977 0.236304 0.052314 0.103823 0.220572
8 0.579840 0.438527 0.020166 0.034549 0.123523
8 0.658054 0.441337 0.019982 0.049134 0.143538
8 0.999894 0.433604 0.031631 0.039878 0.110396
8 0.289761 0.495120 0.023085 0.058528 0.122145
8 0.499418 0.500347 0.064509 0.073524 0.105955
0 0.505474 0.571293 0.037277 0.041351 0.113692
0 0.286193 0.604147 0.101197 0.113603 0.146595
0 0.541035 0.579536 0.030555 0.039842 0.129110
6 0.444179 0.624508 0.041891 0.109854 0.104437
0 0.918949 0.679186 0.160671 0.227752 0.142492