8 0.910467 0.261023 0.121610 0.171661 0.110444
5 0.922539 0.553141 0.156765 0.280807 0.224699
6 0.317085 0.521833 0.112624 0.240505 0.104732
2 0.769032 0.556199 0.195597 0.240669 0.105544
3 0.402463 0.587851 0.025507 0.059482 0.156302
6 0.490061 0.619529 0.065243 0.123998 0.157133
6 0.610848 0.599712 0.078032 0.125603 0.134753
4 0.345690 0.613075 0.025372 0.082692 0.141102
3 0.451025 0.630754 0.036713 0.088668 0.254014
6 0.717448 0.625651 0.094419 0.155897 0.144066
6 0.540569 0.648905 0.086044 0.146006 0.110573
3 0.599581 0.672504 0.062580 0.104101 0.134522
6 0.647558 0.797634 0.142631 0.402857 0.193589
6 0.873403 0.756060 0.186674 0.496521 0.171644
2 0.127741 0.499077 0.264707 0.992462 0.253674
6 0.338405 0.735595 0.199857 0.521149 0.189269
3 0.484737 0.744590 0.073844 0.195837 0.247397
3 0.540496 0.825829 0.121735 0.341513 0.438829
3 0.760720 0.826168 0.103608 0.340494 0.199715