8 0.659796 0.364565 0.091244 0.199361 0.115872
6 0.491672 0.578030 0.055526 0.123364 0.115405
6 0.550652 0.589423 0.061795 0.148385 0.150363
0 0.954305 0.581602 0.092043 0.081010 0.197455
6 0.627908 0.600343 0.055702 0.143783 0.116119
3 0.490550 0.644041 0.049288 0.103433 0.111950
3 0.628884 0.659222 0.054954 0.121719 0.124404
3 0.545285 0.642296 0.071088 0.134174 0.282506
0 0.954219 0.729877 0.094428 0.277184 0.142618
5 0.785256 0.743656 0.268525 0.500604 0.269868
9 0.436666 0.849596 0.118267 0.303930 0.138888
0 0.924288 0.926208 0.154293 0.148712 0.105326