8 0.363874 0.427149 0.024863 0.048886 0.130687
2 0.484144 0.511515 0.058794 0.049144 0.122323
1 0.561336 0.519641 0.083044 0.125103 0.143951
2 0.650423 0.572803 0.163596 0.153067 0.180114
6 0.257100 0.610965 0.060242 0.198907 0.113656
6 0.371031 0.591186 0.051898 0.147132 0.152454
0 0.454145 0.538087 0.056838 0.045823 0.109534
6 0.654138 0.636288 0.066322 0.167177 0.160199
3 0.807354 0.634612 0.076409 0.115532 0.117042
6 0.292148 0.664828 0.106898 0.264345 0.128214
3 0.363532 0.649084 0.056709 0.123043 0.148214
0 0.916363 0.682558 0.167080 0.221964 0.209228
3 0.665919 0.670150 0.102776 0.153945 0.227044
6 0.746570 0.785568 0.233784 0.431200 0.171474
3 0.291938 0.824715 0.109974 0.284215 0.326091
0 0.482635 0.702894 0.216249 0.314804 0.295100
3 0.768029 0.867249 0.367834 0.260937 0.224942