2 0.490474 0.472868 0.046149 0.055498 0.106865
1 0.294799 0.452848 0.200924 0.353957 0.248358
0 0.567570 0.515325 0.085402 0.089096 0.134842
1 0.120011 0.501306 0.241244 0.638929 0.152127
6 0.418338 0.540012 0.044373 0.127871 0.110495
0 0.444923 0.528306 0.083787 0.086525 0.134729
1 0.918573 0.483851 0.163459 0.374020 0.110392
3 0.487281 0.552204 0.047371 0.127386 0.145245
3 0.418187 0.576965 0.039046 0.097927 0.106302
0 0.724249 0.643391 0.284796 0.361915 0.130794
3 0.181339 0.801006 0.246399 0.390919 0.242093