5 0.526760 0.578754 0.029850 0.049973 0.190304
6 0.552956 0.564832 0.026489 0.064740 0.111574
4 0.355436 0.608259 0.042065 0.075181 0.166304
4 0.390675 0.603324 0.034995 0.054926 0.125551
6 0.671370 0.636440 0.055553 0.195196 0.147559
3 0.591999 0.629888 0.043592 0.112299 0.217081
5 0.476614 0.630769 0.096710 0.197195 0.301948
4 0.672284 0.674103 0.038899 0.114719 0.102595
6 0.929413 0.759600 0.146102 0.479940 0.130689
3 0.042764 0.808402 0.084606 0.202575 0.129276
4 0.913348 0.870757 0.173130 0.258927 0.192997
9 0.292115 0.808362 0.306970 0.381405 0.140675