1 0.865689 0.536266 0.265333 0.890613 0.264188
6 0.587468 0.583664 0.033169 0.067845 0.124896
6 0.217765 0.614698 0.044781 0.165129 0.158719
6 0.258391 0.616663 0.044741 0.150281 0.155873
2 0.318168 0.589132 0.101143 0.112554 0.151384
0 0.547909 0.607062 0.063365 0.083633 0.160393
3 0.594195 0.605007 0.024387 0.041779 0.173359
0 0.121864 0.611769 0.170230 0.177866 0.148089
0 0.463533 0.639932 0.111711 0.148929 0.219156
0 0.043273 0.646350 0.086898 0.210083 0.168406
1 0.688281 0.549751 0.153709 0.313458 0.307867
4 0.184275 0.664130 0.063087 0.102262 0.164691
3 0.355428 0.851336 0.144770 0.296101 0.217473