8 0.666280 0.405020 0.025392 0.057632 0.237802
8 0.165495 0.481747 0.049415 0.110605 0.121502
8 0.484159 0.460255 0.053408 0.060054 0.107975
2 0.438539 0.544577 0.090557 0.110072 0.104841
1 0.535874 0.567213 0.074355 0.114995 0.254504
2 0.778238 0.589049 0.147354 0.221765 0.396818
2 0.651039 0.574377 0.150617 0.289734 0.403872
3 0.086663 0.607584 0.054034 0.083731 0.122915
3 0.211151 0.601961 0.031695 0.070589 0.105805
6 0.222972 0.615574 0.056401 0.121012 0.115884
6 0.313530 0.604743 0.034181 0.097954 0.111387
6 0.373359 0.611921 0.051998 0.131030 0.154181
6 0.436259 0.611971 0.033434 0.086743 0.182641
6 0.510263 0.622013 0.078978 0.045265 0.109071
3 0.232869 0.650218 0.051444 0.116405 0.103371
6 0.612148 0.691180 0.062856 0.180933 0.246531
3 0.259627 0.660615 0.096226 0.127641 0.370549
3 0.345099 0.667037 0.042098 0.080066 0.291807
0 0.507858 0.681079 0.112509 0.171000 0.375323
0 0.919029 0.692148 0.166584 0.193332 0.370698
3 0.050486 0.769274 0.097018 0.200824 0.212528
3 0.609812 0.766194 0.065038 0.159242 0.414716
3 0.135943 0.856521 0.272934 0.291780 0.302652
9 0.844827 0.829228 0.319159 0.323978 0.234245