7 0.491730 0.115416 0.045022 0.086709 0.240732
7 0.684003 0.177087 0.047197 0.039989 0.131520
8 0.677139 0.221386 0.063104 0.051180 0.138379
8 0.158464 0.345819 0.053694 0.134550 0.135319
8 0.380835 0.371356 0.068906 0.114288 0.151527
8 0.377341 0.439085 0.069174 0.042339 0.136045
8 0.679490 0.447766 0.030331 0.065898 0.131149
1 0.772302 0.543063 0.155467 0.216242 0.330166
2 0.910407 0.642537 0.181841 0.347197 0.239025
6 0.603550 0.646185 0.087980 0.241320 0.185252
5 0.464459 0.656690 0.188753 0.277839 0.314065
3 0.593344 0.713203 0.099912 0.188262 0.141703
5 0.247488 0.747745 0.265232 0.488620 0.324962
9 0.813451 0.884846 0.193974 0.223262 0.116466
9 0.793306 0.787093 0.412741 0.421616 0.190107