8 0.031325 0.204562 0.062850 0.183456 0.100606
8 0.204641 0.323834 0.054175 0.123389 0.160880
8 0.241463 0.293788 0.037484 0.065009 0.149892
8 0.177756 0.379810 0.040297 0.066282 0.182146
8 0.269468 0.365087 0.051619 0.106088 0.121955
8 0.232377 0.434049 0.029871 0.060796 0.177526
8 0.969461 0.458473 0.033788 0.069058 0.114064
6 0.564330 0.531961 0.022514 0.038851 0.108341
0 0.774925 0.565573 0.070949 0.104525 0.137570
3 0.571727 0.536340 0.024203 0.036798 0.101514
5 0.615637 0.541651 0.038747 0.054859 0.188690
6 0.358650 0.594656 0.047262 0.147634 0.147790
5 0.926838 0.609012 0.130298 0.177547 0.247493
0 0.213770 0.619854 0.225616 0.237409 0.219270
5 0.461262 0.632768 0.134312 0.253888 0.299582
5 0.697653 0.597170 0.108066 0.193118 0.305528
6 0.869733 0.777554 0.128535 0.443737 0.189735