7 0.492025 0.169584 0.035781 0.081468 0.199915
8 0.636485 0.277176 0.045815 0.047315 0.174448
8 0.382387 0.370305 0.067692 0.111269 0.138474
8 0.630450 0.436022 0.039544 0.076055 0.131694
8 0.630352 0.472481 0.029916 0.031418 0.102491
6 0.569487 0.599449 0.056001 0.161162 0.119098
2 0.712462 0.556192 0.115513 0.175837 0.160820
5 0.480569 0.610242 0.150607 0.205588 0.245954
5 0.855548 0.633195 0.150688 0.244613 0.232668
5 0.323697 0.674570 0.195413 0.370023 0.222680
9 0.783265 0.782189 0.432475 0.430593 0.201665