8 0.927326 0.078264 0.087299 0.154001 0.233295
8 0.370614 0.180383 0.217612 0.362550 0.102070
8 0.245478 0.401333 0.040483 0.080363 0.104936
8 0.935319 0.420490 0.051464 0.128717 0.267776
8 0.114074 0.438459 0.020058 0.031426 0.114785
8 0.427859 0.448323 0.024694 0.041666 0.137341
8 0.425350 0.469039 0.031153 0.081219 0.125632
8 0.668011 0.498696 0.020276 0.040049 0.163070
8 0.944644 0.471645 0.036252 0.063165 0.114828
8 0.157415 0.574326 0.052630 0.078376 0.106953
2 0.596152 0.568384 0.076411 0.132048 0.186602
1 0.726497 0.578733 0.143825 0.168289 0.236042
6 0.487704 0.670918 0.067034 0.193437 0.134235
0 0.544054 0.638321 0.073511 0.110335 0.210481
3 0.646205 0.646385 0.029136 0.071293 0.160059
0 0.863061 0.662007 0.130895 0.142131 0.127627
3 0.486443 0.734148 0.071142 0.147988 0.263229
0 0.763539 0.757254 0.226424 0.305500 0.216209