8 0.061557 0.399833 0.029774 0.107539 0.105760
0 0.430677 0.576284 0.075726 0.055356 0.115242
0 0.489125 0.580240 0.068168 0.102269 0.131267
0 0.596199 0.572929 0.074264 0.070762 0.104198
0 0.763678 0.593457 0.110376 0.102255 0.175354
0 0.425777 0.624738 0.094134 0.144156 0.159956
3 0.678332 0.574821 0.020005 0.045122 0.113256
6 0.211645 0.698393 0.058922 0.270541 0.118197
0 0.606726 0.634741 0.136007 0.172832 0.163240
0 0.936095 0.653936 0.131659 0.203511 0.137577
4 0.087486 0.937239 0.167091 0.125455 0.114284
3 0.119025 0.869123 0.234642 0.265447 0.137783