8 0.846116 0.243738 0.058902 0.190549 0.101863
8 0.791489 0.311694 0.047327 0.208612 0.111513
8 0.638388 0.430381 0.052426 0.095038 0.110903
2 0.349601 0.559491 0.174105 0.288780 0.194284
1 0.402546 0.547156 0.080753 0.151592 0.145709
1 0.564528 0.570449 0.103504 0.103257 0.250111
5 0.473708 0.576169 0.068948 0.075402 0.106205
6 0.590532 0.602921 0.050432 0.074378 0.117501
9 0.142081 0.647664 0.280037 0.248741 0.253355
6 0.416742 0.672988 0.065566 0.171162 0.265589
6 0.579089 0.654886 0.070703 0.123411 0.180239
6 0.538759 0.719655 0.080901 0.252420 0.145330
3 0.419007 0.747133 0.069186 0.179536 0.282778
3 0.541091 0.797967 0.086566 0.230769 0.126625
3 0.488375 0.803096 0.096079 0.233815 0.366075
3 0.584588 0.824345 0.079348 0.202372 0.316607
3 0.280267 0.846783 0.129220 0.310279 0.268583
1 0.814228 0.492128 0.374707 0.990606 0.375888