8 0.230487 0.442887 0.097206 0.062952 0.101115
5 0.550299 0.581428 0.037852 0.065326 0.178020
6 0.603731 0.575785 0.031188 0.071324 0.100023
5 0.663408 0.612205 0.115227 0.199643 0.196811
3 0.768751 0.579880 0.050170 0.059860 0.121723
3 0.795071 0.581298 0.056436 0.070066 0.132072
3 0.840020 0.586805 0.093013 0.085786 0.142527
6 0.972334 0.579224 0.028238 0.075677 0.128663
6 0.373183 0.612451 0.037940 0.126634 0.102189
4 0.598261 0.594874 0.021287 0.044998 0.141712
6 0.711610 0.656798 0.097391 0.212493 0.148337
4 0.705286 0.730590 0.086797 0.158540 0.104422
3 0.929913 0.659163 0.135427 0.152873 0.166848
6 0.047292 0.778018 0.094800 0.343731 0.103729
5 0.275648 0.665649 0.154647 0.268202 0.101215
5 0.471903 0.663256 0.129690 0.253946 0.233965
5 0.138731 0.730460 0.256914 0.463236 0.218394
4 0.199712 0.804947 0.111085 0.239483 0.118989
4 0.715813 0.787642 0.118532 0.258201 0.147040