8 0.313085 0.451646 0.051216 0.066978 0.252077
6 0.253226 0.620555 0.039505 0.152587 0.186932
6 0.301490 0.603537 0.040197 0.127533 0.127793
6 0.358956 0.613718 0.043837 0.143091 0.186624
1 0.403224 0.585952 0.067551 0.122169 0.238769
1 0.792753 0.577302 0.294493 0.377080 0.451721
5 0.500629 0.654755 0.174807 0.311422 0.330733
0 0.105202 0.653446 0.210901 0.272126 0.272866
6 0.600575 0.774005 0.131085 0.405551 0.192931
4 0.988862 0.691528 0.023322 0.070493 0.161702
4 0.354985 0.661568 0.039746 0.087620 0.108254
4 0.604039 0.884220 0.171092 0.234360 0.254365
9 0.909369 0.911194 0.162064 0.173856 0.106572
9 0.720244 0.912276 0.149301 0.172287 0.103916
9 0.809116 0.802241 0.383594 0.388201 0.340297