6 0.520657 0.560654 0.027200 0.057606 0.106600
4 0.546283 0.558181 0.016008 0.031215 0.149586
6 0.424074 0.595619 0.043343 0.124028 0.115144
4 0.466324 0.583831 0.020131 0.046076 0.150241
4 0.515009 0.582408 0.024448 0.044926 0.150330
2 0.716782 0.551850 0.259385 0.380960 0.168339
6 0.364635 0.697160 0.112484 0.340362 0.116450
4 0.425484 0.642390 0.042064 0.097764 0.158240
6 0.686403 0.709912 0.123965 0.365875 0.131191
4 0.372588 0.813592 0.127684 0.300016 0.233006
4 0.682506 0.844190 0.145819 0.285298 0.161545