1 0.869787 0.524768 0.257582 0.964516 0.402286
8 0.275707 0.494218 0.015667 0.043030 0.127768
8 0.276274 0.511441 0.024552 0.081676 0.129752
8 0.392509 0.529144 0.021136 0.033947 0.101031
1 0.510211 0.559176 0.038268 0.063697 0.281762
1 0.589292 0.568129 0.096040 0.168140 0.572631
0 0.494330 0.587442 0.030262 0.042175 0.166353
6 0.593376 0.589705 0.077558 0.086905 0.103279
1 0.668847 0.584348 0.044462 0.079442 0.114342
6 0.822269 0.569704 0.051532 0.076583 0.104353
0 0.463316 0.633263 0.088444 0.127158 0.396687
0 0.534755 0.588955 0.032865 0.053961 0.199169
6 0.583581 0.612181 0.050734 0.067791 0.148901
6 0.582434 0.645126 0.055038 0.139907 0.317215
6 0.649172 0.651186 0.054012 0.148554 0.301217
5 0.672547 0.604200 0.030302 0.076148 0.103561
1 0.377747 0.697446 0.094740 0.271595 0.173531
6 0.666293 0.630560 0.034237 0.108539 0.105031
3 0.581747 0.682645 0.049811 0.113719 0.393186
5 0.711323 0.638920 0.089028 0.188763 0.429814
9 0.128379 0.704987 0.046221 0.114633 0.128918
5 0.288029 0.771063 0.272055 0.445163 0.432422
9 0.079406 0.836548 0.159329 0.319300 0.108571