6 0.723889 0.506803 0.030028 0.112737 0.103937
5 0.762860 0.511050 0.064302 0.115848 0.145616
5 0.812708 0.539096 0.126054 0.195996 0.158570
6 0.166350 0.598476 0.062785 0.146873 0.120568
3 0.286621 0.566781 0.121216 0.148784 0.160243
6 0.374081 0.618783 0.055468 0.196551 0.139632
6 0.270136 0.679017 0.128223 0.339130 0.153536
3 0.133589 0.637822 0.150804 0.190782 0.191528
5 0.912867 0.569017 0.137427 0.245844 0.235386
3 0.794831 0.681804 0.084149 0.202337 0.171379
5 0.577208 0.726823 0.307412 0.544819 0.199916
3 0.252916 0.786753 0.242417 0.303922 0.204430