8 0.723442 0.386998 0.031333 0.037412 0.103223
8 0.618010 0.435984 0.041018 0.086416 0.128995
8 0.693822 0.454435 0.053258 0.062715 0.120690
5 0.253715 0.592218 0.143230 0.203163 0.257000
8 0.426575 0.469025 0.028013 0.052636 0.129798
8 0.779102 0.462620 0.040184 0.084147 0.118435
2 0.447933 0.534825 0.093800 0.102817 0.132502
6 0.889584 0.630465 0.077606 0.162059 0.108678
6 0.979042 0.604736 0.040572 0.084897 0.135548
6 0.163110 0.571044 0.040235 0.109968 0.155496
6 0.209733 0.562722 0.045559 0.102283 0.125616
6 0.350187 0.632900 0.067649 0.228094 0.243387
5 0.377643 0.556725 0.030132 0.050337 0.106368
6 0.421620 0.575592 0.032950 0.086192 0.132583
0 0.507269 0.570143 0.071650 0.070044 0.234832
6 0.802553 0.577920 0.033558 0.090873 0.141597
6 0.841215 0.601689 0.050084 0.090243 0.120011
6 0.798458 0.665250 0.053586 0.206848 0.183248
6 0.857855 0.737479 0.132078 0.331935 0.233194
6 0.912005 0.639051 0.057772 0.161901 0.216842
3 0.973739 0.679911 0.056246 0.150479 0.226257
4 0.344449 0.696330 0.076728 0.180422 0.234734
5 0.648737 0.747559 0.272499 0.524235 0.307242
4 0.802913 0.741044 0.048513 0.148017 0.100437
4 0.171445 0.763812 0.159890 0.237883 0.147694
4 0.058428 0.887656 0.117049 0.219634 0.134274
3 0.875852 0.840033 0.214460 0.326692 0.309593