2 0.331038 0.551514 0.092763 0.125003 0.127213
6 0.574843 0.560441 0.031444 0.065445 0.104996
5 0.082561 0.721657 0.165342 0.541317 0.121652
0 0.268545 0.586791 0.102675 0.084643 0.133516
3 0.572133 0.587043 0.038050 0.063390 0.178209
6 0.611387 0.601764 0.057264 0.136960 0.146478
6 0.136450 0.763925 0.106970 0.461588 0.171672
0 0.167830 0.639080 0.142962 0.192946 0.186042
5 0.287236 0.665182 0.122617 0.147052 0.120249
3 0.612972 0.660734 0.066941 0.176078 0.182709
5 0.445908 0.687074 0.170379 0.349545 0.186225
5 0.826176 0.704150 0.237114 0.405710 0.255468