1 0.059633 0.554336 0.120150 0.163408 0.138613
1 0.207991 0.554316 0.211930 0.174585 0.202941
1 0.366615 0.547458 0.060820 0.099095 0.132775
1 0.613715 0.548035 0.073485 0.093913 0.126387
1 0.752371 0.552877 0.109799 0.092479 0.192714
5 0.967020 0.588091 0.066825 0.079987 0.112603
0 0.368925 0.576731 0.044050 0.058473 0.109775
0 0.438530 0.576373 0.048660 0.059884 0.117773
5 0.868593 0.574884 0.060623 0.072357 0.129379
0 0.305389 0.597520 0.118501 0.105806 0.136969
0 0.525985 0.603349 0.073549 0.107095 0.137243
3 0.190471 0.633619 0.047332 0.078709 0.117551
3 0.660753 0.633352 0.043895 0.084626 0.139093