8 0.336644 0.290664 0.101349 0.074030 0.129645
8 0.028655 0.486177 0.050518 0.216520 0.123711
8 0.304684 0.465207 0.032096 0.055317 0.299369
1 0.573604 0.495909 0.096436 0.065233 0.114545
1 0.707543 0.480192 0.114581 0.111348 0.222524
2 0.447010 0.520277 0.163571 0.304986 0.274038
2 0.671523 0.514154 0.126299 0.051875 0.112659
0 0.815286 0.523596 0.150701 0.079150 0.139705
0 0.881113 0.525981 0.207050 0.081339 0.124161
0 0.536388 0.645736 0.155948 0.237223 0.197190
0 0.339279 0.671648 0.186300 0.266387 0.190545
0 0.888832 0.686087 0.229598 0.361386 0.208501
5 0.162815 0.763972 0.327266 0.480480 0.335030
0 0.695797 0.767978 0.406412 0.461499 0.214041