8 0.722480 0.364854 0.045502 0.064281 0.133629
7 0.774857 0.352840 0.020657 0.038914 0.173274
8 0.149750 0.412298 0.019429 0.027230 0.192986
7 0.772814 0.385424 0.028797 0.091721 0.103000
8 0.152281 0.454083 0.029764 0.121576 0.138857
7 0.440629 0.449106 0.011774 0.015219 0.128101
8 0.831229 0.453792 0.107678 0.130485 0.111084
8 0.134093 0.504579 0.017268 0.036569 0.205749
8 0.175096 0.505420 0.029342 0.064547 0.106261
7 0.426066 0.492466 0.014774 0.021822 0.103015
8 0.181340 0.521615 0.026332 0.044224 0.104995
8 0.663746 0.537123 0.032555 0.071467 0.166054
5 0.324796 0.561669 0.031163 0.035403 0.105047
5 0.354084 0.566173 0.022314 0.036107 0.124195
8 0.664870 0.573559 0.026413 0.026255 0.156748
5 0.071226 0.669312 0.148195 0.253621 0.274143
6 0.393595 0.625674 0.045665 0.115555 0.157060
3 0.435508 0.579033 0.016867 0.023941 0.109326
3 0.484213 0.582361 0.022317 0.033669 0.121447
0 0.761474 0.598296 0.127473 0.053092 0.104216
0 0.940748 0.622854 0.118245 0.078035 0.148773
3 0.164273 0.648286 0.044075 0.091603 0.120302
1 0.559338 0.600973 0.143279 0.283866 0.233842
5 0.237885 0.648632 0.121803 0.213880 0.266823
3 0.390339 0.658152 0.050464 0.095437 0.222354
9 0.785910 0.823667 0.319920 0.347223 0.122286