8 0.458793 0.388015 0.026046 0.039726 0.128109
2 0.127203 0.466566 0.149856 0.201801 0.296604
0 0.054769 0.509631 0.028494 0.056535 0.101912
6 0.452016 0.550592 0.025282 0.072245 0.104991
0 0.504627 0.556437 0.069527 0.102083 0.142422
3 0.677596 0.575992 0.061945 0.070541 0.186596
2 0.313758 0.602339 0.151637 0.206056 0.164448
6 0.420220 0.645396 0.077973 0.210667 0.163264
0 0.590028 0.563896 0.060914 0.079171 0.130319
3 0.908094 0.668274 0.130044 0.152693 0.115597
4 0.416351 0.722032 0.076895 0.199167 0.184672
0 0.184277 0.731365 0.312901 0.366062 0.220493
3 0.941141 0.846866 0.114072 0.302392 0.124134
4 0.899575 0.931146 0.115265 0.132553 0.107094