5 0.542912 0.550867 0.047661 0.057889 0.119892
3 0.486408 0.584160 0.024715 0.050755 0.177474
5 0.545731 0.589528 0.061517 0.116710 0.198413
6 0.615788 0.596434 0.063811 0.130477 0.123361
3 0.616810 0.664078 0.067451 0.163076 0.208691
6 0.797929 0.749368 0.129698 0.434282 0.129314
6 0.907411 0.729763 0.069768 0.298675 0.101483
6 0.034026 0.729741 0.067922 0.254977 0.111771
3 0.278529 0.697560 0.083944 0.191329 0.171930
3 0.348842 0.659333 0.074923 0.161415 0.179350
6 0.183149 0.790288 0.146254 0.414296 0.144457
3 0.806902 0.850845 0.215871 0.296750 0.199175