8 0.953362 0.430259 0.028960 0.040423 0.100931
0 0.413511 0.584572 0.077161 0.091838 0.105128
5 0.604134 0.571492 0.046374 0.059412 0.172328
0 0.320113 0.619271 0.113577 0.154413 0.163165
3 0.395602 0.601318 0.047204 0.078470 0.169447
3 0.430455 0.600832 0.046035 0.077145 0.181355
5 0.517499 0.594976 0.091752 0.156371 0.200710
3 0.911073 0.633817 0.082597 0.111992 0.134479
3 0.945837 0.642779 0.102578 0.132650 0.171281
3 0.467303 0.676909 0.050449 0.124002 0.205773
2 0.140913 0.722271 0.283956 0.553244 0.227920