8 0.061266 0.377392 0.026457 0.035424 0.197563
1 0.123844 0.520859 0.209329 0.233282 0.583013
9 0.646087 0.580576 0.715660 0.216111 0.132687
6 0.010427 0.547370 0.020645 0.068133 0.137020
6 0.247798 0.560075 0.030765 0.105427 0.105011
6 0.128715 0.627964 0.070211 0.220479 0.272750
6 0.312525 0.573013 0.041433 0.116619 0.199642
6 0.278480 0.599451 0.067732 0.155767 0.306260
3 0.316977 0.622512 0.054346 0.105443 0.114369
6 0.698980 0.656378 0.098082 0.265557 0.343159
9 0.882772 0.662436 0.241545 0.102068 0.322745
6 0.062561 0.709941 0.127118 0.339596 0.338418
3 0.281838 0.642031 0.066768 0.119986 0.370259
1 0.477384 0.503259 0.447327 0.345910 0.593110
9 0.893057 0.653928 0.084657 0.073759 0.179797
9 0.921128 0.655176 0.037557 0.064929 0.121889
3 0.130798 0.706894 0.073251 0.174692 0.247155
3 0.075756 0.828017 0.150821 0.328543 0.384279
3 0.724925 0.740351 0.174314 0.226023 0.444117