8 0.553280 0.222494 0.058284 0.116589 0.185981
8 0.814180 0.395205 0.061436 0.040878 0.118405
8 0.804674 0.432388 0.032805 0.039780 0.201937
2 0.755416 0.509637 0.133168 0.113762 0.199745
2 0.939977 0.536083 0.115872 0.149789 0.225418
0 0.634454 0.569628 0.075558 0.103016 0.206670
0 0.720185 0.570550 0.067198 0.085477 0.162801
6 0.923334 0.569218 0.028635 0.066484 0.155350
2 0.408757 0.540190 0.259360 0.425936 0.396093
0 0.884085 0.644694 0.191999 0.185732 0.271458
6 0.271305 0.730840 0.139763 0.377111 0.247566
6 0.658136 0.732392 0.159365 0.403805 0.116313
0 0.844059 0.709244 0.228325 0.322619 0.309500
3 0.943083 0.666988 0.074911 0.125383 0.160821
1 0.153923 0.528055 0.310874 0.768318 0.290274
9 0.556918 0.697606 0.075100 0.120188 0.180028
3 0.691395 0.809517 0.255846 0.330754 0.369892
3 0.249716 0.842612 0.154660 0.313671 0.360990