6 0.113826 0.568919 0.054365 0.226109 0.119523
0 0.426511 0.541256 0.064526 0.044700 0.113486
5 0.471534 0.543191 0.039533 0.056784 0.163705
0 0.422949 0.577961 0.090650 0.112319 0.211748
6 0.503754 0.607568 0.056153 0.160606 0.185529
6 0.555095 0.561787 0.030239 0.092555 0.154880
3 0.618984 0.592996 0.039173 0.067566 0.100879
6 0.723598 0.564521 0.032311 0.096085 0.159279
6 0.185476 0.615057 0.059149 0.269130 0.109393
4 0.550676 0.590361 0.024747 0.054667 0.155206
4 0.710124 0.619574 0.084291 0.104075 0.174653
3 0.261289 0.667138 0.072586 0.160509 0.211995
3 0.498670 0.658869 0.054433 0.135135 0.257165
2 0.421589 0.587310 0.126216 0.165704 0.103391
9 0.845127 0.833538 0.271990 0.214971 0.147716
4 0.067365 0.832278 0.132658 0.332343 0.192292