8 0.925958 0.126821 0.142403 0.109377 0.127746
2 0.708748 0.526156 0.128901 0.126487 0.195026
0 0.699773 0.620461 0.103091 0.172164 0.162398
6 0.624702 0.658128 0.079891 0.234859 0.146102
6 0.729494 0.672923 0.081742 0.275873 0.171550
6 0.221442 0.679836 0.053946 0.232843 0.130349
0 0.341229 0.672297 0.242033 0.269325 0.247020
0 0.531091 0.595288 0.118917 0.166399 0.236495
6 0.349579 0.778024 0.180059 0.446938 0.152978
3 0.621671 0.724483 0.099080 0.213587 0.293727
0 0.876907 0.713515 0.247692 0.384599 0.228202
3 0.070718 0.820835 0.143321 0.276507 0.252198
3 0.348858 0.897937 0.240527 0.201680 0.208660