6 0.533069 0.497666 0.080897 0.242086 0.256194
6 0.590801 0.508149 0.069963 0.258476 0.248733
2 0.748212 0.563932 0.091398 0.107319 0.113987
6 0.363957 0.599542 0.036597 0.107854 0.203166
6 0.385987 0.561589 0.024437 0.051927 0.103735
6 0.414141 0.552944 0.034970 0.030325 0.120911
9 0.659979 0.535396 0.094695 0.217171 0.145667
6 0.826323 0.592476 0.039695 0.115285 0.154925
6 0.858335 0.591426 0.057388 0.096153 0.167989
6 0.889143 0.578335 0.028818 0.054695 0.134198
5 0.750155 0.622559 0.103062 0.234388 0.218560
3 0.754079 0.633907 0.084552 0.117511 0.138105
6 0.922022 0.621414 0.045018 0.138417 0.114934
0 0.407671 0.648616 0.090875 0.185318 0.310534
4 0.799805 0.652924 0.037965 0.070527 0.153976
6 0.860049 0.738672 0.099230 0.350646 0.252260
6 0.301571 0.760031 0.135005 0.410534 0.262546
3 0.169145 0.703252 0.123044 0.250932 0.363116
3 0.225425 0.719816 0.081367 0.136336 0.112027
2 0.575374 0.679022 0.308291 0.478951 0.439687
4 0.775628 0.652912 0.067124 0.113438 0.138347
3 0.313394 0.872928 0.143443 0.250463 0.372166
3 0.877196 0.825590 0.183715 0.341960 0.276967
3 0.082396 0.844684 0.166028 0.308966 0.259143