8 0.812398 0.333386 0.028259 0.047481 0.116023
8 0.066596 0.357412 0.082841 0.247715 0.141590
8 0.717103 0.411773 0.023333 0.037709 0.111168
8 0.812946 0.465201 0.041072 0.326269 0.112544
2 0.480149 0.519179 0.037180 0.088076 0.107873
5 0.597958 0.552059 0.056960 0.068984 0.104516
5 0.938827 0.685340 0.124875 0.481668 0.126057
6 0.403181 0.565089 0.043347 0.075977 0.146071
6 0.588688 0.559187 0.027370 0.059099 0.112542
5 0.613948 0.574467 0.048399 0.104885 0.118546
2 0.709408 0.588544 0.159262 0.206829 0.357602
6 0.376217 0.597938 0.045888 0.137417 0.168905
5 0.525080 0.603669 0.109470 0.210364 0.280811
9 0.844586 0.656812 0.272506 0.191288 0.100266
9 0.875284 0.616677 0.140796 0.113654 0.119167
6 0.408378 0.699052 0.088649 0.277545 0.269065
3 0.603871 0.639862 0.055049 0.140163 0.261753
9 0.768728 0.682056 0.127304 0.170836 0.132525
6 0.802217 0.709963 0.126821 0.332329 0.258604
9 0.290634 0.721744 0.150344 0.242872 0.112763
4 0.404619 0.793986 0.098390 0.261131 0.382428
2 0.873020 0.692804 0.260203 0.521596 0.215588
9 0.195303 0.785489 0.382687 0.413594 0.221243
3 0.819984 0.822375 0.169453 0.331464 0.293516