8 0.348866 0.457501 0.031512 0.054724 0.120984
2 0.517903 0.539762 0.153775 0.265048 0.179668
2 0.510537 0.602316 0.117371 0.157804 0.132561
3 0.672932 0.583513 0.052078 0.086069 0.109805
6 0.735562 0.568528 0.030723 0.103018 0.115691
6 0.390577 0.634544 0.061550 0.168254 0.169459
6 0.438141 0.614620 0.045984 0.138430 0.150206
6 0.586749 0.624074 0.051558 0.133420 0.156643
6 0.631482 0.614700 0.051451 0.140438 0.147658
3 0.762535 0.621031 0.079066 0.104555 0.107682
4 0.631193 0.666399 0.041615 0.113969 0.165614
3 0.808062 0.627617 0.116740 0.120579 0.215204
6 0.302911 0.764159 0.126469 0.387078 0.185904
3 0.387783 0.697680 0.073880 0.153735 0.249576
3 0.593727 0.682318 0.064823 0.161956 0.216439
3 0.968944 0.731979 0.062582 0.174582 0.126110
3 0.295683 0.893952 0.152777 0.204575 0.178726