8 0.667988 0.157769 0.073752 0.292610 0.132432
8 0.660963 0.284994 0.059954 0.028371 0.120465
8 0.013322 0.333926 0.024823 0.031134 0.109920
8 0.047876 0.343356 0.027895 0.044799 0.189208
5 0.359848 0.468342 0.084971 0.090825 0.117492
5 0.389447 0.447489 0.037852 0.059931 0.118329
0 0.591517 0.444734 0.057441 0.040208 0.107772
0 0.262356 0.502190 0.118510 0.152731 0.164123
6 0.354401 0.476716 0.039508 0.091367 0.150875
0 0.443401 0.491452 0.050975 0.112195 0.102800
5 0.523954 0.476455 0.065155 0.126285 0.238508
0 0.825466 0.469996 0.111585 0.118624 0.160955
0 0.923391 0.523152 0.151077 0.147496 0.206317
6 0.032948 0.554002 0.065811 0.203915 0.154945
3 0.346590 0.506517 0.045189 0.077988 0.202948
3 0.407203 0.559404 0.067857 0.149208 0.326970
6 0.185777 0.726139 0.269871 0.544794 0.211601
6 0.259745 0.615335 0.139399 0.301745 0.135028
0 0.663885 0.608153 0.270438 0.318862 0.317339
9 0.879478 0.726711 0.240125 0.460437 0.274383
3 0.056558 0.706484 0.112202 0.324937 0.186545
3 0.221291 0.836324 0.237657 0.326160 0.210867