0 0.487413 0.551217 0.074412 0.075940 0.112718
6 0.278679 0.566128 0.036818 0.107350 0.214381
3 0.369175 0.602365 0.051537 0.110334 0.150381
4 0.431918 0.571143 0.034201 0.067179 0.111339
3 0.571360 0.620809 0.080632 0.119575 0.218000
5 0.484661 0.601594 0.093198 0.159706 0.394906
3 0.775590 0.646727 0.074686 0.140236 0.191210
3 0.277908 0.691835 0.105971 0.190435 0.199495
6 0.673730 0.716302 0.076020 0.274985 0.175752
3 0.230249 0.734815 0.104995 0.205694 0.300627
3 0.128767 0.819696 0.137044 0.287058 0.287601
3 0.860293 0.827104 0.172471 0.345331 0.231358
9 0.064254 0.915070 0.129732 0.163652 0.109330