8 0.944967 0.066264 0.076590 0.134877 0.103455
8 0.142808 0.138228 0.212405 0.267645 0.229617
7 0.641068 0.268571 0.063094 0.101460 0.169721
1 0.826769 0.515846 0.348989 0.966597 0.565690
1 0.488303 0.548237 0.218995 0.358222 0.496262
6 0.168385 0.442111 0.100205 0.226885 0.153915
1 0.353251 0.591007 0.036349 0.083670 0.235552
1 0.608273 0.581173 0.031996 0.074744 0.229136
6 0.321752 0.598474 0.045849 0.061256 0.161871
6 0.353300 0.605271 0.022914 0.052607 0.101343
6 0.605634 0.613117 0.037926 0.065261 0.110079
6 0.625535 0.608528 0.032363 0.049523 0.113730
8 0.016031 0.626346 0.031879 0.168444 0.118318
6 0.527563 0.668098 0.065136 0.168982 0.215252
6 0.612078 0.772097 0.110997 0.340840 0.302548
6 0.736209 0.807539 0.119001 0.378178 0.302126
6 0.480839 0.816637 0.151203 0.364312 0.301832
3 0.542745 0.829722 0.082985 0.228444 0.261139
0 0.224613 0.810491 0.450939 0.379030 0.443581
3 0.628442 0.861015 0.147902 0.261326 0.475931
3 0.910076 0.931195 0.110507 0.133348 0.113199
6 0.932448 0.855386 0.135592 0.288015 0.181944
3 0.750950 0.911237 0.192209 0.179694 0.368437