8 0.313547 0.452847 0.077927 0.076820 0.155043
8 0.295886 0.443199 0.047289 0.051978 0.124331
8 0.273526 0.475216 0.022998 0.041640 0.206803
2 0.320838 0.536256 0.104716 0.118645 0.119907
5 0.418620 0.579312 0.063699 0.105376 0.121371
2 0.586362 0.568377 0.042675 0.087622 0.144489
0 0.687960 0.589484 0.103055 0.075301 0.125646
6 0.236945 0.624468 0.033146 0.142552 0.127891
6 0.260788 0.626438 0.046417 0.160274 0.167827
6 0.304846 0.615514 0.034213 0.128255 0.135890
6 0.354045 0.603600 0.033156 0.115800 0.135640
0 0.706148 0.639463 0.144279 0.173359 0.324937
6 0.206868 0.642339 0.049052 0.183147 0.206378
3 0.404919 0.623213 0.035296 0.081458 0.185138
5 0.489595 0.622290 0.109356 0.220891 0.321362
6 0.539544 0.697178 0.108752 0.308539 0.208386
9 0.886865 0.679448 0.231931 0.134329 0.118888
0 0.076076 0.688672 0.150982 0.339190 0.242103
3 0.544406 0.781638 0.112452 0.204217 0.332490
9 0.661283 0.798095 0.131672 0.236432 0.104096
9 0.768771 0.798707 0.451214 0.397163 0.339951
9 0.850937 0.883960 0.131130 0.235930 0.103760
9 0.653820 0.844896 0.197351 0.302214 0.220374