8 0.132651 0.223058 0.205853 0.422809 0.110660
6 0.194709 0.332541 0.051877 0.096469 0.104605
8 0.395346 0.459428 0.022078 0.069889 0.131777
8 0.395471 0.470134 0.018256 0.042253 0.102636
0 0.392309 0.578085 0.080555 0.109233 0.121749
6 0.594753 0.556620 0.028422 0.085243 0.158302
6 0.512805 0.551968 0.018154 0.037882 0.101866
6 0.579288 0.560149 0.024182 0.074262 0.137378
4 0.688456 0.569023 0.037778 0.060140 0.173245
4 0.740073 0.622795 0.046890 0.104439 0.116293
2 0.312426 0.607699 0.189268 0.212794 0.254775
6 0.383562 0.711553 0.110133 0.317877 0.168145
5 0.807315 0.612687 0.154790 0.232080 0.275121
3 0.232529 0.829342 0.113658 0.296144 0.169270
4 0.389501 0.819941 0.106152 0.289178 0.227165