8 0.890166 0.385470 0.067486 0.235486 0.107627
1 0.170672 0.510179 0.336992 0.995608 0.309732
6 0.471736 0.545609 0.023636 0.064304 0.108708
0 0.603460 0.539574 0.028648 0.030088 0.107714
6 0.376935 0.564774 0.033510 0.102927 0.118629
6 0.692743 0.560322 0.028811 0.050213 0.101775
0 0.932733 0.606157 0.127706 0.093599 0.105809
5 0.552926 0.581858 0.070726 0.112819 0.148435
4 0.624753 0.577250 0.022550 0.041467 0.134107
6 0.936372 0.704240 0.123999 0.282235 0.131019
0 0.738582 0.668353 0.358477 0.259095 0.192868
4 0.919549 0.823020 0.151942 0.266706 0.253152