4 0.964679 0.602407 0.058280 0.097439 0.112032
5 0.466324 0.561678 0.057454 0.087981 0.218125
5 0.664036 0.550808 0.037542 0.051133 0.138782
6 0.220942 0.576144 0.054971 0.101757 0.105963
3 0.395183 0.589675 0.032565 0.067864 0.123195
3 0.425563 0.582619 0.027802 0.064749 0.133640
6 0.564427 0.551604 0.022673 0.045951 0.123751
5 0.617509 0.555621 0.031124 0.039495 0.233216
5 0.662341 0.560537 0.025417 0.049228 0.117872
6 0.748772 0.596356 0.037494 0.146334 0.178358
6 0.850361 0.579285 0.025014 0.069492 0.110099
6 0.925035 0.617785 0.051572 0.171054 0.162896
6 0.177166 0.716577 0.071866 0.354940 0.189224
4 0.264081 0.657263 0.068835 0.113418 0.110230
5 0.517270 0.592419 0.074261 0.133017 0.305374
4 0.567434 0.566758 0.024922 0.040674 0.120209
3 0.595555 0.580431 0.019037 0.039691 0.215933
4 0.662929 0.581898 0.017930 0.033281 0.121273
6 0.701554 0.605079 0.055332 0.134503 0.162912
6 0.776084 0.608602 0.032677 0.134334 0.152582
6 0.895141 0.628281 0.051120 0.188374 0.187336
3 0.098721 0.677564 0.089440 0.127222 0.119969
3 0.346859 0.629930 0.104884 0.126049 0.249578
6 0.457144 0.607849 0.029801 0.103208 0.126520
4 0.699897 0.663376 0.054435 0.128583 0.214419
4 0.844588 0.655465 0.077629 0.132077 0.228545
4 0.930897 0.660611 0.050875 0.100554 0.170912
6 0.231320 0.755677 0.095705 0.306622 0.124311
4 0.255092 0.745416 0.081187 0.235405 0.186709
4 0.920508 0.620003 0.107025 0.146803 0.114882
4 0.952889 0.868605 0.086408 0.260380 0.180402