5 0.548897 0.554198 0.027898 0.047827 0.185766
6 0.587955 0.588146 0.062368 0.199063 0.126053
5 0.716770 0.561500 0.057000 0.061893 0.139477
3 0.833840 0.577685 0.051877 0.068962 0.107435
6 0.910236 0.593886 0.064971 0.152008 0.160841
3 0.659212 0.573851 0.025332 0.046587 0.126090
3 0.729335 0.590766 0.038390 0.071554 0.156108
5 0.442795 0.632174 0.117258 0.236120 0.228153
3 0.590705 0.652253 0.047296 0.125108 0.149608
3 0.912403 0.646790 0.090724 0.136306 0.139125
3 0.293907 0.681438 0.080530 0.156553 0.142734
3 0.167976 0.787715 0.195256 0.293182 0.162453