8 0.139066 0.139197 0.215437 0.265699 0.185163
8 0.877342 0.113555 0.206429 0.236924 0.104052
7 0.640964 0.268810 0.063446 0.103830 0.155211
1 0.827611 0.505865 0.347019 0.989479 0.385314
6 0.166295 0.435997 0.103014 0.219023 0.153828
1 0.348142 0.593839 0.043000 0.066150 0.146987
1 0.478611 0.560041 0.210619 0.370005 0.421503
6 0.311102 0.593489 0.045900 0.065245 0.157029
6 0.349989 0.602996 0.024091 0.055503 0.109892
6 0.612979 0.608416 0.044933 0.073521 0.154727
6 0.523159 0.663400 0.066342 0.180156 0.165050
6 0.039870 0.704912 0.063846 0.154968 0.168108
6 0.605683 0.773128 0.105406 0.344189 0.249794
6 0.613787 0.695740 0.088405 0.192611 0.148437
6 0.723414 0.809794 0.133342 0.379504 0.270992
6 0.472386 0.811597 0.151291 0.376067 0.262586
3 0.538628 0.833486 0.078434 0.243095 0.319792
0 0.224158 0.809904 0.448942 0.381942 0.375830
3 0.616421 0.858468 0.132903 0.271792 0.455551
3 0.924559 0.935776 0.099598 0.130254 0.105843
3 0.754060 0.915057 0.223373 0.170033 0.331718
6 0.944114 0.896124 0.116998 0.206144 0.163864