8 0.803349 0.371824 0.037773 0.092609 0.200290
8 0.898462 0.402434 0.036529 0.057999 0.335863
2 0.525376 0.514890 0.042197 0.058000 0.114768
6 0.526196 0.529295 0.023595 0.058489 0.143822
6 0.573865 0.538119 0.026528 0.068704 0.187596
5 0.600022 0.529474 0.039386 0.072444 0.270105
6 0.285197 0.696533 0.111507 0.357857 0.100114
6 0.445102 0.580741 0.046371 0.157840 0.199444
6 0.498015 0.562217 0.037626 0.100283 0.202111
3 0.520170 0.555643 0.022658 0.057197 0.184047
3 0.573214 0.559686 0.026622 0.049904 0.135542
6 0.646768 0.554077 0.037701 0.114289 0.147332
5 0.809840 0.739935 0.234422 0.519523 0.265888
6 0.359958 0.620906 0.076140 0.203544 0.219968
4 0.415293 0.635832 0.051458 0.109809 0.105209
5 0.698673 0.611144 0.106077 0.268812 0.243864
3 0.353144 0.720296 0.080496 0.182939 0.280650
3 0.060072 0.827432 0.116319 0.347766 0.259166
3 0.288482 0.786251 0.132453 0.278553 0.243231
5 0.937063 0.752191 0.126086 0.485345 0.108132
0 0.027378 0.923363 0.053528 0.161199 0.116311