1 0.708812 0.526606 0.111622 0.173759 0.237223
8 0.865387 0.476527 0.070236 0.063412 0.150764
2 0.051108 0.550360 0.102132 0.213071 0.122239
1 0.621587 0.559032 0.038113 0.053380 0.134855
1 0.411202 0.600300 0.209249 0.104549 0.132316
6 0.608601 0.578807 0.023729 0.052645 0.107424
2 0.883057 0.775649 0.243566 0.452462 0.180470
5 0.073457 0.628894 0.106783 0.111571 0.137721
0 0.325732 0.632715 0.113143 0.102981 0.107102
6 0.477442 0.618145 0.043769 0.104677 0.111124
0 0.560265 0.597387 0.078152 0.057092 0.147551
0 0.745036 0.636435 0.125964 0.127627 0.147845
6 0.440464 0.689668 0.087982 0.222006 0.125936
6 0.382713 0.788336 0.123865 0.404211 0.186933
0 0.238072 0.720629 0.219334 0.268991 0.186672
3 0.459222 0.739918 0.080298 0.192137 0.152405
0 0.121352 0.804017 0.245563 0.389925 0.214533
0 0.631651 0.799346 0.383111 0.402245 0.261333
3 0.379994 0.891734 0.139124 0.206581 0.343103