8 0.928172 0.410075 0.066295 0.080583 0.204619
8 0.852982 0.486567 0.039360 0.040143 0.115433
9 0.152801 0.498732 0.300749 0.289302 0.116375
0 0.748824 0.553218 0.119866 0.103378 0.162314
6 0.704705 0.575633 0.044193 0.109342 0.106845
6 0.742150 0.587101 0.052172 0.121079 0.175591
6 0.130860 0.731170 0.148348 0.369589 0.211658
6 0.530306 0.627999 0.051928 0.165271 0.113069
0 0.686825 0.622448 0.079695 0.191805 0.120926
9 0.166415 0.772741 0.279855 0.351132 0.106436
1 0.487035 0.508582 0.411526 0.704113 0.316540
3 0.109881 0.835305 0.193490 0.323622 0.321343
0 0.855088 0.741452 0.297011 0.533512 0.263361
3 0.072366 0.879465 0.139633 0.242592 0.107452