8 0.163065 0.356721 0.092435 0.107083 0.160345
2 0.541480 0.547991 0.051263 0.054187 0.128760
5 0.314993 0.599058 0.090827 0.159547 0.203011
3 0.438983 0.602374 0.032487 0.070830 0.156232
0 0.487895 0.600903 0.075016 0.110160 0.196528
6 0.532817 0.625865 0.053248 0.149886 0.104157
2 0.595093 0.598272 0.095579 0.142173 0.234752
6 0.376741 0.738292 0.108705 0.328057 0.161707
3 0.532328 0.669387 0.050585 0.124594 0.182304
4 0.898377 0.658175 0.044474 0.098452 0.144577
5 0.154918 0.724428 0.235357 0.413893 0.277559
9 0.809954 0.751482 0.394265 0.350399 0.184359
3 0.370420 0.863882 0.129717 0.262685 0.263754