8 0.756063 0.330288 0.054813 0.093659 0.373672
8 0.974131 0.283274 0.051643 0.115878 0.251255
8 0.978519 0.336034 0.043517 0.040669 0.133949
8 0.999859 0.371656 0.073868 0.029797 0.105019
0 0.167229 0.526244 0.063531 0.065551 0.130484
2 0.255435 0.525761 0.069854 0.075428 0.203214
2 0.374126 0.524917 0.060821 0.049194 0.194107
2 0.465861 0.535333 0.038407 0.049147 0.156134
6 0.521820 0.536872 0.022598 0.037046 0.100173
6 0.538648 0.618836 0.059984 0.170053 0.198085
8 0.704319 0.602190 0.106021 0.207116 0.119341
8 0.832794 0.621617 0.345189 0.325552 0.126377
6 0.055542 0.770926 0.108137 0.387767 0.182612
4 0.535129 0.671016 0.058472 0.134358 0.155151
9 0.815425 0.735359 0.302905 0.173577 0.117188
9 0.702603 0.726622 0.046182 0.094657 0.121034
9 0.860565 0.746360 0.191594 0.095947 0.127371
9 0.786672 0.775093 0.055555 0.166649 0.116067
9 0.952032 0.858729 0.096412 0.262834 0.102075