1 0.126052 0.478334 0.149561 0.102579 0.102988
8 0.787594 0.420868 0.054596 0.133792 0.140664
2 0.320142 0.518270 0.054443 0.081080 0.148577
5 0.262850 0.538924 0.055951 0.083269 0.114697
0 0.621388 0.542277 0.051711 0.059406 0.135840
0 0.383888 0.544541 0.055398 0.083866 0.131370
0 0.818071 0.568621 0.074858 0.083060 0.166136
5 0.474838 0.563267 0.079340 0.125336 0.156714
3 0.722966 0.596624 0.051787 0.078378 0.125373
5 0.900107 0.587706 0.127932 0.178957 0.111997
5 0.119864 0.669530 0.232991 0.475226 0.210421
9 0.756382 0.764373 0.494215 0.474761 0.252724