8 0.963240 0.368183 0.038845 0.094712 0.127866
8 0.841782 0.436524 0.025961 0.038916 0.130339
8 0.842659 0.466253 0.026260 0.038584 0.106354
2 0.146511 0.591988 0.126153 0.070022 0.193748
5 0.285819 0.587472 0.080242 0.084391 0.111131
6 0.556455 0.624266 0.046324 0.074143 0.115423
0 0.676961 0.608729 0.126607 0.153088 0.115394
0 0.195967 0.625133 0.115052 0.078921 0.182867
0 0.613590 0.618269 0.066642 0.131436 0.100753
3 0.118333 0.647824 0.117237 0.110152 0.274768
3 0.151535 0.650062 0.087434 0.098399 0.191448
6 0.283214 0.682486 0.070891 0.181129 0.227787
6 0.563698 0.701233 0.074186 0.217178 0.245462
3 0.043288 0.678148 0.084322 0.137712 0.274140
1 0.466294 0.558692 0.222430 0.404993 0.345524
4 0.270385 0.738798 0.048477 0.132505 0.112083
4 0.305203 0.718251 0.113810 0.174474 0.262311
3 0.572930 0.788551 0.096374 0.221233 0.338540
0 0.667287 0.839042 0.213798 0.319604 0.130000
0 0.797842 0.761379 0.407514 0.483295 0.364617