2 0.222317 0.498789 0.456291 0.997582 0.100996
8 0.360094 0.247307 0.034124 0.166987 0.120836
8 0.457573 0.297982 0.035981 0.102434 0.208927
8 0.896699 0.267602 0.143438 0.196631 0.124623
8 0.417216 0.355349 0.038904 0.148306 0.103587
8 0.584004 0.394003 0.026196 0.039687 0.103773
8 0.601485 0.386577 0.027852 0.022827 0.114985
6 0.799361 0.384850 0.084408 0.140938 0.106015
6 0.918420 0.525413 0.039004 0.122014 0.140032
6 0.099093 0.507854 0.105432 0.383815 0.185921
5 0.668424 0.725673 0.435047 0.549730 0.295580
9 0.926749 0.564716 0.131002 0.152761 0.168166
9 0.276202 0.651964 0.083965 0.279227 0.116499
6 0.070453 0.670138 0.147336 0.359382 0.118179
3 0.426407 0.721784 0.079595 0.182222 0.148487
4 0.447600 0.728089 0.043179 0.145202 0.107309
3 0.395531 0.757250 0.144544 0.241828 0.329700
4 0.171749 0.850688 0.321604 0.291790 0.455938
0 0.931197 0.791087 0.138290 0.417008 0.308889