8 0.447241 0.373077 0.067126 0.077006 0.223879
2 0.698515 0.470264 0.218563 0.201271 0.123766
2 0.704762 0.571753 0.235146 0.425418 0.267890
1 0.508524 0.547182 0.127297 0.157398 0.418747
1 0.924646 0.565888 0.146080 0.309827 0.180679
5 0.339853 0.634558 0.171211 0.284006 0.102842
1 0.426779 0.552422 0.044033 0.053562 0.128504
1 0.826122 0.562899 0.096502 0.162880 0.267704
6 0.404608 0.593129 0.038883 0.071553 0.106286
6 0.338071 0.617571 0.057577 0.119648 0.111520
6 0.429390 0.609259 0.036930 0.105307 0.140140
8 0.710134 0.625401 0.153858 0.097820 0.149697
6 0.295783 0.673552 0.079548 0.145547 0.210615
6 0.301781 0.716586 0.094449 0.250063 0.310994
6 0.391563 0.686733 0.068948 0.194448 0.195148
4 0.421338 0.683159 0.043352 0.137463 0.135154
0 0.530087 0.764398 0.210240 0.324392 0.452427
0 0.656160 0.750209 0.064495 0.102226 0.104540
3 0.192881 0.852684 0.256488 0.299479 0.423627
3 0.312755 0.790110 0.067601 0.174707 0.132115
3 0.282473 0.840739 0.113649 0.259953 0.252341
9 0.050590 0.877453 0.101155 0.218000 0.177636
0 0.830996 0.815058 0.342693 0.372226 0.411617