8 0.756199 0.310420 0.076522 0.105506 0.114203
8 0.232144 0.566334 0.035836 0.047093 0.146558
6 0.361548 0.596147 0.035285 0.121012 0.191440
6 0.559936 0.560042 0.026662 0.064791 0.128175
6 0.598042 0.579147 0.032221 0.085513 0.134949
4 0.339742 0.606126 0.038111 0.083272 0.163515
6 0.401361 0.612319 0.044929 0.152525 0.163715
4 0.559017 0.579970 0.024238 0.041173 0.157944
4 0.594037 0.613948 0.025898 0.076453 0.241374
6 0.643594 0.591337 0.054677 0.081248 0.145723
6 0.161824 0.683296 0.096657 0.245952 0.158672
4 0.400092 0.656838 0.052251 0.115028 0.272047
5 0.477646 0.640148 0.139917 0.297773 0.329059
6 0.745780 0.704325 0.105646 0.313812 0.205643
3 0.646866 0.678045 0.070701 0.175755 0.293956
5 0.261131 0.800780 0.143533 0.307848 0.165806
4 0.369957 0.643455 0.042639 0.099754 0.161794
3 0.756378 0.822658 0.133707 0.314970 0.340980
4 0.975804 0.870676 0.049591 0.260472 0.210771
6 0.134577 0.786651 0.266270 0.427719 0.165466
4 0.219890 0.854661 0.171755 0.294256 0.260916
4 0.214444 0.935799 0.129082 0.132740 0.101138