8 0.136191 0.459858 0.018906 0.029633 0.255757
0 0.509838 0.546525 0.050868 0.063510 0.167919
0 0.603199 0.551135 0.046889 0.065546 0.125241
0 0.203060 0.566136 0.110612 0.101604 0.182560
6 0.449663 0.559324 0.030528 0.073801 0.127863
6 0.477294 0.567334 0.034084 0.076725 0.104672
0 0.555399 0.579741 0.075003 0.100077 0.211539
6 0.014975 0.613310 0.030051 0.122312 0.117851
3 0.449333 0.579699 0.026592 0.050275 0.203666
6 0.241341 0.672865 0.088094 0.237410 0.170056
9 0.218193 0.632927 0.356926 0.159904 0.104603
9 0.365710 0.585344 0.148762 0.088364 0.125303
9 0.218179 0.737882 0.431353 0.396116 0.152756
9 0.118653 0.769861 0.241994 0.300034 0.143017
3 0.229498 0.781288 0.118224 0.244389 0.354147
0 0.711917 0.735203 0.305896 0.370454 0.258458