8 0.210708 0.203893 0.074097 0.037674 0.103707
8 0.256101 0.421808 0.031419 0.048738 0.100093
6 0.409398 0.536476 0.026179 0.055571 0.105282
2 0.465816 0.517037 0.049751 0.068162 0.196943
2 0.508922 0.521659 0.035511 0.055306 0.140000
0 0.617551 0.545067 0.059783 0.081737 0.128038
3 0.409117 0.553752 0.017647 0.030397 0.130617
6 0.768255 0.590262 0.054210 0.136104 0.199948
6 0.918703 0.557802 0.030223 0.047866 0.100591
2 0.334470 0.617735 0.177943 0.225244 0.223661
0 0.894349 0.623687 0.180623 0.166329 0.241506
6 0.201749 0.709896 0.115508 0.373681 0.204318
3 0.388552 0.644893 0.064917 0.134873 0.153915
4 0.766764 0.647160 0.058839 0.123942 0.174824
6 0.343490 0.766843 0.158678 0.454368 0.207941
5 0.080024 0.723150 0.160291 0.499691 0.262132
3 0.188694 0.858501 0.150540 0.278877 0.302957
4 0.920150 0.811176 0.096737 0.273485 0.108398
3 0.317968 0.858402 0.205151 0.282152 0.295958
9 0.741564 0.827018 0.279709 0.355479 0.146259