1 0.627151 0.586737 0.038212 0.059596 0.100290
1 0.813905 0.595661 0.079921 0.139659 0.232155
8 0.242316 0.530840 0.036814 0.065456 0.284777
1 0.532546 0.591308 0.070673 0.066811 0.143857
6 0.549360 0.602526 0.029952 0.062551 0.100866
1 0.673511 0.585374 0.050570 0.088745 0.330290
8 0.239499 0.601507 0.047138 0.246771 0.129398
0 0.518157 0.608787 0.048424 0.052142 0.128556
6 0.578782 0.605610 0.024136 0.060999 0.128556
6 0.612030 0.636502 0.045871 0.127313 0.239025
4 0.646768 0.607549 0.026232 0.060616 0.121249
0 0.721783 0.614717 0.060076 0.074825 0.253090
0 0.785132 0.596958 0.027318 0.038104 0.124523
0 0.457679 0.663865 0.112691 0.158360 0.242997
9 0.677986 0.642658 0.026698 0.044870 0.170024
1 0.921321 0.564962 0.158501 0.484476 0.227779
6 0.472465 0.711714 0.110100 0.258411 0.154580
4 0.612764 0.676216 0.037817 0.079470 0.243870
9 0.728519 0.650159 0.032311 0.043781 0.112921
4 0.547140 0.741836 0.060424 0.140089 0.184784
9 0.740861 0.692094 0.021401 0.049869 0.137730
9 0.773006 0.715186 0.059938 0.084736 0.202942
9 0.832553 0.783447 0.333320 0.332113 0.210873
9 0.313892 0.790058 0.219100 0.242165 0.108498
9 0.235727 0.813860 0.461919 0.375514 0.107525
6 0.070247 0.839468 0.137718 0.312663 0.110797
3 0.468100 0.856055 0.119701 0.266065 0.270680
4 0.107448 0.912883 0.091035 0.173281 0.245932