8 0.827678 0.376073 0.061750 0.056853 0.117320
8 0.408550 0.402065 0.060840 0.083049 0.117846
2 0.294474 0.575810 0.126945 0.163362 0.104569
5 0.316603 0.564496 0.080136 0.118737 0.115683
0 0.568725 0.554625 0.065893 0.063336 0.120603
0 0.642184 0.544043 0.077160 0.058919 0.126604
8 0.798001 0.494733 0.039999 0.087903 0.118299
0 0.397217 0.556577 0.049329 0.043972 0.108600
6 0.451177 0.576680 0.027307 0.079074 0.150827
6 0.480358 0.582956 0.034095 0.084686 0.159268
6 0.569857 0.565400 0.025554 0.059880 0.125120
3 0.598009 0.577354 0.032086 0.057148 0.111805
3 0.763786 0.571369 0.057424 0.073099 0.141171
0 0.396638 0.588627 0.059381 0.071795 0.200975
3 0.452076 0.607206 0.020614 0.040800 0.100345
4 0.477446 0.605176 0.034938 0.060950 0.166142
6 0.535238 0.627758 0.066950 0.181770 0.197350
3 0.653978 0.589510 0.038443 0.071454 0.173560
3 0.841209 0.610452 0.077278 0.099641 0.192762
2 0.931262 0.567060 0.143996 0.173115 0.156416
6 0.955065 0.748552 0.087375 0.391384 0.180960
0 0.090924 0.701240 0.182697 0.227994 0.194581
3 0.536436 0.684576 0.073402 0.134687 0.255778