6 0.506346 0.540894 0.026333 0.067056 0.128490
6 0.582402 0.540617 0.025127 0.048592 0.105803
1 0.448834 0.512092 0.066770 0.070805 0.116980
6 0.520947 0.531630 0.037833 0.046160 0.100991
6 0.676530 0.560435 0.042621 0.075315 0.119348
2 0.369347 0.584216 0.128286 0.205433 0.313288
0 0.455661 0.532860 0.053415 0.039448 0.131446
6 0.497860 0.535299 0.022740 0.046598 0.130002
6 0.563556 0.542529 0.026551 0.045475 0.124525
5 0.654610 0.543477 0.034186 0.053373 0.120551
6 0.281823 0.635731 0.053267 0.231295 0.254677
6 0.313179 0.620494 0.061707 0.215035 0.200727
0 0.455994 0.564599 0.067714 0.100602 0.304565
6 0.471030 0.596558 0.046547 0.138559 0.262897
6 0.527008 0.563148 0.028448 0.070873 0.175695
5 0.598554 0.564130 0.054557 0.095082 0.340475
3 0.650908 0.560797 0.025356 0.044110 0.162979
6 0.683989 0.582764 0.050974 0.117187 0.268999
3 0.740547 0.592898 0.061691 0.088506 0.163966
6 0.784476 0.587001 0.057715 0.157525 0.141171
3 0.564943 0.571672 0.023985 0.049040 0.239200
3 0.660997 0.577873 0.022702 0.037312 0.119652
3 0.686938 0.615725 0.050505 0.107511 0.255650
3 0.767916 0.609319 0.081777 0.104376 0.273875
6 0.823182 0.664943 0.120453 0.294140 0.272978
3 0.976852 0.700733 0.046913 0.203300 0.142131
6 0.342732 0.638431 0.079823 0.203222 0.135484
3 0.470525 0.640050 0.052445 0.125940 0.298383
0 0.140264 0.748559 0.099658 0.185413 0.128284
3 0.833159 0.776630 0.136909 0.320088 0.354265
0 0.070909 0.830675 0.144069 0.339864 0.323922