7 0.367194 0.369969 0.017143 0.025081 0.137100
8 0.447725 0.266727 0.157304 0.277808 0.111516
8 0.721684 0.354560 0.036790 0.079457 0.263546
8 0.190603 0.408691 0.095290 0.062184 0.198294
8 0.722665 0.384225 0.032105 0.025075 0.102164
8 0.058483 0.449148 0.064220 0.051156 0.102930
8 0.484172 0.486120 0.026651 0.049073 0.125367
8 0.176983 0.526348 0.079085 0.138067 0.120331
8 0.488048 0.531249 0.024261 0.024459 0.119112
1 0.628085 0.573661 0.073371 0.144198 0.226673
8 0.721635 0.509213 0.023303 0.049611 0.160654
1 0.695929 0.574633 0.054772 0.094831 0.316411
8 0.358722 0.592064 0.037245 0.045818 0.121950
8 0.397556 0.592391 0.022309 0.028231 0.102482
6 0.491251 0.678986 0.065988 0.165002 0.121502
0 0.566135 0.650582 0.074011 0.110539 0.274783
9 0.312932 0.673603 0.320152 0.138314 0.183143
1 0.894956 0.623713 0.216926 0.359813 0.259022
3 0.492609 0.742877 0.068239 0.157141 0.313079
0 0.730624 0.741659 0.178770 0.270014 0.296531
9 0.870812 0.898895 0.243302 0.203857 0.124824