8 0.476279 0.418942 0.019132 0.032396 0.134280
6 0.617461 0.467376 0.019806 0.036774 0.123780
5 0.747014 0.464912 0.031154 0.035186 0.100079
0 0.813854 0.489049 0.098541 0.069216 0.192773
3 0.432323 0.526452 0.051042 0.113844 0.130346
4 0.622325 0.477723 0.018588 0.028827 0.137471
2 0.911831 0.500212 0.163518 0.109294 0.218340
3 0.334698 0.563394 0.063454 0.099495 0.222580
4 0.129710 0.591040 0.030734 0.060161 0.101200
6 0.196396 0.596276 0.074769 0.164630 0.112158
3 0.510263 0.607535 0.084225 0.228893 0.225202
4 0.106964 0.851191 0.210719 0.298027 0.190961
5 0.142202 0.722281 0.296573 0.532339 0.268574