8 0.289047 0.237804 0.052368 0.042352 0.149937
1 0.149636 0.568995 0.297881 0.305501 0.413310
8 0.822912 0.470744 0.064154 0.134290 0.137554
8 0.495142 0.475832 0.031260 0.028121 0.113394
8 0.659482 0.511037 0.027242 0.029890 0.119626
5 0.230633 0.624751 0.159344 0.195955 0.215899
1 0.364712 0.563975 0.101709 0.139463 0.336465
1 0.741434 0.545829 0.065666 0.057382 0.111699
1 0.774901 0.551960 0.122782 0.077760 0.284445
1 0.940962 0.518702 0.100165 0.055634 0.148254
0 0.311665 0.588916 0.036982 0.049125 0.107888
6 0.698594 0.564956 0.051976 0.078100 0.147113
1 0.947859 0.574730 0.105040 0.121465 0.137148
6 0.266275 0.652407 0.055961 0.172945 0.231235
6 0.337999 0.634700 0.047617 0.147952 0.230274
6 0.599714 0.626792 0.083442 0.156447 0.129811
3 0.379323 0.647068 0.038385 0.073707 0.116241
6 0.688863 0.705427 0.089822 0.296727 0.247239
0 0.085587 0.667241 0.166228 0.178676 0.230383
3 0.267262 0.701294 0.057052 0.109405 0.156284
3 0.338246 0.682789 0.046160 0.103154 0.229740
2 0.476268 0.676411 0.177206 0.358114 0.290729
3 0.610812 0.675086 0.077533 0.127145 0.306580
0 0.064046 0.752852 0.129370 0.327246 0.242165
3 0.710577 0.844919 0.122743 0.251979 0.358755
0 0.853451 0.721286 0.295316 0.377674 0.355885
0 0.061194 0.949263 0.123863 0.101275 0.123033