8 0.152793 0.063293 0.318512 0.125126 0.151829
1 0.812805 0.506530 0.376324 0.994917 0.317497
8 0.362754 0.478686 0.068483 0.058955 0.144045
2 0.163578 0.589420 0.325744 0.611366 0.122549
1 0.505640 0.600151 0.033773 0.072181 0.109117
6 0.484488 0.598190 0.038577 0.070365 0.121032
3 0.473374 0.613092 0.045178 0.056824 0.123796
6 0.528173 0.624958 0.039225 0.110596 0.205505
1 0.599952 0.608239 0.088234 0.240410 0.401519
3 0.410563 0.655367 0.069724 0.081021 0.153560
0 0.602348 0.662549 0.073868 0.096454 0.197730
3 0.431093 0.685739 0.053532 0.095758 0.119543
6 0.487070 0.717328 0.083141 0.201496 0.260898
3 0.375448 0.735338 0.136568 0.167409 0.300207
3 0.491110 0.786750 0.096756 0.224737 0.331975
6 0.344776 0.847574 0.155271 0.313163 0.258126