8 0.337204 0.290235 0.099758 0.075185 0.122290
8 0.027471 0.482083 0.048542 0.206336 0.124473
2 0.907855 0.470891 0.176532 0.157252 0.172403
8 0.961705 0.448585 0.074690 0.095836 0.153313
8 0.304639 0.466206 0.031856 0.054178 0.285318
1 0.697649 0.481920 0.106462 0.101924 0.215483
2 0.451921 0.518793 0.165784 0.304877 0.300933
0 0.773718 0.524237 0.104464 0.072270 0.105785
0 0.817083 0.567743 0.175102 0.152593 0.142461
0 0.538091 0.640679 0.168373 0.251027 0.199441
0 0.331481 0.664136 0.202193 0.253846 0.229660
0 0.922184 0.701639 0.157990 0.352699 0.188874
5 0.157080 0.765209 0.318738 0.481715 0.351771
0 0.693285 0.764536 0.398631 0.466849 0.236998