8 0.336669 0.290317 0.100935 0.074024 0.126267
8 0.028102 0.482823 0.049509 0.209075 0.121775
1 0.876186 0.450707 0.155708 0.101829 0.294683
8 0.304531 0.466277 0.031787 0.053876 0.302230
1 0.575488 0.497963 0.091568 0.068141 0.126467
1 0.709251 0.485120 0.119422 0.107698 0.232012
2 0.448862 0.519048 0.160741 0.306889 0.279741
0 0.534473 0.647771 0.155617 0.241389 0.209110
0 0.886268 0.660248 0.234872 0.319901 0.228401
0 0.333406 0.663414 0.203615 0.250201 0.220129
5 0.156850 0.765077 0.317978 0.482620 0.343506
0 0.691674 0.767950 0.403306 0.463831 0.215882