8 0.450285 0.510327 0.029337 0.038943 0.101614
8 0.663493 0.478623 0.030686 0.027420 0.152421
5 0.072819 0.548350 0.128542 0.124969 0.185629
5 0.186975 0.547167 0.097298 0.101288 0.135782
0 0.279370 0.538076 0.079431 0.056474 0.144869
5 0.410522 0.548798 0.034858 0.056406 0.105789
3 0.280097 0.557164 0.033184 0.051362 0.119347
6 0.890461 0.588375 0.026959 0.091270 0.150373
3 0.408882 0.581432 0.025432 0.055963 0.141742
0 0.456230 0.621975 0.112486 0.166185 0.244249
6 0.943109 0.602224 0.041620 0.124301 0.156161
6 0.337132 0.650849 0.058646 0.189215 0.184993
2 0.577134 0.617532 0.134870 0.195062 0.241191
6 0.217783 0.781666 0.139947 0.423732 0.169328
3 0.538406 0.683868 0.071685 0.193230 0.265399
9 0.819898 0.813050 0.372274 0.368596 0.151216