5 0.501779 0.548719 0.043540 0.065820 0.136879
5 0.561532 0.553905 0.047512 0.081695 0.114696
4 0.437283 0.576964 0.032204 0.057901 0.111644
6 0.506025 0.591371 0.046439 0.117830 0.161663
5 0.628778 0.575592 0.054804 0.135487 0.186768
6 0.878659 0.593293 0.062672 0.124704 0.124365
6 0.937675 0.624158 0.047077 0.222865 0.139563
5 0.672913 0.600945 0.113194 0.199062 0.317043
6 0.837030 0.671106 0.090137 0.281800 0.160071
3 0.505835 0.625027 0.054048 0.109325 0.241960
3 0.557432 0.624031 0.047066 0.097796 0.205195
4 0.882420 0.689035 0.074214 0.197799 0.105564
3 0.850895 0.758299 0.136860 0.290444 0.194282