0 0.621587 0.552933 0.045634 0.064205 0.101874
5 0.698573 0.554326 0.078783 0.077746 0.105518
3 0.327671 0.576617 0.030365 0.065484 0.108019
6 0.400615 0.570551 0.044445 0.095414 0.114481
6 0.467799 0.594655 0.042815 0.106476 0.155853
5 0.274524 0.612403 0.100306 0.167421 0.284542
0 0.516286 0.585835 0.075926 0.109594 0.204834
3 0.398760 0.657004 0.052196 0.135981 0.226209
3 0.465151 0.628653 0.048557 0.100166 0.110933
3 0.065061 0.700200 0.126649 0.199852 0.209183
6 0.205311 0.712329 0.115847 0.276889 0.165833
9 0.816209 0.672334 0.338971 0.211420 0.102601
3 0.194142 0.844018 0.151170 0.302538 0.247339
3 0.629759 0.781835 0.100974 0.223497 0.211262