8 0.577215 0.448379 0.019013 0.040978 0.101704
4 0.547358 0.569381 0.022653 0.044217 0.117586
6 0.377982 0.626337 0.061715 0.164657 0.175124
6 0.468213 0.606949 0.049291 0.123326 0.141838
4 0.543608 0.578633 0.022434 0.041526 0.112955
0 0.598222 0.606934 0.084712 0.116122 0.198054
6 0.915726 0.671800 0.095897 0.316473 0.149901
4 0.330597 0.666138 0.050639 0.093514 0.121664
6 0.961108 0.780238 0.077538 0.438287 0.116475
3 0.368843 0.668837 0.106822 0.112754 0.192304
5 0.714617 0.699945 0.189754 0.354256 0.256715
3 0.091475 0.830598 0.162820 0.333943 0.228688
3 0.930522 0.866234 0.130472 0.257939 0.131233