8 0.310204 0.321088 0.036107 0.082659 0.109188
7 0.658028 0.380289 0.015380 0.059113 0.174264
8 0.303639 0.384668 0.043154 0.038030 0.122351
8 0.942471 0.460138 0.053844 0.066123 0.105418
2 0.534737 0.521858 0.079195 0.122761 0.158743
8 0.955596 0.483307 0.024437 0.043803 0.111255
2 0.664850 0.515232 0.201268 0.220561 0.231522
6 0.472912 0.671305 0.092198 0.274838 0.125338
6 0.763755 0.634898 0.066292 0.227620 0.106098
6 0.250155 0.698651 0.095206 0.304255 0.108356
6 0.945375 0.629485 0.107348 0.222304 0.109535
6 0.169417 0.771502 0.168000 0.439632 0.112182
6 0.393411 0.773825 0.161642 0.447245 0.149061
6 0.666163 0.763905 0.200317 0.476492 0.147657
4 0.281909 0.784743 0.054202 0.177428 0.148370
3 0.764508 0.766982 0.068585 0.207470 0.104871
3 0.901733 0.792986 0.139474 0.281850 0.181807
3 0.477294 0.808131 0.115555 0.242361 0.155446
3 0.135648 0.854277 0.242674 0.292123 0.178648
4 0.146497 0.928615 0.147361 0.142861 0.123932
4 0.376971 0.950193 0.175065 0.097894 0.104362