6 0.064930 0.599838 0.042926 0.186471 0.109073
8 0.330818 0.589702 0.028900 0.067765 0.141294
0 0.568599 0.571508 0.087074 0.060023 0.100015
6 0.377323 0.629257 0.043953 0.125757 0.134998
0 0.604637 0.625359 0.121847 0.144121 0.103503
0 0.689278 0.617529 0.087551 0.128402 0.143988
6 0.027669 0.624611 0.051238 0.206562 0.127085
6 0.625311 0.682746 0.082725 0.236449 0.123531
6 0.721725 0.685181 0.088960 0.247328 0.100555
9 0.251087 0.689558 0.191338 0.110106 0.205071
3 0.373699 0.687925 0.056694 0.138962 0.172248
0 0.872809 0.719171 0.255792 0.290513 0.184965
3 0.630231 0.758557 0.092796 0.205632 0.195369
5 0.500774 0.749168 0.217999 0.401501 0.214906
3 0.733602 0.754831 0.104613 0.190220 0.158324
4 0.086004 0.673001 0.088229 0.171130 0.180456