8 0.256493 0.411908 0.027324 0.075841 0.190840
0 0.373642 0.549027 0.046859 0.073400 0.103456
3 0.407822 0.513364 0.020801 0.029693 0.147367
0 0.327613 0.569380 0.097664 0.093477 0.155138
3 0.449144 0.573914 0.047712 0.080442 0.226653
5 0.510900 0.559328 0.061079 0.114726 0.176474
6 0.324829 0.629056 0.099367 0.211128 0.157977
0 0.600179 0.610972 0.152013 0.183737 0.183785
3 0.840254 0.638496 0.098265 0.125000 0.121727
6 0.937999 0.684750 0.108785 0.265651 0.174947
3 0.316102 0.689264 0.157670 0.203981 0.163165
0 0.050775 0.812206 0.100334 0.385001 0.134556
3 0.936236 0.770693 0.125307 0.292806 0.192202