8 0.636970 0.312226 0.036201 0.054969 0.126045
1 0.767143 0.530297 0.411258 0.211125 0.256915
5 0.910887 0.620352 0.173988 0.181205 0.134721
0 0.276320 0.577699 0.144167 0.109346 0.139754
6 0.323664 0.605396 0.045432 0.095277 0.103550
0 0.835895 0.618655 0.098247 0.164375 0.140145
6 0.414339 0.663729 0.065978 0.193782 0.132409
6 0.183906 0.735079 0.106881 0.312999 0.145653
0 0.678745 0.688139 0.166598 0.245127 0.202339
6 0.362859 0.791183 0.156660 0.422363 0.154808
3 0.414282 0.740900 0.071424 0.178202 0.144132
3 0.064332 0.774645 0.126902 0.217201 0.221910
0 0.901719 0.805477 0.202602 0.388963 0.156803
3 0.348028 0.902944 0.173598 0.192267 0.232722