2 0.584593 0.581419 0.157822 0.158816 0.103760
8 0.275432 0.395695 0.071784 0.089188 0.146845
1 0.526840 0.502593 0.033198 0.035465 0.125693
1 0.528638 0.562977 0.051676 0.142143 0.286352
2 0.766862 0.565527 0.096127 0.131097 0.144674
2 0.837829 0.590885 0.091133 0.175046 0.115570
6 0.570205 0.592458 0.054118 0.135924 0.247804
6 0.619840 0.579056 0.035276 0.087016 0.102124
2 0.661391 0.579994 0.083201 0.140256 0.343471
6 0.800060 0.624561 0.033028 0.135911 0.243481
5 0.159978 0.756070 0.158419 0.488107 0.129643
6 0.604869 0.595426 0.047127 0.135564 0.212820
6 0.737042 0.605367 0.044529 0.110697 0.232237
6 0.891836 0.668130 0.080186 0.211761 0.251927
4 0.562566 0.628577 0.050391 0.083620 0.186229
3 0.604923 0.628967 0.043312 0.086917 0.182514
4 0.333003 0.745793 0.115173 0.170176 0.145179
3 0.894351 0.740619 0.110294 0.221520 0.398704
5 0.078889 0.732872 0.156091 0.514204 0.279029
2 0.972919 0.836430 0.052409 0.313295 0.131055
5 0.324139 0.746898 0.384967 0.502089 0.424423