7 0.018954 0.305341 0.037519 0.098691 0.115445
8 0.605768 0.348178 0.019382 0.032702 0.198018
8 0.571454 0.492328 0.024851 0.035541 0.160825
2 0.455955 0.545461 0.058282 0.089451 0.140102
2 0.525584 0.540338 0.050736 0.054889 0.159910
8 0.990733 0.504444 0.017577 0.044957 0.111402
2 0.469418 0.601548 0.068121 0.071728 0.115744
0 0.439215 0.604795 0.057748 0.072614 0.123567
2 0.196797 0.604504 0.399064 0.523633 0.303529
6 0.407756 0.673585 0.080746 0.140525 0.116770
8 0.728727 0.616162 0.072677 0.201175 0.150669
0 0.513642 0.683503 0.146544 0.202987 0.304760
9 0.135541 0.802533 0.247551 0.033036 0.229841
3 0.412597 0.809731 0.113848 0.342114 0.339798
9 0.668966 0.827305 0.254412 0.357043 0.142178