8 0.014220 0.406993 0.028793 0.094280 0.126161
8 0.421641 0.408636 0.081072 0.105620 0.102370
8 0.425766 0.399068 0.024578 0.037946 0.102350
8 0.381727 0.493120 0.064753 0.060027 0.114228
1 0.492818 0.559359 0.137974 0.221686 0.349093
5 0.578778 0.560417 0.033421 0.073333 0.115804
2 0.633894 0.581604 0.083762 0.139316 0.119274
6 0.032079 0.707367 0.063792 0.310767 0.233727
6 0.466581 0.615795 0.024410 0.066926 0.114860
6 0.607065 0.645432 0.045036 0.120380 0.139985
2 0.819340 0.511474 0.368091 0.967571 0.361421
6 0.292599 0.761416 0.095383 0.271729 0.126938
6 0.383369 0.668215 0.052719 0.160388 0.159072
3 0.463563 0.681493 0.065645 0.143594 0.181339
6 0.533150 0.659446 0.045551 0.052640 0.117972
3 0.255149 0.844978 0.161893 0.311019 0.380904
0 0.528426 0.743015 0.198831 0.318424 0.394011
3 0.037518 0.911884 0.073871 0.179359 0.117200