8 0.940128 0.071217 0.073858 0.142697 0.104219
8 0.127330 0.142331 0.256406 0.278204 0.165867
8 0.875352 0.114004 0.215772 0.236667 0.111042
7 0.637940 0.268527 0.057840 0.075942 0.124078
1 0.485410 0.549302 0.212065 0.342794 0.397345
1 0.819752 0.518996 0.359529 0.957315 0.420356
8 0.126366 0.496884 0.036892 0.117036 0.131119
6 0.192009 0.457930 0.099256 0.213647 0.151907
8 0.041154 0.563417 0.048518 0.216050 0.122588
1 0.623943 0.576349 0.061855 0.161850 0.102186
1 0.355650 0.589294 0.037170 0.075009 0.164822
7 0.380305 0.587572 0.024393 0.110162 0.101945
8 0.040838 0.584660 0.046766 0.086935 0.162172
6 0.533319 0.661137 0.057199 0.134251 0.143643
6 0.596787 0.747773 0.090317 0.323946 0.251589
6 0.766366 0.811690 0.179350 0.376109 0.242891
0 0.240398 0.807466 0.469477 0.384714 0.337259
6 0.484761 0.823176 0.130165 0.343561 0.244513
3 0.534772 0.817208 0.074873 0.191951 0.210827
3 0.612628 0.834395 0.119247 0.245081 0.417817
3 0.462740 0.956262 0.130172 0.085633 0.139547