6 0.076040 0.557629 0.033771 0.052536 0.102914
6 0.170373 0.562085 0.050348 0.074862 0.113135
6 0.226531 0.586673 0.053282 0.153890 0.173618
6 0.270561 0.584246 0.051233 0.126861 0.133716
2 0.371427 0.585384 0.082969 0.176053 0.160405
5 0.680085 0.666106 0.274648 0.341256 0.221194
0 0.821468 0.574659 0.051592 0.111104 0.135478
6 0.383804 0.629722 0.052935 0.194929 0.116211
5 0.870863 0.608407 0.103170 0.205813 0.304252
5 0.459424 0.644946 0.158004 0.301143 0.282353
5 0.580976 0.638779 0.077240 0.219536 0.140052
3 0.263194 0.657354 0.084015 0.152271 0.144135
3 0.378068 0.678723 0.057617 0.142364 0.131452
6 0.642878 0.762028 0.230194 0.477381 0.144533
5 0.953084 0.665572 0.094180 0.313664 0.146726
5 0.167559 0.771461 0.224288 0.448204 0.163435