8 0.696021 0.040904 0.104951 0.081858 0.200512
8 0.157589 0.167960 0.059360 0.118205 0.103142
8 0.879278 0.289245 0.033129 0.076732 0.108167
8 0.078110 0.360927 0.031696 0.051126 0.160588
8 0.114968 0.371346 0.119164 0.101846 0.108297
8 0.134342 0.381199 0.024404 0.042031 0.145112
2 0.932513 0.585636 0.084673 0.093483 0.123269
2 0.445213 0.529969 0.381756 0.641975 0.291173
0 0.140994 0.698846 0.291148 0.315139 0.230193
6 0.491614 0.767550 0.173939 0.459327 0.185965
3 0.470227 0.877733 0.221623 0.243290 0.290829
9 0.796920 0.877113 0.324413 0.247224 0.111885