2 0.618169 0.497794 0.031901 0.039192 0.149496
6 0.659438 0.533457 0.028627 0.049879 0.104204
6 0.686482 0.531503 0.032459 0.055250 0.133694
5 0.712028 0.548203 0.038312 0.057043 0.154027
6 0.192151 0.565437 0.035724 0.150547 0.109791
6 0.536394 0.605444 0.048578 0.159372 0.178986
6 0.572385 0.576377 0.033698 0.104558 0.186100
5 0.616502 0.550093 0.058084 0.073619 0.242549
6 0.662669 0.556136 0.037632 0.086434 0.139022
5 0.457808 0.606755 0.061708 0.184258 0.116051
6 0.503472 0.640851 0.073970 0.223817 0.252673
3 0.672862 0.594019 0.054741 0.095536 0.288340
2 0.830856 0.603368 0.204786 0.282543 0.327712
3 0.068068 0.643267 0.123912 0.121906 0.135778
3 0.234983 0.648584 0.085747 0.148206 0.240788
3 0.560440 0.626491 0.046749 0.101270 0.114726
6 0.970293 0.618758 0.057327 0.225470 0.111166
3 0.999822 0.651640 0.114897 0.189844 0.156368
3 0.543621 0.652934 0.060100 0.127033 0.125045
3 0.088042 0.745319 0.175502 0.289221 0.326790
3 0.502459 0.705892 0.077841 0.172349 0.330225
9 0.847993 0.876387 0.267278 0.237315 0.152357
5 0.368065 0.713684 0.235204 0.436229 0.346206
9 0.793365 0.804892 0.415822 0.402867 0.431022
9 0.923451 0.894453 0.121629 0.207191 0.122001
9 0.956856 0.912995 0.067635 0.176381 0.122550