8 0.020578 0.270773 0.041675 0.112124 0.224240
8 0.143620 0.277487 0.077646 0.090892 0.134852
8 0.951043 0.384104 0.099175 0.076724 0.171870
8 0.018609 0.441671 0.037467 0.079358 0.130284
2 0.867811 0.533004 0.262410 0.226732 0.129963
8 0.299816 0.493801 0.017310 0.039515 0.124799
6 0.859183 0.486588 0.067927 0.150831 0.119447
2 0.518706 0.569678 0.085564 0.114270 0.131792
3 0.424488 0.580771 0.057233 0.090979 0.114757
2 0.726163 0.600405 0.215526 0.224962 0.233756
2 0.832748 0.680735 0.332498 0.446700 0.248948
3 0.595438 0.765006 0.101286 0.223909 0.212199
5 0.208921 0.758094 0.408963 0.487064 0.297333
9 0.830129 0.848171 0.159655 0.130947 0.158527