2 0.722102 0.688431 0.415001 0.557024 0.100639
8 0.246563 0.530718 0.083761 0.258528 0.122671
8 0.260403 0.444562 0.031891 0.121452 0.124397
7 0.492868 0.402969 0.022527 0.039589 0.116479
8 0.502631 0.404114 0.046288 0.057024 0.161619
8 0.243179 0.473294 0.050892 0.075503 0.263938
1 0.600998 0.576117 0.203229 0.355926 0.530221
7 0.222711 0.487952 0.019472 0.045738 0.138064
7 0.257300 0.469526 0.030181 0.072053 0.154834
8 0.474224 0.501645 0.039137 0.043681 0.115720
8 0.031714 0.588522 0.063074 0.228111 0.132871
8 0.281115 0.520081 0.029158 0.037489 0.136761
6 0.065183 0.584696 0.028263 0.089453 0.186315
6 0.459074 0.604823 0.058585 0.072331 0.100338
6 0.489860 0.583770 0.027756 0.046995 0.112838
1 0.709121 0.537711 0.061977 0.146246 0.249708
6 0.491204 0.616832 0.030362 0.095922 0.215355
0 0.820101 0.695981 0.182890 0.238376 0.338688
1 0.907430 0.598873 0.188867 0.286538 0.317193
6 0.331325 0.635103 0.036040 0.125494 0.269368
6 0.431684 0.680094 0.075324 0.198841 0.120609
0 0.580398 0.681983 0.125567 0.159315 0.133502
4 0.333973 0.690985 0.047148 0.107875 0.121578
8 0.234263 0.764713 0.064369 0.164810 0.241008
9 0.268256 0.767195 0.088131 0.182045 0.209724
4 0.340391 0.746159 0.077088 0.192673 0.345641
0 0.649290 0.786485 0.247625 0.380027 0.432309
3 0.440322 0.808301 0.107344 0.313138 0.449516
9 0.038368 0.907004 0.076469 0.157440 0.123179