8 0.337927 0.291412 0.098536 0.073354 0.112173
8 0.028494 0.483844 0.049861 0.212759 0.119880
9 0.859568 0.500795 0.295121 0.069376 0.105584
8 0.304575 0.465840 0.031467 0.054371 0.280384
8 0.333165 0.465060 0.026334 0.058874 0.100875
1 0.692368 0.483485 0.122166 0.107685 0.224863
2 0.451131 0.520224 0.156615 0.302187 0.243499
0 0.794070 0.520666 0.119814 0.069373 0.109874
0 0.898021 0.556201 0.204557 0.126927 0.111026
0 0.535812 0.646321 0.154567 0.237442 0.203262
0 0.332298 0.665490 0.203337 0.251158 0.206891
0 0.895858 0.683357 0.215481 0.361822 0.196879
5 0.157533 0.763745 0.318061 0.484014 0.325500
0 0.695254 0.768058 0.406619 0.463261 0.206380