8 0.301984 0.042052 0.147427 0.084052 0.384156
1 0.918785 0.467907 0.168479 0.639787 0.221429
8 0.174820 0.419042 0.029771 0.075888 0.150761
8 0.226614 0.422896 0.038925 0.062035 0.398110
8 0.253837 0.415835 0.081356 0.092535 0.162572
8 0.094034 0.453474 0.062538 0.099980 0.100949
8 0.181477 0.422108 0.030041 0.053430 0.210962
8 0.287025 0.454907 0.022041 0.059961 0.193390
8 0.326220 0.462047 0.023985 0.041786 0.257926
8 0.112531 0.465955 0.030337 0.054628 0.144052
0 0.555992 0.566313 0.060988 0.063855 0.140891
0 0.603308 0.558585 0.057603 0.059377 0.107144
0 0.652975 0.585538 0.115554 0.135372 0.188558
0 0.737969 0.649197 0.239073 0.241757 0.250137
0 0.127577 0.759116 0.257115 0.474910 0.208044
0 0.342543 0.760950 0.586836 0.477693 0.228837
0 0.889283 0.822004 0.225092 0.355080 0.202845