8 0.760312 0.147353 0.038433 0.063952 0.100494
8 0.147529 0.334503 0.135090 0.158782 0.132264
1 0.488737 0.486450 0.088023 0.050280 0.221616
6 0.353119 0.594940 0.105031 0.149543 0.142977
6 0.408210 0.666563 0.077884 0.276583 0.292119
3 0.795017 0.600144 0.053815 0.104542 0.284016
6 0.885263 0.638722 0.072800 0.194633 0.360019
6 0.883149 0.612848 0.056965 0.096456 0.117693
6 0.353591 0.730979 0.117066 0.371318 0.347542
6 0.342694 0.652740 0.088550 0.212630 0.204759
6 0.429299 0.626528 0.078477 0.243876 0.102391
3 0.892737 0.695612 0.102593 0.173590 0.456882
3 0.412176 0.744462 0.082249 0.191656 0.240275
5 0.492107 0.641799 0.133592 0.330437 0.374135
5 0.648465 0.751361 0.279443 0.508350 0.469703
2 0.652561 0.881900 0.255277 0.238147 0.131259
5 0.963942 0.731513 0.075090 0.528138 0.207632
3 0.345381 0.831027 0.131693 0.292694 0.427221
1 0.152330 0.735318 0.304504 0.523030 0.368598