2 0.363504 0.607555 0.126674 0.248061 0.239398
0 0.449257 0.600460 0.037538 0.042338 0.193568
0 0.474629 0.597493 0.028303 0.037289 0.130560
0 0.699007 0.633758 0.063363 0.070315 0.245870
6 0.238370 0.711523 0.077646 0.222035 0.120825
8 0.907461 0.669692 0.018524 0.047036 0.100802
3 0.246289 0.766941 0.098213 0.212518 0.304923
2 0.590432 0.616974 0.207286 0.326853 0.274543
9 0.708115 0.759921 0.081845 0.102387 0.147899
9 0.770528 0.788820 0.061489 0.092997 0.146557
9 0.751947 0.759590 0.037652 0.102048 0.123231
9 0.785555 0.805225 0.055632 0.089158 0.123653
3 0.075937 0.848110 0.143084 0.308683 0.302719
9 0.856641 0.868923 0.291463 0.277601 0.223879
9 0.882092 0.882429 0.078669 0.129490 0.103788
9 0.949555 0.915120 0.098528 0.165000 0.124701