8 0.759994 0.367751 0.065231 0.135378 0.127877
8 0.895433 0.266044 0.130957 0.227295 0.158789
8 0.324099 0.411443 0.073405 0.135621 0.127672
8 0.241340 0.523302 0.125225 0.119535 0.117325
0 0.486674 0.585227 0.059559 0.060068 0.125350
6 0.529018 0.593075 0.036211 0.058523 0.118333
6 0.370369 0.601682 0.034222 0.049374 0.149527
0 0.481600 0.635351 0.069292 0.103639 0.274640
3 0.532554 0.610550 0.036752 0.073503 0.147525
6 0.565930 0.607726 0.035523 0.077853 0.151086
6 0.590541 0.606208 0.025940 0.095550 0.135365
6 0.626596 0.608201 0.029978 0.098969 0.164520
0 0.408910 0.687965 0.143700 0.185969 0.321288
3 0.631695 0.634468 0.054696 0.070038 0.146633
3 0.738253 0.698081 0.103482 0.127774 0.257199
3 0.826944 0.696692 0.171618 0.159692 0.200152
3 0.942583 0.773398 0.114346 0.308829 0.222638
3 0.607245 0.638775 0.059399 0.072607 0.129704
0 0.207247 0.782420 0.408120 0.432811 0.358249
3 0.863514 0.877240 0.208511 0.242269 0.431758