8 0.729056 0.315982 0.027673 0.050011 0.105353
8 0.729291 0.330814 0.037160 0.089020 0.348003
8 0.482391 0.415883 0.075442 0.142703 0.151639
8 0.245579 0.474049 0.035672 0.064576 0.121235
8 0.474859 0.472576 0.070760 0.040254 0.108586
8 0.723584 0.482999 0.019974 0.037260 0.120496
8 0.758142 0.505720 0.067412 0.071291 0.122959
8 0.293120 0.504785 0.036848 0.045619 0.110327
8 0.351529 0.529101 0.022096 0.027428 0.111812
8 0.418704 0.535630 0.036406 0.034163 0.113404
1 0.544864 0.566214 0.072084 0.129262 0.215741
1 0.961236 0.588613 0.076717 0.169304 0.135004
0 0.141279 0.592947 0.112013 0.113139 0.140447
6 0.202532 0.593061 0.079057 0.139420 0.121453
2 0.266740 0.596095 0.141371 0.214011 0.132448
6 0.395482 0.588679 0.027890 0.043941 0.114889
6 0.433716 0.591496 0.027559 0.059644 0.157349
6 0.466856 0.591075 0.031428 0.054932 0.107736
2 0.653654 0.575063 0.142095 0.266298 0.444340
5 0.761321 0.605933 0.064020 0.131346 0.196942
2 0.894314 0.541830 0.217234 0.302941 0.370283
6 0.011910 0.592405 0.023920 0.105985 0.137657
3 0.045821 0.610595 0.076593 0.097888 0.133776
6 0.396695 0.624776 0.041960 0.113256 0.347321
6 0.525204 0.606876 0.064824 0.038169 0.154578
9 0.359290 0.628787 0.062778 0.064764 0.218325
0 0.518943 0.641367 0.100765 0.169681 0.325017
6 0.522300 0.630573 0.080625 0.083219 0.104298
8 0.754321 0.640739 0.026767 0.075358 0.167926
3 0.042981 0.748044 0.085146 0.234548 0.283947
3 0.620266 0.714334 0.056393 0.139174 0.431592
9 0.769854 0.710114 0.124286 0.115711 0.150837
0 0.868856 0.821657 0.253263 0.357806 0.388027
3 0.209223 0.835537 0.255079 0.326401 0.367116