1 0.469127 0.565687 0.103990 0.108598 0.202449
1 0.957101 0.547248 0.082858 0.139079 0.139416
5 0.959918 0.593922 0.078694 0.080845 0.120403
6 0.414556 0.636825 0.064640 0.161404 0.127517
6 0.560017 0.624428 0.064891 0.146707 0.120788
6 0.612359 0.628309 0.059470 0.148470 0.119341
6 0.480825 0.682172 0.093187 0.267768 0.113836
1 0.194596 0.538001 0.390851 0.915319 0.304606
3 0.553192 0.681853 0.056192 0.123895 0.143936
3 0.406737 0.742557 0.068811 0.175951 0.120273
3 0.469330 0.787870 0.110966 0.242025 0.224785
4 0.661516 0.879759 0.188280 0.238066 0.191279