7 0.346173 0.111958 0.054889 0.032327 0.157359
8 0.273046 0.181650 0.070472 0.093665 0.238550
1 0.187462 0.585056 0.372748 0.527064 0.263428
7 0.461545 0.385381 0.013091 0.015730 0.134372
8 0.613630 0.390527 0.042640 0.067875 0.432198
8 0.615357 0.439100 0.026950 0.027984 0.143423
1 0.843988 0.518751 0.266353 0.269656 0.341374
1 0.408560 0.514454 0.072085 0.060598 0.102953
8 0.614974 0.475035 0.030934 0.051077 0.223225
0 0.459027 0.520170 0.067252 0.046121 0.118909
0 0.511085 0.524674 0.047007 0.039636 0.107572
0 0.482837 0.541192 0.098972 0.054474 0.105395
0 0.745519 0.600087 0.178262 0.197450 0.227736
4 0.654996 0.666122 0.106318 0.199700 0.372642
0 0.448382 0.735441 0.286300 0.419545 0.312216
0 0.090896 0.856283 0.186040 0.287893 0.196832
9 0.652603 0.811541 0.227308 0.381280 0.121666