8 0.607834 0.182282 0.062978 0.139404 0.216695
8 0.026756 0.267604 0.053082 0.089741 0.101017
8 0.942909 0.270848 0.115752 0.110976 0.143063
7 0.833924 0.315321 0.027563 0.066578 0.147469
1 0.154836 0.492716 0.300283 0.489860 0.272204
2 0.939483 0.536525 0.119740 0.205050 0.187047
6 0.817247 0.577610 0.034214 0.090188 0.188787
0 0.858038 0.574806 0.070879 0.076188 0.200892
3 0.725176 0.596860 0.038053 0.066186 0.230837
6 0.211410 0.713994 0.127440 0.368670 0.235845
2 0.444970 0.536314 0.361456 0.589633 0.366235
0 0.938939 0.679813 0.123473 0.273052 0.236730
0 0.027062 0.835397 0.053868 0.292956 0.142207
3 0.220313 0.856728 0.138515 0.291359 0.338758
9 0.745777 0.841641 0.275459 0.320846 0.170340
9 0.786590 0.782263 0.403702 0.438590 0.149668