8 0.292047 0.399445 0.032590 0.068816 0.118437
8 0.515736 0.489275 0.040179 0.062746 0.112699
2 0.676860 0.555838 0.050626 0.069415 0.132445
5 0.144077 0.573308 0.059349 0.086281 0.111217
5 0.316898 0.570166 0.075024 0.079106 0.139800
5 0.449537 0.566639 0.034814 0.075398 0.147904
2 0.066036 0.632243 0.134532 0.275776 0.169167
6 0.241803 0.654518 0.084028 0.214841 0.131980
5 0.507956 0.579187 0.051794 0.096371 0.159720
4 0.630767 0.601346 0.027360 0.052751 0.131262
3 0.808594 0.623666 0.040382 0.080157 0.131094
5 0.415422 0.590127 0.075732 0.118982 0.145315
9 0.582339 0.627568 0.146832 0.154026 0.138802
3 0.859519 0.681450 0.078985 0.143710 0.189006
3 0.235789 0.717318 0.085639 0.164477 0.147990