5 0.367105 0.571662 0.057561 0.097197 0.185581
6 0.398929 0.570338 0.024222 0.065593 0.105548
6 0.558070 0.578725 0.036955 0.091340 0.110583
6 0.055369 0.668808 0.098369 0.341407 0.146329
5 0.448043 0.612297 0.092304 0.180785 0.213803
3 0.554666 0.604109 0.041523 0.090207 0.168491
3 0.706327 0.631966 0.045739 0.097407 0.120216
6 0.801109 0.673946 0.084060 0.231101 0.145502
6 0.953112 0.662667 0.063556 0.221609 0.123566
3 0.623042 0.661771 0.059332 0.156910 0.193758
3 0.801796 0.770858 0.123501 0.255990 0.138077