2 0.513967 0.591025 0.077790 0.133171 0.118315
6 0.475298 0.604337 0.044643 0.133295 0.154106
5 0.626142 0.595151 0.078826 0.140617 0.194658
6 0.672797 0.606708 0.057999 0.153645 0.112619
6 0.850170 0.609207 0.086258 0.131291 0.104350
3 0.921934 0.634854 0.066218 0.109115 0.187352
6 0.236846 0.752212 0.127795 0.475174 0.162224
3 0.548448 0.646858 0.052597 0.111038 0.204419
6 0.817040 0.670807 0.122784 0.263626 0.148681
3 0.675821 0.664779 0.058554 0.152522 0.211808
3 0.821810 0.823508 0.158233 0.356667 0.219108