1 0.179069 0.576907 0.330419 0.583306 0.452895
8 0.347556 0.364277 0.041705 0.073178 0.119037
7 0.353150 0.437728 0.035138 0.047652 0.129414
6 0.091246 0.475289 0.064331 0.133526 0.101529
0 0.355243 0.538360 0.042066 0.058297 0.193384
1 0.404522 0.519119 0.053838 0.094025 0.452035
0 0.455598 0.533762 0.045806 0.046830 0.136365
0 0.545485 0.550674 0.055105 0.070384 0.121320
0 0.453428 0.554757 0.049171 0.066113 0.236509
6 0.500580 0.573860 0.043209 0.122280 0.226788
0 0.579263 0.566035 0.071169 0.056351 0.135194
9 0.774617 0.629785 0.156827 0.152088 0.177042
6 0.881455 0.613382 0.039273 0.116065 0.266705
6 0.535393 0.716667 0.111541 0.363492 0.294134
0 0.597453 0.638945 0.196697 0.213098 0.390615
3 0.970077 0.652858 0.056316 0.092586 0.100829
6 0.067157 0.768352 0.136133 0.455652 0.238619
3 0.852032 0.681329 0.109369 0.143447 0.341972
0 0.630483 0.674374 0.118106 0.141187 0.155069
3 0.940079 0.719343 0.108074 0.178083 0.324573
3 0.889710 0.690755 0.197682 0.194726 0.114534
3 0.539952 0.811040 0.135089 0.273765 0.443773
3 0.113528 0.905681 0.176779 0.185454 0.250754