8 0.799382 0.458495 0.039534 0.105356 0.151788
8 0.128067 0.489203 0.037163 0.039152 0.162516
8 0.277671 0.490202 0.074535 0.058498 0.160826
8 0.280202 0.513194 0.078440 0.130121 0.127278
8 0.400270 0.546843 0.035474 0.092304 0.103891
8 0.019916 0.558593 0.032026 0.050768 0.270850
8 0.282591 0.549060 0.076519 0.054980 0.135335
8 0.327403 0.563537 0.022912 0.027653 0.181418
0 0.436099 0.589247 0.026562 0.030901 0.100366
0 0.489494 0.581454 0.022426 0.029364 0.130307
5 0.412274 0.593768 0.023075 0.032380 0.130154
0 0.454075 0.621015 0.059329 0.077979 0.227511
0 0.460857 0.593239 0.039134 0.046686 0.145669
6 0.245810 0.666407 0.070163 0.125888 0.155081
6 0.549283 0.693288 0.075222 0.210615 0.237860
6 0.249437 0.711418 0.083027 0.219234 0.208309
3 0.034454 0.775252 0.068016 0.205537 0.204716
0 0.148637 0.722331 0.173833 0.230625 0.267351
3 0.552547 0.756895 0.072194 0.169296 0.305654
9 0.815742 0.790913 0.392672 0.359194 0.164584
3 0.240142 0.841162 0.119159 0.240249 0.294958
9 0.891544 0.857480 0.228055 0.205250 0.105571