8 0.123848 0.136683 0.259954 0.266791 0.106239
1 0.481476 0.551287 0.143373 0.207650 0.276963
6 0.135329 0.432301 0.119810 0.256716 0.120156
1 0.605610 0.583219 0.067604 0.087207 0.156054
6 0.553881 0.622846 0.062546 0.101941 0.124599
6 0.620170 0.711438 0.078915 0.239810 0.140827
1 0.809336 0.500062 0.376117 0.988992 0.270179
9 0.194410 0.753353 0.127861 0.183636 0.133599
6 0.557185 0.812979 0.127932 0.372920 0.157796
3 0.628860 0.806366 0.091501 0.217432 0.227821
0 0.360397 0.786082 0.291485 0.390201 0.259899
3 0.770970 0.879657 0.232981 0.243748 0.143601
3 0.545575 0.904099 0.130975 0.187770 0.272587