0 0.033077 0.507028 0.055491 0.063640 0.106890
5 0.114181 0.559734 0.086371 0.138508 0.270412
5 0.025065 0.582629 0.050493 0.177867 0.105279
9 0.263906 0.559966 0.056607 0.076411 0.100221
5 0.705490 0.607971 0.128945 0.167997 0.180678
5 0.945453 0.649589 0.108847 0.227644 0.116367
0 0.203260 0.651164 0.171411 0.255221 0.280838
2 0.777697 0.599329 0.252486 0.188722 0.144381
6 0.767579 0.738643 0.167474 0.433308 0.202327
6 0.604104 0.606014 0.035264 0.165319 0.118363
5 0.428066 0.734872 0.284314 0.517235 0.247579
6 0.818722 0.734316 0.203202 0.501532 0.187890
4 0.793457 0.834835 0.277615 0.321687 0.233695