8 0.168434 0.369168 0.166162 0.126030 0.121258
0 0.373793 0.545277 0.043915 0.048671 0.115580
2 0.756761 0.592630 0.141931 0.187434 0.175644
0 0.375454 0.559080 0.032703 0.046466 0.127498
6 0.351249 0.597078 0.033311 0.118558 0.148002
6 0.925079 0.710186 0.146173 0.387305 0.205873
6 0.153645 0.645822 0.098346 0.172061 0.142183
5 0.462298 0.644813 0.154634 0.306425 0.211321
3 0.028050 0.715881 0.055135 0.185518 0.115671
3 0.154093 0.680708 0.144503 0.181112 0.296000
3 0.200564 0.687165 0.083880 0.146097 0.108237
3 0.313120 0.687499 0.083661 0.178360 0.295450
3 0.614392 0.665176 0.072662 0.147988 0.259028
6 0.778099 0.756955 0.148481 0.384249 0.220620
9 0.083442 0.887317 0.172108 0.202051 0.243322
9 0.131263 0.833648 0.271070 0.329282 0.101450
3 0.803322 0.891863 0.183441 0.214324 0.180308