8 0.291399 0.344455 0.041651 0.102631 0.152035
8 0.395846 0.393493 0.038906 0.085056 0.102089
5 0.351289 0.578807 0.181668 0.290403 0.124801
5 0.265298 0.709195 0.274338 0.484674 0.259865
0 0.504668 0.570346 0.043015 0.028672 0.105211
0 0.505506 0.597574 0.060901 0.077001 0.258966
2 0.602155 0.571269 0.139094 0.264087 0.256494
4 0.653167 0.705414 0.092185 0.181313 0.223939
4 0.845498 0.823401 0.091257 0.232569 0.100243
2 0.911834 0.632736 0.176791 0.699891 0.115024
4 0.898212 0.857103 0.173100 0.283491 0.324461