0 0.305690 0.603136 0.070819 0.075216 0.108859
0 0.444991 0.587816 0.042521 0.053722 0.116469
8 0.773059 0.558974 0.020514 0.024673 0.107365
0 0.235308 0.640814 0.159791 0.143465 0.158768
0 0.361986 0.611020 0.078357 0.085035 0.168744
6 0.515196 0.596118 0.029782 0.087536 0.140249
3 0.559340 0.587333 0.017793 0.029457 0.136299
5 0.605254 0.605348 0.051928 0.102836 0.223060
0 0.074357 0.654022 0.145581 0.169932 0.169011
6 0.778537 0.731424 0.077778 0.299673 0.145869
6 0.955909 0.784845 0.089900 0.404112 0.141721
4 0.746060 0.752893 0.102070 0.218499 0.101725
4 0.881062 0.859730 0.165399 0.291442 0.149162