8 0.889417 0.426884 0.027484 0.063220 0.129926
5 0.551418 0.555612 0.036117 0.056228 0.118307
5 0.607192 0.565827 0.029225 0.041768 0.162194
5 0.736998 0.569682 0.046324 0.058641 0.195835
6 0.969989 0.595655 0.054079 0.141842 0.105169
5 0.367364 0.599361 0.090971 0.163961 0.257361
6 0.437124 0.630447 0.063086 0.164977 0.137840
5 0.509245 0.597610 0.071246 0.133675 0.235740
3 0.562090 0.578502 0.019704 0.038561 0.113787
3 0.800430 0.638418 0.060565 0.109792 0.151313
3 0.439731 0.677719 0.066214 0.119302 0.187779
5 0.149330 0.750653 0.297012 0.501606 0.230600