6 0.105143 0.547200 0.049566 0.147707 0.109211
6 0.210965 0.569241 0.036311 0.153320 0.108727
0 0.626144 0.556084 0.056685 0.075785 0.135609
6 0.457291 0.586538 0.038802 0.116932 0.122460
0 0.693584 0.567592 0.061614 0.085979 0.152740
6 0.871852 0.570560 0.029961 0.112786 0.117806
4 0.907262 0.610092 0.078358 0.108332 0.157927
6 0.078896 0.768832 0.086726 0.409835 0.130794
6 0.146158 0.767401 0.090318 0.389625 0.132327
4 0.319739 0.639978 0.056732 0.111043 0.110786
5 0.552379 0.633554 0.150598 0.261818 0.221219