8 0.240473 0.376815 0.023332 0.042820 0.145040
8 0.302318 0.475909 0.017556 0.027029 0.165077
5 0.335003 0.500423 0.045608 0.039522 0.109752
6 0.967474 0.542214 0.052149 0.130598 0.169913
6 0.331317 0.521892 0.062966 0.068418 0.141112
6 0.068191 0.627891 0.091183 0.325778 0.234901
6 0.249897 0.550303 0.035982 0.090691 0.175217
0 0.410666 0.566678 0.096864 0.099202 0.130069
0 0.471645 0.577588 0.061426 0.110261 0.218605
2 0.570392 0.565961 0.170635 0.244887 0.408259
6 0.780524 0.606484 0.071534 0.208986 0.211209
8 0.212684 0.570276 0.042714 0.073481 0.108901
0 0.388443 0.589326 0.145812 0.131591 0.111663
6 0.718122 0.693656 0.114752 0.360522 0.244412
6 0.944680 0.669074 0.083092 0.301689 0.238659
9 0.175864 0.672419 0.036414 0.063844 0.116484
3 0.800913 0.753069 0.123458 0.314559 0.293581
9 0.501326 0.712023 0.073009 0.087412 0.138673
0 0.364965 0.700918 0.222971 0.319864 0.342509
4 0.722907 0.778854 0.167127 0.304506 0.289621
3 0.932097 0.726102 0.135166 0.269669 0.299798
9 0.135587 0.732077 0.255480 0.376152 0.100500