6 0.493662 0.573368 0.028003 0.068439 0.169475
5 0.518882 0.571811 0.030060 0.047371 0.145084
6 0.560559 0.583550 0.027687 0.056640 0.137939
5 0.614569 0.572868 0.032580 0.054337 0.141200
4 0.380680 0.624650 0.058757 0.106966 0.103688
6 0.399684 0.651616 0.050221 0.192991 0.213604
3 0.556450 0.597625 0.029760 0.058766 0.190905
3 0.439062 0.613921 0.040391 0.073130 0.133807
3 0.494451 0.606051 0.025147 0.046509 0.130894
6 0.786743 0.724134 0.136169 0.315248 0.190513
3 0.789604 0.856987 0.184284 0.286947 0.242682