8 0.837819 0.265614 0.043644 0.024571 0.182482
8 0.775349 0.313512 0.429134 0.090159 0.193815
8 0.916530 0.297383 0.152251 0.061677 0.209068
7 0.687221 0.313873 0.024239 0.038058 0.101334
7 0.337667 0.368529 0.020263 0.081154 0.254384
8 0.622951 0.352323 0.159987 0.061139 0.246215
8 0.704569 0.363166 0.026718 0.033571 0.104744
8 0.126587 0.357922 0.130028 0.243421 0.130783
7 0.339056 0.416294 0.014047 0.036905 0.228175
8 0.250906 0.437879 0.024081 0.043899 0.141702
8 0.340047 0.428058 0.012329 0.015767 0.141284
6 0.724240 0.507043 0.016496 0.039156 0.104816
9 0.817750 0.535170 0.117392 0.110890 0.116475
0 0.884218 0.519362 0.035986 0.055822 0.158189
0 0.570141 0.543160 0.043099 0.043579 0.132300
6 0.919102 0.531162 0.026210 0.072879 0.122347
6 0.943524 0.553981 0.031337 0.083961 0.154609
6 0.121843 0.624899 0.030508 0.076927 0.104908
6 0.134605 0.624297 0.047499 0.094540 0.128004
9 0.274528 0.624051 0.541136 0.180020 0.118300
9 0.423983 0.581603 0.266722 0.087627 0.122896
3 0.150717 0.653535 0.089832 0.093365 0.228209
9 0.803274 0.655281 0.126986 0.117406 0.104639
6 0.975563 0.536081 0.031167 0.071352 0.101922
4 0.243114 0.855778 0.199749 0.291067 0.254596