8 0.290579 0.513838 0.020439 0.051589 0.109808
6 0.412897 0.569795 0.024029 0.062481 0.107383
5 0.475434 0.546696 0.030185 0.039770 0.123870
0 0.607161 0.568447 0.043598 0.045499 0.118578
5 0.740168 0.571343 0.049080 0.059718 0.119018
6 0.379082 0.649888 0.078155 0.225934 0.140884
4 0.412020 0.595926 0.023823 0.046969 0.156378
3 0.324995 0.661929 0.055672 0.128585 0.186676
8 0.700915 0.604529 0.042580 0.152613 0.105564
0 0.814088 0.648978 0.153467 0.162028 0.171533
3 0.037718 0.680476 0.074945 0.113170 0.132210
3 0.373349 0.723910 0.082198 0.190020 0.209093