5 0.390377 0.580052 0.042915 0.098670 0.166254
6 0.212615 0.616230 0.041496 0.109858 0.128052
6 0.812671 0.658236 0.043697 0.227485 0.121091
6 0.852675 0.681565 0.110677 0.273503 0.177097
3 0.346870 0.645031 0.063523 0.117653 0.240992
5 0.746217 0.604648 0.115553 0.208243 0.286532
4 0.941250 0.657044 0.065732 0.096834 0.100544
3 0.184655 0.723586 0.145357 0.171340 0.228823
3 0.247678 0.693268 0.096630 0.163586 0.116579
5 0.616803 0.649460 0.182503 0.275289 0.256617
6 0.307666 0.732278 0.060222 0.190575 0.147974
5 0.474006 0.651677 0.141872 0.254661 0.316605
3 0.866925 0.748143 0.136011 0.250953 0.241614
6 0.143452 0.819173 0.228177 0.367663 0.163217
4 0.200905 0.909613 0.160138 0.177833 0.162366