8 0.527281 0.422364 0.017653 0.035910 0.106437
0 0.578750 0.464294 0.068093 0.058684 0.102679
2 0.851926 0.563835 0.245822 0.245917 0.193466
3 0.454684 0.479379 0.024291 0.058774 0.122168
6 0.493342 0.478455 0.031240 0.080430 0.149850
0 0.516153 0.473123 0.053753 0.061964 0.150962
0 0.638234 0.500162 0.081709 0.085415 0.136865
3 0.497050 0.508072 0.030377 0.070020 0.221527
0 0.601162 0.527562 0.129659 0.150166 0.199763
3 0.688126 0.576696 0.062984 0.140872 0.239122
6 0.083476 0.709245 0.158513 0.451674 0.192401
0 0.362742 0.548965 0.180555 0.300493 0.182010
9 0.210976 0.644476 0.142953 0.132905 0.120728
9 0.146579 0.675039 0.239821 0.185858 0.122193
3 0.867748 0.661051 0.133048 0.215379 0.178579
3 0.073936 0.828779 0.147121 0.331972 0.161897
0 0.899598 0.838067 0.200616 0.321128 0.183114