8 0.196410 0.124274 0.256662 0.246976 0.176122
8 0.727629 0.282692 0.107881 0.191896 0.150852
2 0.671682 0.607215 0.200510 0.439565 0.254820
1 0.532306 0.547310 0.038293 0.055530 0.114699
0 0.556091 0.592532 0.068865 0.070873 0.100424
0 0.804716 0.637885 0.108816 0.142779 0.196607
0 0.555243 0.634883 0.072586 0.140352 0.166853
0 0.920880 0.683978 0.159984 0.221436 0.167067
6 0.591895 0.787791 0.125907 0.394095 0.172939
1 0.297396 0.567388 0.447589 0.795413 0.248690
3 0.611189 0.888556 0.119285 0.219934 0.247836