8 0.586718 0.348149 0.038533 0.092717 0.343437
8 0.588685 0.382732 0.030315 0.024086 0.185589
2 0.496786 0.470993 0.061941 0.102686 0.172477
1 0.869230 0.514859 0.258199 0.220816 0.412294
6 0.028077 0.498941 0.037256 0.057168 0.125942
0 0.057000 0.515913 0.084574 0.073518 0.177906
2 0.248485 0.539414 0.189795 0.375288 0.307632
8 0.633611 0.484361 0.040077 0.040209 0.126726
6 0.088458 0.529653 0.050146 0.081837 0.122479
6 0.525507 0.564552 0.033543 0.080320 0.107529
0 0.556157 0.567363 0.055130 0.098501 0.214739
0 0.585799 0.563238 0.065595 0.119969 0.156718
2 0.643293 0.597291 0.176605 0.193545 0.256275
6 0.030566 0.551431 0.046765 0.123441 0.189934
6 0.096141 0.615352 0.067114 0.245628 0.209613
6 0.352137 0.562721 0.037782 0.086315 0.157784
6 0.506552 0.574527 0.034751 0.104372 0.156520
6 0.261916 0.657081 0.061440 0.282755 0.239921
6 0.384255 0.591147 0.043130 0.127686 0.119517
6 0.349899 0.690199 0.094813 0.250623 0.248010
6 0.630651 0.708319 0.113361 0.302328 0.190350
6 0.742564 0.768490 0.188443 0.467801 0.294995
3 0.649807 0.796194 0.130023 0.250575 0.429033
6 0.108388 0.790686 0.217409 0.421477 0.238820
9 0.175303 0.863667 0.175280 0.258092 0.146802
3 0.470388 0.783353 0.111630 0.238019 0.377091
3 0.337705 0.821831 0.117613 0.264328 0.402752
9 0.504281 0.918563 0.055269 0.167041 0.197830
3 0.750972 0.912039 0.185743 0.176917 0.194445
0 0.889004 0.782550 0.225040 0.431020 0.304437