8 0.424073 0.401350 0.016849 0.019334 0.138308
1 0.298829 0.483761 0.148276 0.107425 0.244148
2 0.602041 0.482898 0.193981 0.121707 0.172520
8 0.690833 0.462209 0.024786 0.078004 0.104968
0 0.393248 0.513628 0.052781 0.055802 0.104190
0 0.441235 0.514626 0.055178 0.055376 0.117807
5 0.505007 0.506448 0.089077 0.073329 0.114903
5 0.564677 0.545992 0.101376 0.112937 0.252232
2 0.625831 0.563161 0.233465 0.287999 0.122269
6 0.247933 0.627258 0.079622 0.224349 0.134240
6 0.370239 0.572926 0.054040 0.135624 0.111392
6 0.491511 0.540705 0.047914 0.071495 0.107836
3 0.741294 0.585163 0.032895 0.088986 0.122783
3 0.372575 0.614946 0.063301 0.145723 0.216897
3 0.412909 0.589432 0.046027 0.098348 0.203750
5 0.925294 0.724006 0.149836 0.404764 0.246847
6 0.283665 0.658213 0.123997 0.269726 0.101623
5 0.666722 0.623834 0.145875 0.273459 0.322052
3 0.237811 0.680245 0.077404 0.200944 0.222605
3 0.279487 0.734348 0.148449 0.289830 0.319752
0 0.511409 0.785632 0.332990 0.441153 0.323752
3 0.094323 0.771005 0.143249 0.180751 0.107778
3 0.083396 0.857870 0.166951 0.284962 0.189420