8 0.840936 0.245709 0.216655 0.218007 0.101424
8 0.799569 0.316388 0.115163 0.056997 0.178801
8 0.063747 0.409107 0.086083 0.074645 0.179081
1 0.328787 0.562032 0.475718 0.866642 0.394115
8 0.579861 0.534167 0.019730 0.030520 0.128193
1 0.586051 0.565971 0.039847 0.079442 0.124443
0 0.578776 0.611682 0.036010 0.059456 0.139539
0 0.613228 0.615006 0.044368 0.080027 0.166232
2 0.899372 0.562738 0.202242 0.872187 0.250101
2 0.680332 0.699680 0.175315 0.277517 0.247469
2 0.894715 0.758919 0.180141 0.472811 0.169521
3 0.089662 0.849638 0.155478 0.296454 0.127100
3 0.648931 0.881370 0.124815 0.241298 0.344524