6 0.888230 0.353366 0.063575 0.132706 0.105716
5 0.385034 0.547695 0.100908 0.086107 0.109321
0 0.571926 0.524585 0.039954 0.044519 0.112677
2 0.163891 0.567392 0.229408 0.242290 0.262052
5 0.455951 0.542688 0.056523 0.095074 0.245848
5 0.614251 0.554201 0.088600 0.110607 0.240345
0 0.946239 0.568351 0.108833 0.198087 0.100423
6 0.051086 0.629908 0.047735 0.183227 0.103985
5 0.372874 0.652379 0.165403 0.286944 0.316864
9 0.883109 0.769283 0.233356 0.202540 0.114202
4 0.063302 0.841767 0.125502 0.313032 0.212275