8 0.612534 0.453012 0.035488 0.047656 0.126108
5 0.434851 0.606246 0.086566 0.126252 0.197213
5 0.494646 0.589976 0.084992 0.110125 0.124940
6 0.304497 0.659864 0.049026 0.169213 0.183176
6 0.356603 0.602156 0.031926 0.086802 0.120884
6 0.521985 0.609832 0.042013 0.122884 0.165472
5 0.541780 0.591066 0.088969 0.111695 0.231954
3 0.623117 0.612586 0.043261 0.087999 0.110725
6 0.653394 0.629838 0.067343 0.147317 0.109413
6 0.123347 0.701112 0.084581 0.228519 0.177786
6 0.518620 0.671813 0.050617 0.132551 0.174865
6 0.883790 0.656592 0.073162 0.183121 0.186619
3 0.241914 0.692364 0.073888 0.143311 0.185551
3 0.657150 0.682184 0.064175 0.137787 0.196422
3 0.813436 0.682387 0.079806 0.141019 0.159212
3 0.386758 0.776163 0.105161 0.204076 0.244309
3 0.904072 0.801918 0.145344 0.305173 0.230944