8 0.047087 0.269623 0.092065 0.241252 0.105071
8 0.139948 0.317498 0.071284 0.123438 0.107940
8 0.271216 0.326157 0.064482 0.072275 0.112068
2 0.467490 0.594845 0.114621 0.261707 0.281342
0 0.537891 0.537160 0.029463 0.027991 0.127698
0 0.568555 0.539359 0.019596 0.022777 0.117912
5 0.613465 0.543867 0.035351 0.050848 0.127831
0 0.643237 0.564444 0.053686 0.056704 0.208199
5 0.733587 0.590299 0.065498 0.111452 0.200774
3 0.673047 0.619752 0.043525 0.119169 0.346376
3 0.210797 0.712171 0.087786 0.231495 0.148372
5 0.337972 0.754734 0.243018 0.470260 0.343935
3 0.140739 0.740824 0.197744 0.304950 0.315586
3 0.042784 0.893762 0.084904 0.220697 0.150308
5 0.853829 0.768943 0.286351 0.459019 0.259218