8 0.857159 0.172756 0.081921 0.265707 0.123878
2 0.286765 0.580009 0.278023 0.494261 0.275289
8 0.858818 0.386592 0.079007 0.116961 0.127448
8 0.681304 0.447638 0.034863 0.061832 0.206166
8 0.682178 0.534391 0.037367 0.251738 0.126570
2 0.552163 0.539281 0.067742 0.110544 0.159792
2 0.599315 0.558481 0.048416 0.067461 0.159424
0 0.055737 0.590351 0.111219 0.123862 0.209517
0 0.609773 0.573034 0.037037 0.041638 0.142594
0 0.956114 0.550106 0.043005 0.035420 0.102736
0 0.479852 0.584318 0.109753 0.037547 0.162301
5 0.225736 0.668718 0.251125 0.320853 0.136156
3 0.051443 0.732146 0.096457 0.169473 0.319642
0 0.482615 0.752903 0.437295 0.492516 0.263112
9 0.802751 0.811632 0.326844 0.376509 0.138670