1 0.878651 0.514777 0.212470 0.160983 0.173793
6 0.288846 0.586398 0.031088 0.108453 0.148553
2 0.462730 0.535310 0.186143 0.324680 0.171890
0 0.799366 0.570515 0.075883 0.081385 0.177760
6 0.838779 0.602532 0.057403 0.146788 0.140633
6 0.647444 0.593892 0.035698 0.104715 0.138348
3 0.715852 0.598825 0.038068 0.070418 0.123404
0 0.949159 0.587480 0.102997 0.123168 0.164994
6 0.173004 0.734203 0.111759 0.321230 0.154635
6 0.331964 0.681512 0.095835 0.282638 0.169077
3 0.331942 0.787152 0.096614 0.242414 0.164639
3 0.167630 0.843196 0.118324 0.259232 0.173291