8 0.496442 0.362278 0.065860 0.084174 0.147219
1 0.566340 0.557486 0.146666 0.189198 0.418495
1 0.470604 0.555622 0.046438 0.065570 0.115270
6 0.321037 0.575337 0.030218 0.051926 0.102148
6 0.663035 0.563331 0.039414 0.101681 0.118106
6 0.313544 0.612269 0.043432 0.092425 0.106421
6 0.415159 0.646218 0.048062 0.155824 0.220969
6 0.439583 0.613773 0.031430 0.074664 0.110963
6 0.102078 0.697686 0.090355 0.268505 0.160017
6 0.457353 0.671482 0.055665 0.145594 0.242119
6 0.495307 0.683298 0.047917 0.169562 0.176574
2 0.850955 0.526394 0.303364 0.943235 0.380992
6 0.306853 0.798637 0.143311 0.414060 0.295837
3 0.463779 0.743647 0.082006 0.192529 0.311674
8 0.954126 0.697181 0.093694 0.215423 0.202977
0 0.617480 0.778698 0.235689 0.378131 0.422388