8 0.906346 0.376012 0.060380 0.102942 0.246681
8 0.359219 0.486709 0.031731 0.062629 0.109250
8 0.528537 0.480602 0.035487 0.055484 0.119528
1 0.886807 0.678901 0.228360 0.591986 0.260296
8 0.546053 0.545031 0.022937 0.030129 0.165904
6 0.673120 0.592422 0.030600 0.041462 0.100806
1 0.743256 0.594228 0.030789 0.056207 0.157963
2 0.772799 0.605165 0.056358 0.218175 0.182660
4 0.159737 0.644554 0.049460 0.096973 0.106641
6 0.411626 0.619583 0.044248 0.087449 0.155378
0 0.615932 0.622371 0.089321 0.064789 0.152134
6 0.671948 0.610754 0.039344 0.067486 0.133080
0 0.717767 0.610610 0.035273 0.047124 0.121090
6 0.020748 0.636458 0.041515 0.139724 0.135712
4 0.124953 0.656639 0.067072 0.104408 0.273688
6 0.194961 0.681119 0.072938 0.198830 0.296316
3 0.407424 0.642136 0.062406 0.074290 0.282360
0 0.616261 0.689521 0.119113 0.188650 0.323564
0 0.740200 0.622087 0.034608 0.058083 0.130767
6 0.850890 0.654718 0.069244 0.142025 0.111571
4 0.450633 0.745895 0.070679 0.166532 0.326536
6 0.715391 0.703885 0.062351 0.200509 0.153470
4 0.348605 0.753506 0.108239 0.125872 0.226388
3 0.712510 0.769938 0.058584 0.163881 0.152545
6 0.856495 0.806513 0.227528 0.385911 0.220715
6 0.075421 0.785938 0.092614 0.383593 0.300478
3 0.670001 0.817954 0.134604 0.247221 0.282161
3 0.689191 0.891670 0.126319 0.205405 0.184783
9 0.215843 0.848028 0.435462 0.307632 0.159136
3 0.819925 0.903718 0.350614 0.198032 0.274947