7 0.651291 0.321542 0.039329 0.045289 0.108578
8 0.737191 0.397653 0.047526 0.060017 0.173792
8 0.736408 0.425781 0.052593 0.110616 0.166287
6 0.320863 0.549713 0.046029 0.101214 0.110932
6 0.339394 0.553956 0.033957 0.105626 0.102008
6 0.061563 0.656613 0.109003 0.406144 0.129983
6 0.767899 0.600144 0.048700 0.197769 0.122987
6 0.914607 0.609850 0.050051 0.237346 0.124544
2 0.429581 0.609406 0.163884 0.291540 0.189817
6 0.311156 0.793766 0.128687 0.402475 0.126442
6 0.719813 0.774545 0.140170 0.434433 0.136731
3 0.299710 0.893670 0.145118 0.209628 0.181373