5 0.694183 0.574806 0.086075 0.094403 0.221671
5 0.412771 0.572674 0.046859 0.061657 0.122501
5 0.488722 0.650903 0.126809 0.261122 0.223931
5 0.631277 0.570792 0.048716 0.078575 0.208034
6 0.855384 0.596674 0.041394 0.110597 0.103952
6 0.692426 0.676374 0.095184 0.246893 0.151819
3 0.741803 0.632685 0.029531 0.093262 0.123130
6 0.900666 0.616308 0.064697 0.129645 0.145643
5 0.330319 0.639763 0.138454 0.261318 0.241866
4 0.861622 0.633660 0.048627 0.095623 0.127755
6 0.244307 0.786138 0.244845 0.426409 0.154368
3 0.901238 0.710203 0.091225 0.195224 0.212249
3 0.697980 0.779481 0.102429 0.216070 0.242499
3 0.494964 0.808351 0.092098 0.201161 0.250724
5 0.120955 0.747420 0.237716 0.502486 0.223914
4 0.266060 0.898663 0.234298 0.205629 0.133696