1 0.249884 0.541149 0.112673 0.196039 0.166566
8 0.457904 0.498992 0.033189 0.046425 0.197877
8 0.112240 0.549051 0.141225 0.165740 0.106052
1 0.515412 0.530189 0.086648 0.148967 0.222348
0 0.614187 0.553449 0.039012 0.051385 0.119566
1 0.344830 0.542450 0.149971 0.102314 0.207866
0 0.579458 0.584718 0.076709 0.110081 0.249791
4 0.963625 0.639346 0.041511 0.061533 0.180409
0 0.733819 0.651333 0.183774 0.267017 0.183289
4 0.148075 0.744853 0.070229 0.130788 0.115626
3 0.096632 0.847362 0.182323 0.311184 0.275795