8 0.401720 0.440825 0.029095 0.079725 0.106275
8 0.903791 0.538998 0.022576 0.045252 0.130643
0 0.474805 0.566840 0.053398 0.058634 0.107647
6 0.514794 0.580620 0.037183 0.083475 0.125260
6 0.608088 0.578522 0.032104 0.073924 0.116390
4 0.854372 0.594951 0.045510 0.080507 0.125397
0 0.313398 0.628094 0.126532 0.138694 0.141359
6 0.389070 0.617555 0.037842 0.128383 0.124881
3 0.515323 0.599754 0.058457 0.067296 0.148602
6 0.641739 0.615834 0.063439 0.133029 0.115419
0 0.775978 0.604548 0.093386 0.103546 0.136733
4 0.658550 0.653353 0.102653 0.114070 0.194046
6 0.933834 0.709609 0.098401 0.255054 0.149669
4 0.936417 0.802520 0.128499 0.274150 0.140882