8 0.308795 0.318958 0.033104 0.081765 0.117294
7 0.658296 0.363608 0.011506 0.030971 0.161668
7 0.656803 0.431990 0.015244 0.069280 0.189105
8 0.723999 0.431438 0.020849 0.036684 0.108472
2 0.257679 0.476952 0.479212 0.225582 0.171685
7 0.654851 0.456163 0.012789 0.026227 0.152002
8 0.942825 0.457597 0.053430 0.061675 0.126914
2 0.552887 0.526223 0.072442 0.090695 0.149763
8 0.955942 0.482450 0.024569 0.042461 0.142149
2 0.359921 0.507404 0.285829 0.169503 0.139763
8 0.860350 0.503567 0.028050 0.030677 0.128607
0 0.797008 0.572294 0.038061 0.053959 0.145108
6 0.469612 0.663044 0.099733 0.256225 0.131456
6 0.763902 0.631886 0.071456 0.228285 0.111612
6 0.950333 0.617272 0.095964 0.202071 0.109254
6 0.255313 0.708068 0.104048 0.340674 0.117306
6 0.394570 0.796867 0.151968 0.402497 0.151014
4 0.285559 0.775316 0.061211 0.202697 0.203334
6 0.664452 0.767204 0.199532 0.469514 0.156676
3 0.764080 0.769219 0.079365 0.225916 0.170094
3 0.886543 0.784966 0.119044 0.294775 0.173359
4 0.043779 0.835959 0.086551 0.248228 0.154379
4 0.470519 0.837839 0.143238 0.269273 0.124190
3 0.169378 0.859874 0.199857 0.278780 0.196538
4 0.385705 0.947026 0.184730 0.105838 0.147827