2 0.928628 0.589811 0.142313 0.383528 0.257360
6 0.469114 0.604409 0.028303 0.071237 0.107746
1 0.564568 0.606901 0.166222 0.307395 0.336132
6 0.863026 0.620278 0.045248 0.084688 0.164878
6 0.209752 0.691460 0.075033 0.237107 0.162526
0 0.790523 0.637066 0.028960 0.059246 0.166642
6 0.820215 0.654518 0.064454 0.129935 0.208992
5 0.736886 0.667968 0.104435 0.193551 0.354341
6 0.843122 0.760883 0.110888 0.281845 0.288492
9 0.324327 0.752897 0.266869 0.209959 0.142092
9 0.263338 0.855251 0.174106 0.144217 0.112201
6 0.813148 0.714321 0.062783 0.240854 0.118748
9 0.290246 0.844100 0.317349 0.314246 0.332618
3 0.863258 0.865688 0.138392 0.265909 0.479729
9 0.208440 0.948903 0.104156 0.099843 0.116598
9 0.255183 0.912785 0.181298 0.172961 0.230177