8 0.885799 0.117115 0.071180 0.175505 0.313566
8 0.819720 0.206522 0.053970 0.022612 0.105918
8 0.848697 0.323051 0.132692 0.266325 0.105836
8 0.788423 0.421328 0.038671 0.057208 0.194104
8 0.890679 0.409657 0.043124 0.089096 0.340906
1 0.490896 0.553259 0.091197 0.123710 0.395037
8 0.220361 0.603036 0.071929 0.074822 0.124206
6 0.348729 0.586230 0.036888 0.076523 0.123793
6 0.387148 0.596011 0.030460 0.062568 0.137356
6 0.419844 0.594142 0.033720 0.063043 0.111015
2 0.639398 0.578356 0.191360 0.372945 0.421366
2 0.797930 0.584703 0.151781 0.256921 0.426171
6 0.344653 0.612907 0.053586 0.095157 0.109300
6 0.421922 0.618411 0.038933 0.103079 0.157677
6 0.340882 0.650255 0.070353 0.171868 0.198293
8 0.652869 0.616215 0.138234 0.074971 0.159889
0 0.868177 0.658951 0.034849 0.089364 0.123355
0 0.486443 0.670000 0.123697 0.102693 0.103939
6 0.653528 0.754309 0.099733 0.278876 0.291633
6 0.170953 0.813994 0.102586 0.372765 0.254066
9 0.886934 0.717683 0.049388 0.122498 0.123826
4 0.337628 0.784234 0.069271 0.319782 0.122364
0 0.488120 0.710293 0.157508 0.249299 0.501616
2 0.045333 0.632026 0.090979 0.704772 0.188724
3 0.289934 0.854583 0.145367 0.286514 0.481323
3 0.654106 0.857272 0.131359 0.288414 0.520313
9 0.837565 0.849693 0.321873 0.293198 0.236267