7 0.266036 0.113765 0.057030 0.042766 0.106930
7 0.318965 0.116847 0.094951 0.042735 0.184971
7 0.284593 0.326284 0.026512 0.041305 0.213498
7 0.247829 0.332146 0.021566 0.034463 0.205209
8 0.494045 0.435790 0.076981 0.075665 0.193559
8 0.966559 0.401045 0.058803 0.080565 0.102553
8 0.129573 0.416336 0.053029 0.108987 0.296982
5 0.861479 0.731587 0.265530 0.545890 0.179437
5 0.233872 0.739212 0.407113 0.535866 0.296215
5 0.731825 0.742177 0.199012 0.531432 0.164123
5 0.685071 0.664623 0.153365 0.386762 0.284774
5 0.521383 0.720334 0.210186 0.473535 0.299952