8 0.474116 0.361947 0.076326 0.104512 0.120094
1 0.543906 0.537107 0.163136 0.202975 0.340009
1 0.436512 0.555552 0.054256 0.074281 0.134212
1 0.710587 0.541231 0.066162 0.084045 0.107499
2 0.675222 0.549691 0.102695 0.153172 0.142713
6 0.367022 0.615387 0.049977 0.093216 0.131996
6 0.427375 0.610521 0.029902 0.073902 0.112540
6 0.502825 0.648589 0.043811 0.092511 0.100032
1 0.870460 0.499465 0.252002 0.991592 0.262218
6 0.374707 0.757825 0.092429 0.287021 0.189406
6 0.457915 0.682448 0.077293 0.151011 0.202525
6 0.266536 0.795259 0.225910 0.408261 0.191717
3 0.448051 0.792931 0.094189 0.189021 0.348444
3 0.351972 0.907581 0.132294 0.186750 0.116672
0 0.640196 0.807016 0.311300 0.391419 0.312614