2 0.426439 0.531210 0.101367 0.124768 0.104926
2 0.927446 0.550405 0.145917 0.201952 0.104922
6 0.917469 0.592040 0.041351 0.094070 0.110503
6 0.399499 0.607474 0.034758 0.108892 0.151846
6 0.439719 0.604655 0.041374 0.106848 0.143023
5 0.750894 0.604843 0.100903 0.173460 0.239804
4 0.830151 0.613634 0.034668 0.087988 0.114810
0 0.492804 0.645633 0.032153 0.115805 0.140963
2 0.602917 0.646698 0.205173 0.430766 0.347085
6 0.870370 0.665545 0.091928 0.226386 0.191844
3 0.047195 0.780825 0.093712 0.260864 0.233336
6 0.943796 0.785667 0.110344 0.404100 0.160040
5 0.229337 0.748836 0.317124 0.506638 0.250574
9 0.841792 0.856696 0.101890 0.277416 0.116313
9 0.834620 0.819922 0.319347 0.362179 0.320052