8 0.229097 0.366774 0.068806 0.044320 0.102070
6 0.120874 0.452681 0.056319 0.107984 0.129801
0 0.465001 0.461935 0.085707 0.084523 0.165738
0 0.537110 0.421078 0.029734 0.041055 0.104614
6 0.984454 0.474730 0.031155 0.122029 0.100271
3 0.098161 0.474347 0.090218 0.073398 0.131005
0 0.591875 0.492250 0.102857 0.141886 0.249756
9 0.323952 0.491487 0.102551 0.113539 0.128901
6 0.425000 0.566681 0.078512 0.254935 0.156365
1 0.801847 0.432904 0.377653 0.366829 0.336452
4 0.421367 0.652884 0.087920 0.202142 0.306600