8 0.211523 0.359103 0.075493 0.133870 0.133783
8 0.642351 0.377729 0.029570 0.065704 0.227350
8 0.314135 0.446412 0.056014 0.068504 0.100383
8 0.564038 0.489704 0.017575 0.034567 0.113763
8 0.688923 0.463529 0.024105 0.048801 0.254069
8 0.249251 0.515182 0.020743 0.053423 0.120361
8 0.385767 0.526977 0.042372 0.049893 0.109263
8 0.651320 0.530053 0.023327 0.036925 0.241257
2 0.534673 0.569426 0.067295 0.130060 0.132734
2 0.618560 0.565458 0.042628 0.074570 0.104582
2 0.719554 0.580907 0.066582 0.076456 0.101884
0 0.359150 0.630926 0.076677 0.099786 0.164515
6 0.893566 0.666470 0.071425 0.305658 0.148015
6 0.105897 0.693517 0.069458 0.290862 0.141772
0 0.481491 0.648630 0.083318 0.117630 0.218121
2 0.864214 0.669799 0.189554 0.257691 0.200958
3 0.963629 0.700243 0.056600 0.121551 0.178949
3 0.407195 0.756889 0.094705 0.279256 0.248617
0 0.637086 0.731356 0.175762 0.264873 0.215557