1 0.234791 0.485865 0.275290 0.328476 0.317987
1 0.620417 0.495681 0.137459 0.191163 0.206570
5 0.400573 0.524367 0.060555 0.099449 0.170014
1 0.438126 0.500667 0.052919 0.125993 0.228329
1 0.538355 0.493510 0.035834 0.067436 0.188761
0 0.500054 0.517027 0.041389 0.050215 0.241778
1 0.821339 0.464888 0.370206 0.452260 0.146811
6 0.555096 0.548188 0.045967 0.176574 0.104759
4 0.443285 0.578893 0.040827 0.094448 0.133526
5 0.040000 0.690639 0.079988 0.434481 0.113196
9 0.762488 0.758912 0.472396 0.470312 0.174389