7 0.900773 0.276913 0.023516 0.040804 0.122246
5 0.065186 0.543767 0.131677 0.348991 0.122760
6 0.270634 0.534899 0.052237 0.092604 0.105632
4 0.307209 0.529367 0.027991 0.062431 0.107857
0 0.615824 0.531276 0.040222 0.037588 0.110231
6 0.055185 0.629581 0.077133 0.247336 0.186628
1 0.432348 0.513277 0.245195 0.438048 0.394162
3 0.614648 0.555157 0.048756 0.076111 0.137368
6 0.233284 0.653219 0.098236 0.270672 0.214009
3 0.142621 0.662065 0.076307 0.164748 0.218213
6 0.600418 0.719738 0.120142 0.335536 0.197542
0 0.787619 0.614326 0.172146 0.154484 0.245936
4 0.053599 0.708315 0.099960 0.192577 0.281127
4 0.234068 0.768649 0.096796 0.220567 0.231059
3 0.615129 0.829518 0.151388 0.320444 0.240970
9 0.820164 0.834420 0.336212 0.334252 0.158991
9 0.844951 0.895480 0.204188 0.203609 0.101095