8 0.317998 0.304772 0.043222 0.075064 0.242816
8 0.157008 0.371927 0.072323 0.076055 0.100470
8 0.169645 0.409097 0.056629 0.128047 0.154873
8 0.400445 0.430284 0.030932 0.052596 0.120789
8 0.441055 0.408686 0.032564 0.067231 0.111142
1 0.395610 0.473848 0.085677 0.070031 0.128115
8 0.408279 0.426850 0.020267 0.046763 0.244531
8 0.434135 0.428630 0.033890 0.044719 0.163034
0 0.374152 0.496422 0.046769 0.052123 0.134027
0 0.403247 0.498486 0.087704 0.056002 0.130356
6 0.450644 0.494559 0.021504 0.038653 0.118742
0 0.521001 0.509987 0.052623 0.050102 0.152715
8 0.141068 0.511740 0.029106 0.093483 0.107792
6 0.214555 0.547555 0.050222 0.081655 0.129823
6 0.430846 0.531526 0.040622 0.070927 0.143906
6 0.492683 0.510728 0.021666 0.041176 0.131088
2 0.588577 0.517568 0.097220 0.157526 0.266449
6 0.400663 0.552328 0.044296 0.116041 0.157387
0 0.500681 0.563881 0.114182 0.103473 0.134532
6 0.698269 0.601290 0.079308 0.140844 0.241170
9 0.849545 0.561894 0.118474 0.151637 0.114628
2 0.705961 0.576305 0.202905 0.169886 0.341077
6 0.216434 0.747876 0.140489 0.404823 0.269770
6 0.423272 0.678596 0.107749 0.260326 0.251842
3 0.961910 0.666112 0.078167 0.159901 0.236746
8 0.142161 0.579365 0.061998 0.380474 0.111572
0 0.490066 0.640098 0.164838 0.221991 0.360952
3 0.706858 0.649702 0.115812 0.131334 0.340156
9 0.314152 0.723580 0.126643 0.243589 0.119227
3 0.437545 0.835850 0.129244 0.303158 0.376859
9 0.068244 0.839204 0.137670 0.292631 0.106111
3 0.192560 0.869645 0.152507 0.258749 0.350421