8 0.030333 0.203391 0.060174 0.092314 0.168298
8 0.301788 0.344379 0.065613 0.096936 0.105687
8 0.954193 0.444974 0.094831 0.152262 0.130324
5 0.588535 0.557032 0.073894 0.099344 0.126516
8 0.914985 0.454190 0.036117 0.157317 0.100186
2 0.590930 0.527495 0.058411 0.045328 0.114140
5 0.529311 0.578973 0.064068 0.117050 0.182110
6 0.563212 0.603795 0.055263 0.162538 0.201019
5 0.616058 0.590940 0.076629 0.139743 0.175076
5 0.736281 0.645831 0.183870 0.248615 0.332787
6 0.259922 0.686773 0.106653 0.263286 0.262387
3 0.555216 0.650873 0.037820 0.097591 0.163709
6 0.606785 0.707329 0.098056 0.317810 0.302116
5 0.670114 0.629562 0.092219 0.213302 0.225982
6 0.785213 0.682360 0.099704 0.238761 0.233520
5 0.416581 0.742799 0.226852 0.449329 0.397487
3 0.256728 0.773920 0.120968 0.242102 0.398025
3 0.609268 0.833057 0.107384 0.260535 0.496384
3 0.795440 0.799390 0.113099 0.277884 0.311494
3 0.062391 0.889297 0.122587 0.218797 0.198250