8 0.344681 0.543059 0.021889 0.026601 0.104426
8 0.377152 0.526429 0.020951 0.028950 0.186443
8 0.225471 0.570941 0.045919 0.037407 0.103277
6 0.271439 0.612860 0.033425 0.058204 0.138054
6 0.349670 0.624212 0.024462 0.048824 0.119204
0 0.389586 0.624399 0.057617 0.074371 0.264022
0 0.426928 0.595019 0.023412 0.028335 0.117666
6 0.474623 0.603309 0.047837 0.049804 0.141895
6 0.824061 0.634874 0.038660 0.065431 0.107651
6 0.273558 0.625765 0.050120 0.096339 0.139982
6 0.459251 0.624425 0.025877 0.080875 0.116874
3 0.477672 0.623175 0.055397 0.077926 0.159518
4 0.042668 0.692527 0.085596 0.084152 0.124755
6 0.360434 0.716166 0.069535 0.158620 0.123849
9 0.665375 0.669870 0.194800 0.141933 0.162218
9 0.704882 0.691698 0.061260 0.059874 0.121408
4 0.104365 0.713002 0.111882 0.137792 0.219027
6 0.805955 0.789198 0.144745 0.356894 0.280458
3 0.368564 0.760906 0.072308 0.153211 0.361699
9 0.945642 0.825332 0.100118 0.094468 0.165349
3 0.821217 0.874891 0.167761 0.253644 0.341746