4 0.190459 0.267539 0.161143 0.180443 0.114775
1 0.525929 0.545969 0.077254 0.095549 0.101067
5 0.672242 0.558007 0.042747 0.075041 0.143243
2 0.613887 0.557350 0.044690 0.065224 0.103295
5 0.727607 0.564297 0.089767 0.143471 0.239930
6 0.817371 0.581392 0.039372 0.098793 0.157892
6 0.538591 0.702818 0.074599 0.298710 0.187103
3 0.628254 0.580801 0.027466 0.054206 0.172268
3 0.816789 0.606861 0.051542 0.100427 0.151133
5 0.911054 0.671338 0.174534 0.355486 0.224903
0 0.239208 0.763405 0.472860 0.466576 0.239566
0 0.921112 0.874725 0.160289 0.261060 0.196242