6 0.517408 0.419130 0.058501 0.137571 0.123547
3 0.324002 0.594126 0.071619 0.104768 0.121743
6 0.378771 0.582175 0.050068 0.151672 0.127399
2 0.519216 0.515451 0.178204 0.321413 0.191245
6 0.420127 0.636261 0.083668 0.233134 0.101962
3 0.893673 0.624953 0.082161 0.120725 0.161002
4 0.948410 0.662847 0.101366 0.118247 0.109977
4 0.043221 0.704323 0.085427 0.183081 0.120902
4 0.259843 0.703275 0.109117 0.256012 0.155248
4 0.101947 0.750457 0.196744 0.312093 0.234523
3 0.419927 0.708548 0.086975 0.180695 0.220198
4 0.150178 0.783969 0.174687 0.335568 0.265975
5 0.679239 0.671722 0.227428 0.432145 0.362356