8 0.244095 0.248523 0.072485 0.101368 0.116373
8 0.246749 0.291727 0.078099 0.161675 0.107480
8 0.114237 0.527468 0.039584 0.086018 0.117175
2 0.114095 0.568827 0.155686 0.128919 0.150426
6 0.168762 0.627522 0.048839 0.166212 0.156514
6 0.492926 0.644096 0.070893 0.208903 0.150801
5 0.670718 0.584475 0.097383 0.154643 0.232194
6 0.385141 0.683766 0.088899 0.258600 0.173572
0 0.526722 0.622666 0.241822 0.199549 0.203667
0 0.804478 0.662285 0.183808 0.241534 0.194206
5 0.938294 0.638408 0.112236 0.227108 0.121824
3 0.488842 0.701388 0.071838 0.157655 0.228181
3 0.250384 0.842918 0.141597 0.294378 0.236937
3 0.380777 0.758931 0.111962 0.231275 0.138935