8 0.466467 0.380499 0.015714 0.017942 0.118304
2 0.320870 0.541098 0.153889 0.255249 0.221657
0 0.449697 0.545238 0.071309 0.084880 0.170243
0 0.520871 0.512345 0.032877 0.022893 0.107733
0 0.714866 0.560640 0.100239 0.100980 0.183051
0 0.819404 0.547289 0.074721 0.059857 0.156862
6 0.123870 0.609278 0.062595 0.184172 0.118181
0 0.937411 0.594569 0.124852 0.131040 0.156480
0 0.501776 0.626688 0.152678 0.214955 0.231406
3 0.123066 0.655305 0.086015 0.155664 0.264908
0 0.934631 0.670254 0.132545 0.299850 0.115985
9 0.729324 0.797729 0.339150 0.397115 0.134291