8 0.099730 0.246434 0.069654 0.143453 0.193038
5 0.522647 0.568920 0.054646 0.067739 0.152360
6 0.611348 0.574384 0.039203 0.065726 0.134226
5 0.690928 0.605660 0.087969 0.147957 0.242394
5 0.931508 0.647686 0.133822 0.204973 0.189617
5 0.410115 0.618481 0.101417 0.187376 0.307656
5 0.522467 0.596682 0.060476 0.110781 0.270024
6 0.719235 0.646423 0.071692 0.186057 0.203680
3 0.800332 0.611854 0.070515 0.082649 0.148233
3 0.289809 0.639681 0.134366 0.138707 0.135569
3 0.610291 0.625000 0.044957 0.095071 0.263704
3 0.876951 0.647748 0.048550 0.106564 0.124759
3 0.084856 0.771777 0.164898 0.273521 0.159834
3 0.720702 0.707502 0.087573 0.176497 0.265655
3 0.041829 0.781246 0.078740 0.304413 0.100682
3 0.122376 0.764793 0.089608 0.209695 0.143531