8 0.260744 0.355550 0.056259 0.132879 0.162258
4 0.350641 0.582352 0.051087 0.076866 0.116098
6 0.389927 0.593610 0.048474 0.124374 0.185569
0 0.653351 0.563452 0.076351 0.072396 0.258409
6 0.740199 0.574743 0.038794 0.105666 0.200396
5 0.483086 0.598577 0.084487 0.183199 0.207366
4 0.743267 0.603026 0.042829 0.075889 0.238989
6 0.820614 0.672767 0.116161 0.294354 0.226088
3 0.386699 0.657044 0.049164 0.116875 0.293690
5 0.575806 0.618297 0.134253 0.255419 0.283750
2 0.155422 0.724881 0.316966 0.519831 0.203120
3 0.832226 0.752938 0.133976 0.269151 0.277584
8 0.723425 0.940154 0.159429 0.087573 0.152750