5 0.646318 0.563802 0.048458 0.062993 0.265741
3 0.552618 0.555758 0.020296 0.039991 0.148889
6 0.663410 0.574711 0.033738 0.076515 0.161867
6 0.781120 0.567292 0.049060 0.119022 0.100700
6 0.070089 0.629341 0.068177 0.137758 0.120318
6 0.358538 0.690262 0.066734 0.297826 0.151456
5 0.436835 0.599141 0.083263 0.172371 0.223064
3 0.588752 0.604052 0.038147 0.073446 0.243739
3 0.700840 0.597633 0.035978 0.089653 0.104386
6 0.741847 0.624563 0.086407 0.160258 0.168846
6 0.871388 0.688829 0.123873 0.310902 0.163779
5 0.941141 0.718061 0.117463 0.446334 0.169027
5 0.259287 0.744855 0.155252 0.320169 0.210554
3 0.752578 0.760019 0.115434 0.285138 0.319707
5 0.091430 0.729193 0.182147 0.534910 0.114191