8 0.189357 0.377518 0.034163 0.084908 0.121998
8 0.230964 0.413117 0.030423 0.071971 0.231411
6 0.383264 0.553523 0.056696 0.112903 0.118954
6 0.443780 0.552698 0.028133 0.085402 0.135723
0 0.472207 0.542293 0.042009 0.051371 0.159163
1 0.637876 0.523025 0.183390 0.127132 0.206915
6 0.516482 0.597663 0.058872 0.150914 0.201663
4 0.393245 0.619122 0.057187 0.105540 0.109585
6 0.400337 0.629389 0.071399 0.175152 0.142192
4 0.448615 0.594505 0.023256 0.053942 0.114472
6 0.135161 0.671365 0.096794 0.243279 0.191784
4 0.399265 0.719188 0.080489 0.226372 0.247927
4 0.514595 0.652786 0.051884 0.122442 0.213412
6 0.764871 0.779715 0.181001 0.436763 0.213574