8 0.958751 0.343882 0.038204 0.097890 0.118005
6 0.441387 0.551136 0.058658 0.086735 0.104782
6 0.482956 0.539164 0.019746 0.037111 0.111653
6 0.506347 0.543032 0.027361 0.050106 0.159303
6 0.554011 0.543756 0.022450 0.044990 0.102286
0 0.594191 0.534784 0.069703 0.052093 0.101139
5 0.628380 0.535008 0.030699 0.061344 0.104177
5 0.787269 0.600249 0.121222 0.160186 0.227258
6 0.392538 0.579583 0.049392 0.125589 0.132249
3 0.495445 0.552253 0.018018 0.032696 0.111151
3 0.509907 0.556532 0.029121 0.042056 0.260255
3 0.554238 0.561836 0.018962 0.027844 0.161390
0 0.597091 0.580348 0.090520 0.132476 0.179086
3 0.637448 0.562790 0.021997 0.059011 0.109112
3 0.690353 0.569865 0.058016 0.087997 0.153282
6 0.915394 0.597981 0.054695 0.130228 0.177829
6 0.962935 0.584516 0.051425 0.118188 0.154544
0 0.297357 0.598740 0.117613 0.143076 0.218004
4 0.354553 0.615215 0.052854 0.117478 0.120999
6 0.447734 0.728614 0.132554 0.411528 0.191277
3 0.770734 0.649382 0.068747 0.145637 0.224884
3 0.185440 0.710713 0.130686 0.228505 0.261687
3 0.919918 0.718324 0.157143 0.176783 0.212642
3 0.065364 0.779667 0.130279 0.377021 0.211358
3 0.454109 0.844165 0.135251 0.312831 0.200449