8 0.022717 0.365265 0.034591 0.152459 0.137902
2 0.272957 0.551729 0.155535 0.268851 0.266200
1 0.397132 0.572111 0.037867 0.072811 0.140545
0 0.450118 0.580389 0.024238 0.034755 0.156713
0 0.478490 0.583962 0.018678 0.029473 0.132420
2 0.614050 0.597736 0.064956 0.117339 0.106546
9 0.765513 0.598044 0.468818 0.386074 0.119235
0 0.496249 0.600211 0.031271 0.051561 0.142280
2 0.550919 0.622778 0.105446 0.142246 0.215270
3 0.961332 0.713397 0.067791 0.175700 0.238319
3 0.889395 0.705380 0.062082 0.144143 0.148620
0 0.761901 0.738592 0.282686 0.284873 0.238036
3 0.151393 0.764585 0.111924 0.271486 0.270867