2 0.797869 0.531038 0.172766 0.114147 0.154551
6 0.573412 0.586620 0.029482 0.088794 0.126118
6 0.782578 0.665099 0.050602 0.221242 0.111386
6 0.657773 0.675386 0.069012 0.220268 0.118621
6 0.833406 0.698160 0.073526 0.261224 0.120590
6 0.072333 0.784157 0.144022 0.439525 0.107875
6 0.332303 0.745262 0.094664 0.369471 0.120620
6 0.948973 0.791656 0.096707 0.394855 0.118734
6 0.441888 0.761316 0.041577 0.166548 0.108057
6 0.486301 0.728139 0.057700 0.252498 0.102333
4 0.652502 0.730979 0.082129 0.172651 0.119452
4 0.837652 0.788644 0.061285 0.196908 0.105384