1 0.388353 0.473861 0.296714 0.149141 0.304602
7 0.412885 0.393177 0.024007 0.035053 0.139370
8 0.704650 0.460886 0.041105 0.067715 0.176033
1 0.407864 0.518029 0.129000 0.083114 0.112216
5 0.522306 0.533523 0.101702 0.103286 0.182947
3 0.260411 0.543635 0.089154 0.105258 0.103651
6 0.399155 0.572869 0.052771 0.146054 0.120206
0 0.582901 0.549668 0.071831 0.109718 0.152294
3 0.635862 0.579744 0.044413 0.075971 0.175738
6 0.714016 0.596179 0.055284 0.149928 0.140100
6 0.279861 0.708201 0.115540 0.335514 0.120556
3 0.351591 0.611957 0.068505 0.142055 0.183997
3 0.718326 0.640793 0.065943 0.122329 0.316246
0 0.493557 0.780544 0.319701 0.443484 0.264600