8 0.380270 0.442432 0.024979 0.039318 0.125532
8 0.818862 0.533643 0.057936 0.069090 0.101465
2 0.083901 0.565274 0.106193 0.123222 0.150861
5 0.158009 0.571287 0.069085 0.090994 0.176393
0 0.040833 0.577639 0.081470 0.123236 0.136673
3 0.243456 0.605535 0.052751 0.072178 0.189404
6 0.320805 0.660597 0.097521 0.212733 0.149499
6 0.333600 0.637316 0.045479 0.143801 0.105046
4 0.415802 0.617418 0.037596 0.056431 0.158394
4 0.360838 0.656778 0.045002 0.072914 0.106144
6 0.725877 0.697427 0.080543 0.239380 0.153538
6 0.822749 0.661588 0.066185 0.149517 0.159255
3 0.862393 0.646989 0.053818 0.063918 0.108488
3 0.325887 0.718553 0.134410 0.158203 0.214179
3 0.823717 0.698451 0.078966 0.099134 0.166610
3 0.712387 0.767685 0.093917 0.161381 0.225915
0 0.946539 0.748675 0.106639 0.317535 0.119835