1 0.421490 0.482555 0.113193 0.115976 0.265799
1 0.437077 0.532207 0.118491 0.230033 0.128612
2 0.583803 0.557426 0.049680 0.078734 0.115015
3 0.846914 0.587161 0.039720 0.083470 0.139035
4 0.863879 0.585635 0.084145 0.090791 0.114109
6 0.506849 0.620569 0.058960 0.177199 0.166678
5 0.539817 0.591731 0.044968 0.087165 0.249369
5 0.639131 0.593886 0.082430 0.155341 0.269565
5 0.716003 0.590937 0.092674 0.161117 0.246546
5 0.209617 0.651570 0.032868 0.097611 0.143230
3 0.509745 0.679921 0.059300 0.131543 0.223828
5 0.100781 0.732640 0.202939 0.420143 0.213629
1 0.347668 0.746001 0.272146 0.509047 0.273948