8 0.519471 0.467238 0.026656 0.038525 0.138666
8 0.382330 0.483720 0.060635 0.056300 0.167692
2 0.547689 0.563883 0.091012 0.146124 0.111305
6 0.705346 0.554412 0.029472 0.080721 0.102754
6 0.740016 0.551261 0.036808 0.093804 0.116969
5 0.356822 0.614535 0.114024 0.185750 0.103855
6 0.535946 0.597095 0.036509 0.134778 0.124778
6 0.821207 0.598168 0.063549 0.140232 0.128665
3 0.094572 0.662140 0.071268 0.153568 0.149650
6 0.496989 0.620916 0.065697 0.161784 0.163574
5 0.563326 0.599228 0.052803 0.092890 0.131516
6 0.763423 0.619637 0.071953 0.183188 0.152340
6 0.334317 0.668637 0.082215 0.207846 0.144619
5 0.442268 0.611331 0.099148 0.185272 0.257659
5 0.632958 0.620362 0.120277 0.247825 0.218211
3 0.828358 0.651666 0.068929 0.147387 0.121710
3 0.496896 0.673120 0.068875 0.135903 0.243787
3 0.775705 0.702694 0.084065 0.182240 0.246794
0 0.936593 0.684259 0.126388 0.353914 0.165130
3 0.180499 0.789010 0.100360 0.214931 0.192255