8 0.642195 0.263060 0.047288 0.077422 0.232377
8 0.638365 0.264174 0.038429 0.040263 0.183440
0 0.310548 0.608673 0.049124 0.063720 0.129364
0 0.392419 0.591523 0.031194 0.040340 0.174468
0 0.854490 0.628130 0.096203 0.111696 0.244016
0 0.898958 0.639106 0.046073 0.086629 0.103406
6 0.279180 0.609265 0.034683 0.126299 0.178079
2 0.486571 0.621021 0.182614 0.397844 0.386730
0 0.883480 0.647053 0.042587 0.067043 0.147976
8 0.946393 0.639635 0.092972 0.131577 0.102566
0 0.107963 0.703477 0.211888 0.586060 0.223358
9 0.683234 0.838642 0.188549 0.343154 0.163653
9 0.763673 0.806455 0.390586 0.390420 0.161204