8 0.334171 0.163693 0.054525 0.118323 0.262317
8 0.132829 0.244687 0.267349 0.145079 0.108365
8 0.246635 0.297620 0.115399 0.106814 0.123419
8 0.332529 0.373049 0.032432 0.084761 0.203825
1 0.880571 0.461871 0.073213 0.033147 0.152609
6 0.702224 0.543135 0.042987 0.082330 0.118456
6 0.557821 0.560320 0.034212 0.099799 0.107588
9 0.110259 0.599240 0.154130 0.206660 0.126831
6 0.481318 0.594048 0.045380 0.176577 0.168985
6 0.531305 0.633399 0.080192 0.193044 0.212006
6 0.605894 0.666808 0.094651 0.281254 0.214454
6 0.716856 0.623557 0.079816 0.225909 0.186168
6 0.747110 0.578906 0.050971 0.147017 0.119505
4 0.300888 0.661247 0.069028 0.070965 0.105084
4 0.675774 0.665518 0.040877 0.158706 0.134822
4 0.528816 0.729682 0.103930 0.221636 0.232567
4 0.704959 0.715436 0.055903 0.170976 0.125365
4 0.593706 0.764306 0.120581 0.230232 0.414177
4 0.723062 0.729375 0.086985 0.218087 0.381913
6 0.942625 0.774526 0.116468 0.456544 0.117658
3 0.057378 0.790650 0.112364 0.240579 0.234085
5 0.814725 0.735042 0.132340 0.487432 0.136291
2 0.873255 0.747081 0.253858 0.505883 0.247501
3 0.145420 0.873171 0.256562 0.258086 0.274497