8 0.325554 0.290372 0.057238 0.081252 0.225117
8 0.324771 0.328557 0.043273 0.052992 0.194292
6 0.318376 0.448183 0.040467 0.125978 0.118356
6 0.467691 0.452262 0.035994 0.093204 0.111434
0 0.556039 0.453383 0.078491 0.084391 0.159154
6 0.621825 0.461985 0.041766 0.097274 0.136801
2 0.696509 0.467711 0.091452 0.118191 0.162000
6 0.429577 0.479865 0.034054 0.125591 0.180020
4 0.616431 0.486170 0.033454 0.066170 0.199895
3 0.130849 0.514187 0.120733 0.119086 0.229797
4 0.646108 0.521523 0.055307 0.127771 0.172909
2 0.889163 0.542867 0.182828 0.203100 0.253690
9 0.201763 0.760480 0.401321 0.487345 0.100799
3 0.931316 0.838034 0.134253 0.324709 0.116662