8 0.677331 0.312596 0.066140 0.118918 0.159775
8 0.484152 0.363056 0.027979 0.079159 0.134176
8 0.912891 0.357987 0.102295 0.188867 0.147733
8 0.722867 0.461023 0.054257 0.052829 0.107255
8 0.271874 0.508558 0.056982 0.025309 0.129501
5 0.556115 0.538639 0.182780 0.184093 0.116191
8 0.688885 0.468489 0.053865 0.099245 0.155587
8 0.128782 0.533181 0.032987 0.037289 0.108202
5 0.182369 0.578618 0.063123 0.075088 0.185404
6 0.834674 0.609071 0.050736 0.170263 0.121300
3 0.210327 0.636917 0.035214 0.077149 0.179238
5 0.085274 0.693375 0.152852 0.307162 0.258589