6 0.498025 0.549631 0.026684 0.076456 0.107329
6 0.516967 0.566787 0.035844 0.113173 0.167772
6 0.224563 0.628930 0.035882 0.115671 0.130346
4 0.388542 0.624863 0.058793 0.141073 0.131125
6 0.455214 0.625742 0.048000 0.171150 0.179804
4 0.514516 0.597777 0.033921 0.077827 0.152860
3 0.587019 0.594345 0.036573 0.088075 0.175051
3 0.692938 0.615211 0.050174 0.104656 0.105634
3 0.797955 0.663186 0.083080 0.154897 0.166972
6 0.295527 0.776689 0.107428 0.400351 0.161820
3 0.862559 0.726244 0.086097 0.214529 0.215046