8 0.827737 0.331203 0.051028 0.131103 0.151200
1 0.131133 0.493967 0.265504 0.966504 0.190036
8 0.883217 0.522152 0.068112 0.152983 0.124446
1 0.790807 0.554377 0.117559 0.089237 0.157137
1 0.952034 0.527618 0.066106 0.067434 0.109427
2 0.579394 0.579473 0.067171 0.104120 0.168218
0 0.825384 0.578405 0.062642 0.059394 0.107952
6 0.426894 0.656418 0.071246 0.173322 0.117310
3 0.517812 0.625146 0.030646 0.066944 0.148808
9 0.813492 0.700582 0.380404 0.276211 0.117805
3 0.426178 0.722474 0.061161 0.139134 0.169551