8 0.565905 0.386440 0.047811 0.090787 0.175961
8 0.378432 0.457443 0.029796 0.070232 0.145982
5 0.174853 0.657252 0.263653 0.309932 0.152874
2 0.629421 0.565176 0.091284 0.116897 0.109846
1 0.319961 0.648786 0.083504 0.284740 0.119776
6 0.863035 0.587466 0.083141 0.178281 0.128182
6 0.571626 0.592057 0.059846 0.115559 0.150280
6 0.595636 0.588025 0.067933 0.128226 0.144618
6 0.672403 0.612778 0.044562 0.179036 0.129809
6 0.583791 0.623811 0.078745 0.201762 0.185466
3 0.587490 0.716756 0.082496 0.198682 0.368550
2 0.846554 0.695819 0.320690 0.610017 0.282597
6 0.158638 0.777634 0.271375 0.447258 0.214807
5 0.439264 0.743182 0.262252 0.512647 0.342083
3 0.218585 0.871562 0.162067 0.255289 0.195182