8 0.518433 0.508410 0.037496 0.044897 0.114981
8 0.023255 0.600054 0.046009 0.053138 0.110110
6 0.516079 0.601976 0.055293 0.135373 0.111752
4 0.599573 0.653656 0.045542 0.108660 0.147489
6 0.676350 0.673057 0.076349 0.233688 0.125552
4 0.741854 0.645061 0.030193 0.075112 0.103498
0 0.822001 0.636848 0.111621 0.159988 0.164511
8 0.088884 0.683203 0.030205 0.036678 0.107940
8 0.093695 0.725446 0.064570 0.068229 0.181274
3 0.519187 0.719213 0.118046 0.183032 0.162727
4 0.673828 0.753297 0.074333 0.166484 0.145890