2 0.867176 0.478514 0.261852 0.655628 0.192402
8 0.069564 0.404882 0.045962 0.061228 0.106432
8 0.314052 0.416189 0.025207 0.033574 0.105046
2 0.371476 0.467552 0.075627 0.065093 0.158791
5 0.393618 0.463215 0.029513 0.050246 0.120383
5 0.554405 0.464534 0.036594 0.042699 0.107251
3 0.467260 0.482566 0.027157 0.048345 0.154000
6 0.650185 0.479630 0.027646 0.066254 0.137349
5 0.735810 0.496665 0.067230 0.109897 0.120889
4 0.650438 0.495186 0.022952 0.044510 0.125956
4 0.033579 0.534853 0.049483 0.131536 0.140069
3 0.539732 0.633935 0.080855 0.241217 0.180487
9 0.780223 0.756742 0.445476 0.520269 0.159045