8 0.370181 0.478506 0.018893 0.031489 0.122893
1 0.418111 0.500206 0.035374 0.029329 0.118145
2 0.809919 0.651960 0.372577 0.551408 0.306255
6 0.289927 0.573115 0.036493 0.113050 0.121380
0 0.352877 0.539442 0.059079 0.060712 0.128861
5 0.412324 0.536247 0.050578 0.058526 0.155693
0 0.486189 0.533813 0.040512 0.057694 0.101077
0 0.517415 0.549063 0.066032 0.071460 0.115174
6 0.503503 0.569667 0.041782 0.082413 0.101819
3 0.508162 0.640613 0.058472 0.117303 0.142957
0 0.583707 0.630605 0.135131 0.205853 0.167911
9 0.017879 0.663398 0.035725 0.142874 0.102654
0 0.377104 0.704109 0.193876 0.284938 0.217551