8 0.919470 0.421993 0.044557 0.058817 0.114612
8 0.672553 0.438859 0.111470 0.057654 0.115811
8 0.900265 0.431300 0.049730 0.051682 0.312892
8 0.927174 0.430675 0.026949 0.051907 0.138168
6 0.732455 0.540802 0.030650 0.063135 0.106147
6 0.758770 0.539653 0.044720 0.073745 0.137316
0 0.939063 0.528497 0.045997 0.059407 0.137059
3 0.819105 0.571953 0.073561 0.091616 0.204507
6 0.868032 0.553674 0.045459 0.114558 0.184056
3 0.649841 0.627542 0.081038 0.111702 0.198376
3 0.694983 0.613834 0.081238 0.112880 0.166642
3 0.752991 0.601980 0.075645 0.106645 0.154943
3 0.865206 0.586306 0.065015 0.095970 0.243033
3 0.505563 0.651027 0.069934 0.138638 0.198162
3 0.607830 0.635852 0.068977 0.113265 0.216533
3 0.752342 0.673109 0.087562 0.159213 0.260183