5 0.160573 0.603557 0.131594 0.176396 0.135825
5 0.395403 0.548464 0.064987 0.105533 0.146358
0 0.440357 0.541060 0.041118 0.056688 0.120045
5 0.567991 0.547294 0.051440 0.077594 0.190974
2 0.750954 0.551327 0.147961 0.161680 0.143055
3 0.470659 0.555544 0.031703 0.064566 0.105815
3 0.636078 0.575755 0.065327 0.071339 0.116972
6 0.734546 0.645122 0.065816 0.248453 0.170612
3 0.503617 0.599904 0.038434 0.081300 0.212169
3 0.554788 0.588771 0.037863 0.081469 0.177575
6 0.142983 0.767937 0.088805 0.459261 0.158799
5 0.310251 0.597808 0.137799 0.220451 0.170377
6 0.383682 0.637131 0.074322 0.239920 0.156516
5 0.857746 0.657221 0.239015 0.339134 0.268135
5 0.070671 0.725615 0.142772 0.513707 0.207705