1 0.077799 0.534946 0.158739 0.401718 0.132235
6 0.110478 0.599524 0.061485 0.166210 0.105412
6 0.201313 0.603972 0.068284 0.162785 0.107838
0 0.308942 0.574583 0.030096 0.098831 0.106519
1 0.684009 0.521726 0.242676 0.318030 0.283589
6 0.061955 0.641325 0.073501 0.191201 0.109032
3 0.267425 0.597356 0.045979 0.087146 0.180356
3 0.120196 0.646477 0.073057 0.117783 0.115469
3 0.191245 0.651927 0.074477 0.142484 0.248897
3 0.061231 0.693040 0.097380 0.167881 0.213891
2 0.440085 0.574671 0.260910 0.608785 0.247089
4 0.630145 0.684798 0.055178 0.097672 0.103278
0 0.881960 0.695753 0.237587 0.312340 0.222697