8 0.225374 0.473922 0.021656 0.026832 0.124733
3 0.479179 0.561513 0.026124 0.046263 0.116595
0 0.631970 0.580632 0.055780 0.087775 0.107007
3 0.077114 0.609328 0.052493 0.075782 0.154590
0 0.906485 0.606172 0.135178 0.107670 0.125321
3 0.415028 0.648422 0.049418 0.116945 0.173893
3 0.724642 0.660969 0.062366 0.122676 0.192103
9 0.872174 0.669631 0.217994 0.116240 0.111325
3 0.285312 0.729919 0.077648 0.182343 0.284357
0 0.568057 0.664845 0.160998 0.229270 0.198233
0 0.928373 0.779567 0.142551 0.401287 0.105425
9 0.168057 0.785511 0.338279 0.364880 0.181008