8 0.212799 0.420742 0.038424 0.060398 0.126106
6 0.418079 0.526640 0.027386 0.076023 0.108237
2 0.459942 0.555388 0.078572 0.119101 0.129390
0 0.581381 0.542409 0.061838 0.082965 0.121936
6 0.594308 0.539327 0.030632 0.069716 0.101249
3 0.229901 0.573440 0.093453 0.091028 0.108679
3 0.253542 0.577379 0.057789 0.079248 0.122044
2 0.496644 0.582285 0.109498 0.176552 0.171227
3 0.590481 0.566336 0.042673 0.061369 0.126386
5 0.914278 0.542835 0.135016 0.120049 0.157619
3 0.102843 0.615241 0.151913 0.125159 0.168731