2 0.414948 0.514382 0.069327 0.056854 0.124839
0 0.280351 0.581950 0.080081 0.085690 0.114741
6 0.414844 0.576406 0.042764 0.105259 0.102839
0 0.520085 0.594010 0.098195 0.117289 0.108730
6 0.585086 0.554805 0.063900 0.089234 0.124482
0 0.655524 0.589871 0.095101 0.113541 0.137874
6 0.246893 0.580487 0.046364 0.088597 0.105615
0 0.756500 0.645718 0.235100 0.213184 0.143306
6 0.580103 0.699565 0.116078 0.321665 0.150456
6 0.246496 0.786714 0.142278 0.413628 0.154502
0 0.336206 0.673471 0.186379 0.260696 0.180411
0 0.763176 0.745928 0.269823 0.404102 0.167360
0 0.932136 0.671041 0.137271 0.303601 0.147978
6 0.469035 0.774706 0.139987 0.446597 0.165762
5 0.103188 0.765616 0.203309 0.461753 0.187438
3 0.593003 0.847025 0.153639 0.302328 0.261029
3 0.474589 0.889821 0.173138 0.216609 0.182038