8 0.621571 0.466881 0.016922 0.029284 0.158703
5 0.421791 0.557355 0.058402 0.087029 0.157143
0 0.123154 0.593891 0.141168 0.157567 0.175393
6 0.192528 0.579955 0.040586 0.116106 0.100335
0 0.474648 0.564688 0.072147 0.063109 0.110418
0 0.150302 0.602562 0.081432 0.135820 0.104794
4 0.310129 0.587480 0.027784 0.053403 0.104702
0 0.089317 0.646296 0.173150 0.249443 0.203130
6 0.106163 0.770958 0.114170 0.443463 0.171815
0 0.463138 0.618383 0.113847 0.166776 0.233766
2 0.930231 0.509356 0.127332 0.973275 0.130413