8 0.548395 0.123753 0.051894 0.084242 0.103790
8 0.329227 0.237031 0.073119 0.115545 0.126531
8 0.428337 0.362211 0.144364 0.115516 0.107278
8 0.320696 0.367943 0.052762 0.128170 0.150194
8 0.804542 0.395612 0.041963 0.100671 0.141800
8 0.619821 0.428748 0.041184 0.227833 0.102272
6 0.774817 0.616564 0.038697 0.080418 0.113200
6 0.734513 0.671436 0.037073 0.143495 0.218975
6 0.851808 0.698619 0.039666 0.172977 0.233260
6 0.385351 0.674919 0.056507 0.193685 0.112524
6 0.770457 0.680552 0.059694 0.157929 0.159207
6 0.938811 0.678248 0.083163 0.112418 0.181096
3 0.059660 0.722777 0.117541 0.140751 0.188901
3 0.326099 0.765846 0.170402 0.213100 0.280690
3 0.659612 0.750229 0.110136 0.147225 0.251483
9 0.769101 0.781844 0.142331 0.082762 0.116058
3 0.930947 0.821535 0.095094 0.186504 0.218065