8 0.129947 0.206056 0.040942 0.097869 0.110304
8 0.946837 0.378033 0.075753 0.081115 0.116336
8 0.297977 0.426218 0.038400 0.040740 0.135708
8 0.640725 0.448715 0.028480 0.037322 0.100579
8 0.299420 0.494073 0.045047 0.071016 0.114469
2 0.511633 0.530299 0.036764 0.049549 0.112934
0 0.289380 0.588844 0.099945 0.105456 0.146460
0 0.388871 0.547725 0.033374 0.039773 0.169519
3 0.557600 0.557021 0.043302 0.045790 0.134412
0 0.616526 0.567208 0.087420 0.072700 0.170571
3 0.748634 0.584315 0.048824 0.078076 0.132719
3 0.772970 0.583109 0.060171 0.081676 0.144600
6 0.810137 0.615971 0.045883 0.169758 0.115999
3 0.713573 0.597363 0.073764 0.083014 0.195849
0 0.131504 0.699067 0.260678 0.403090 0.239119
3 0.898669 0.647299 0.140694 0.149443 0.251131