8 0.314664 0.294555 0.054025 0.055685 0.152040
8 0.275436 0.423361 0.110620 0.027004 0.129400
1 0.117508 0.512883 0.216460 0.169837 0.261293
8 0.713090 0.505384 0.080761 0.088235 0.160291
8 0.760830 0.475822 0.027418 0.048734 0.146908
8 0.790533 0.488089 0.055743 0.044103 0.323030
6 0.969464 0.529871 0.018301 0.034619 0.105899
0 0.036938 0.538376 0.073409 0.079955 0.205738
0 0.283035 0.542447 0.104612 0.098462 0.133594
8 0.798188 0.498090 0.057643 0.033454 0.139958
6 0.936227 0.567187 0.089373 0.109264 0.114345
5 0.167598 0.538476 0.107420 0.114900 0.191376
0 0.329717 0.550549 0.149061 0.105103 0.186039
6 0.855901 0.568363 0.091169 0.072425 0.107306
5 0.388235 0.607357 0.069641 0.193204 0.214623
0 0.694840 0.599064 0.070167 0.176945 0.240819
9 0.104278 0.601651 0.159695 0.075659 0.135862
9 0.166370 0.659224 0.060656 0.120211 0.298975
0 0.852677 0.666992 0.291679 0.318270 0.356800
9 0.055247 0.691277 0.020737 0.125156 0.121265
9 0.147827 0.662623 0.021647 0.120874 0.248261
9 0.181937 0.641527 0.018144 0.102663 0.145840
3 0.304319 0.650047 0.063933 0.164884 0.421146
9 0.104386 0.755188 0.214395 0.176412 0.112034
9 0.201056 0.749802 0.101631 0.146500 0.124150
2 0.544153 0.592980 0.310357 0.643800 0.346402
9 0.127599 0.779843 0.257713 0.382341 0.122778
0 0.983860 0.587211 0.035029 0.093559 0.122361