1 0.660604 0.557334 0.056283 0.110045 0.169471
5 0.296990 0.573630 0.067147 0.096158 0.158934
6 0.611738 0.582633 0.038740 0.094278 0.118759
6 0.789950 0.597000 0.072721 0.177892 0.181002
6 0.928150 0.583718 0.054345 0.141001 0.147562
3 0.726426 0.572407 0.033950 0.062406 0.127926
5 0.845568 0.592442 0.087637 0.200782 0.258401
4 0.946803 0.630976 0.083929 0.128070 0.144780
5 0.042210 0.688768 0.083877 0.152862 0.146554
3 0.797176 0.638566 0.074237 0.118388 0.151693
3 0.620921 0.669199 0.096806 0.131826 0.134473
5 0.443237 0.728442 0.212796 0.466766 0.266866
5 0.160307 0.713313 0.203501 0.378110 0.280643
9 0.820530 0.781769 0.353068 0.428989 0.332427