8 0.361294 0.338296 0.062694 0.093859 0.112304
8 0.788934 0.439509 0.036822 0.069596 0.185635
8 0.999861 0.450816 0.082845 0.043819 0.106940
8 0.708292 0.497408 0.027834 0.051558 0.101340
8 0.784175 0.490953 0.035185 0.062379 0.107641
2 0.432971 0.514951 0.070989 0.130562 0.137846
0 0.172533 0.590436 0.122150 0.140055 0.125626
0 0.370811 0.561547 0.070373 0.095972 0.136243
0 0.760067 0.564745 0.087027 0.079852 0.130493
3 0.306288 0.610880 0.039428 0.080929 0.158408
3 0.592610 0.569723 0.019663 0.034863 0.109618
6 0.926240 0.650109 0.089295 0.205583 0.113119
0 0.092737 0.639481 0.152043 0.223701 0.143686
8 0.758776 0.578141 0.025571 0.112280 0.105397
3 0.919825 0.718722 0.117648 0.177129 0.126325