8 0.867155 0.269380 0.103520 0.285899 0.179871
8 0.865158 0.207863 0.093537 0.141368 0.122572
8 0.869789 0.353724 0.092528 0.109018 0.118898
5 0.473621 0.553744 0.065500 0.059899 0.160946
5 0.459782 0.561740 0.035562 0.051137 0.113809
6 0.827591 0.580195 0.031187 0.098793 0.113053
6 0.343525 0.620276 0.052797 0.129773 0.111413
6 0.424191 0.628604 0.062448 0.169651 0.136460
3 0.838175 0.605783 0.047773 0.093435 0.127925
3 0.338522 0.685983 0.051452 0.140972 0.117169
3 0.422507 0.682637 0.061184 0.128019 0.214593
5 0.194215 0.675380 0.175872 0.290354 0.341091
9 0.850750 0.837763 0.299340 0.335706 0.169245
3 0.649017 0.861560 0.159505 0.288877 0.192630
9 0.949852 0.858095 0.098912 0.070559 0.100120
4 0.086575 0.850915 0.152484 0.284592 0.134873