8 0.178299 0.136504 0.089845 0.210678 0.140764
8 0.269409 0.222848 0.074854 0.161572 0.143953
8 0.255021 0.331360 0.108575 0.111948 0.124556
8 0.999888 0.353655 0.037444 0.087953 0.103882
8 0.294102 0.422864 0.047243 0.082003 0.122696
8 0.404543 0.468998 0.050365 0.040777 0.130342
6 0.113727 0.545941 0.066067 0.163179 0.204248
5 0.905779 0.592312 0.182198 0.282258 0.112777
6 0.166387 0.661739 0.083440 0.308141 0.239432
1 0.470527 0.608890 0.098693 0.223160 0.284900
5 0.601701 0.697793 0.212562 0.445840 0.344895
5 0.799402 0.693401 0.233500 0.447631 0.338128
2 0.322361 0.727323 0.244522 0.474166 0.392219
6 0.094378 0.787461 0.188540 0.430345 0.186023
5 0.957288 0.741542 0.088167 0.497426 0.157536
2 0.437267 0.726591 0.511765 0.477006 0.102171
3 0.142679 0.887477 0.155239 0.228471 0.236197