7 0.926715 0.408499 0.049587 0.056842 0.115010
2 0.190373 0.539942 0.052961 0.050312 0.111862
1 0.641436 0.555681 0.101378 0.087278 0.256133
6 0.089686 0.586292 0.043472 0.068491 0.122383
3 0.135871 0.574959 0.047678 0.053197 0.182480
6 0.181725 0.585897 0.037407 0.114805 0.175860
0 0.571099 0.569533 0.040149 0.051511 0.278546
0 0.668031 0.550139 0.048620 0.041855 0.136545
6 0.946244 0.583418 0.026351 0.057910 0.124796
0 0.206588 0.604169 0.072252 0.117096 0.297468
6 0.597685 0.602478 0.040992 0.125217 0.262386
0 0.614247 0.601279 0.085533 0.107456 0.264757
0 0.952194 0.593937 0.035794 0.051948 0.116370
6 0.094800 0.670078 0.090627 0.212365 0.257957
6 0.415390 0.618917 0.103273 0.157951 0.209670
4 0.594895 0.634893 0.042475 0.082101 0.197379
0 0.979659 0.574160 0.040045 0.057069 0.163582
6 0.044399 0.761594 0.085893 0.300836 0.110110
1 0.374796 0.527093 0.293671 0.471801 0.505924
2 0.809443 0.660943 0.278016 0.340237 0.318743
3 0.082521 0.761065 0.111530 0.212435 0.293841
4 0.065661 0.837358 0.126403 0.306231 0.302211
9 0.960951 0.726334 0.079007 0.247499 0.172869