5 0.381844 0.617960 0.104066 0.167076 0.178711
3 0.633798 0.570555 0.037349 0.054053 0.108409
2 0.756961 0.571935 0.078871 0.075035 0.132475
0 0.356575 0.610047 0.100064 0.115457 0.102244
6 0.419365 0.634904 0.045452 0.153133 0.170828
6 0.462236 0.605935 0.039847 0.118772 0.149499
6 0.581192 0.604398 0.038007 0.105616 0.126428
6 0.790995 0.630026 0.052881 0.151460 0.144505
3 0.277887 0.646798 0.083339 0.116417 0.130341
3 0.694189 0.654769 0.049254 0.132567 0.172227
2 0.116911 0.731097 0.239619 0.192582 0.128240