8 0.051867 0.338226 0.034955 0.067045 0.126247
8 0.047669 0.406030 0.033600 0.068668 0.119792
8 0.292575 0.414712 0.058198 0.136695 0.101988
8 0.295549 0.386362 0.050243 0.064646 0.227292
8 0.190054 0.432799 0.033343 0.057110 0.223181
8 0.101090 0.496967 0.035372 0.112142 0.105623
6 0.165925 0.527479 0.031650 0.074074 0.134125
5 0.452569 0.533405 0.051702 0.069765 0.197921
6 0.488534 0.537178 0.025517 0.049357 0.115810
0 0.588039 0.544342 0.058675 0.088562 0.155403
0 0.273141 0.571710 0.110583 0.149355 0.236414
3 0.469405 0.554673 0.040610 0.065890 0.133205
5 0.694583 0.581690 0.153459 0.160653 0.211960
6 0.879612 0.576081 0.048421 0.114381 0.198209
4 0.808205 0.640198 0.089961 0.162751 0.102716
9 0.191145 0.612151 0.071517 0.138180 0.121915
5 0.397209 0.637095 0.165709 0.287662 0.341486
6 0.462363 0.741044 0.121414 0.402361 0.222178
5 0.881847 0.660317 0.228960 0.187837 0.119857
3 0.944030 0.668883 0.106598 0.167179 0.263924
3 0.051835 0.677610 0.101395 0.176853 0.236962
3 0.481742 0.857249 0.131036 0.263310 0.323509