0 0.443244 0.544334 0.056129 0.048936 0.144399
1 0.664583 0.548096 0.097824 0.120940 0.217028
6 0.154595 0.555579 0.046762 0.120429 0.169721
0 0.272640 0.556071 0.150548 0.081158 0.236376
0 0.371645 0.541807 0.097144 0.047278 0.182261
0 0.511978 0.609308 0.103068 0.152251 0.253492
0 0.624668 0.583317 0.145782 0.086237 0.147471
6 0.637808 0.606551 0.069859 0.054603 0.105659
1 0.847371 0.576945 0.301953 0.398157 0.523662
0 0.084058 0.744957 0.172447 0.504394 0.226205
0 0.625648 0.695029 0.205456 0.299060 0.376202
9 0.859213 0.791275 0.275841 0.282693 0.202689
0 0.948893 0.938016 0.101202 0.116116 0.123110
0 0.302989 0.769514 0.383084 0.455307 0.283838