8 0.740121 0.324490 0.060471 0.109878 0.136434
8 0.936047 0.260736 0.128988 0.219918 0.110687
8 0.938165 0.334491 0.127397 0.101858 0.116217
8 0.594262 0.478336 0.029605 0.059880 0.129731
8 0.864915 0.508627 0.067706 0.119086 0.109478
4 0.364536 0.594988 0.044183 0.098252 0.123476
5 0.529817 0.605083 0.088477 0.194338 0.309213
3 0.614378 0.611844 0.096828 0.130616 0.233619
3 0.731186 0.632006 0.096408 0.142179 0.226857
4 0.944613 0.702934 0.102110 0.226744 0.140108
3 0.881569 0.707323 0.184470 0.249313 0.237067
5 0.446072 0.649044 0.140305 0.269100 0.346251
3 0.240022 0.801495 0.141812 0.343129 0.254030
3 0.129589 0.817742 0.256049 0.355679 0.108699