8 0.341641 0.415261 0.023597 0.051347 0.230270
8 0.341044 0.450886 0.027335 0.078119 0.158424
8 0.840279 0.420133 0.037282 0.065135 0.243203
8 0.341340 0.467240 0.031200 0.040175 0.349841
8 0.811647 0.497331 0.046349 0.048589 0.107839
0 0.401694 0.549800 0.090349 0.068406 0.124092
6 0.482927 0.545489 0.021902 0.042958 0.104519
6 0.575918 0.531767 0.033768 0.064303 0.118899
0 0.379537 0.581652 0.137184 0.121918 0.200814
3 0.488924 0.549967 0.017058 0.036342 0.114053
6 0.510617 0.553216 0.019851 0.054003 0.195303
6 0.573132 0.580448 0.031563 0.089426 0.216411
9 0.217295 0.652330 0.158764 0.133782 0.104264
6 0.297611 0.612271 0.043042 0.160912 0.196106
3 0.819977 0.635536 0.084796 0.120488 0.139185
3 0.171540 0.692731 0.123693 0.176659 0.169109
6 0.653430 0.666491 0.047727 0.199457 0.208992
3 0.935633 0.685276 0.122804 0.156997 0.238253
3 0.048493 0.703307 0.093897 0.224813 0.137276
3 0.208389 0.695161 0.105356 0.159333 0.145762
3 0.123566 0.714644 0.211563 0.236232 0.392239
0 0.363155 0.666088 0.169627 0.242441 0.344876