8 0.342111 0.179138 0.075657 0.154534 0.160572
8 0.358229 0.263992 0.041016 0.114702 0.121440
6 0.685471 0.255796 0.041414 0.104560 0.110157
8 0.806127 0.383291 0.109897 0.113934 0.108777
2 0.441837 0.664044 0.287557 0.400627 0.109094
2 0.622693 0.590853 0.739974 0.621163 0.107505
5 0.042492 0.629032 0.079118 0.121829 0.168339
6 0.148642 0.615349 0.032781 0.062715 0.131842
6 0.173394 0.609377 0.023567 0.057231 0.100054
4 0.107392 0.632218 0.027304 0.056597 0.154266
6 0.203272 0.644849 0.045948 0.123274 0.134353
3 0.226187 0.670347 0.081721 0.140557 0.119577
6 0.158508 0.707086 0.083649 0.201609 0.246444
1 0.952648 0.632171 0.091320 0.193077 0.207215
4 0.162834 0.749333 0.070545 0.123312 0.126059
6 0.110992 0.818615 0.214637 0.363463 0.217908
3 0.167896 0.896047 0.336646 0.205833 0.310460
5 0.822161 0.846322 0.345333 0.308903 0.337966