8 0.014575 0.385799 0.028516 0.046146 0.109783
8 0.140169 0.464165 0.035646 0.088422 0.113783
1 0.652167 0.576075 0.059211 0.117144 0.175680
6 0.723688 0.579426 0.026724 0.082345 0.108729
8 0.789331 0.593236 0.067135 0.151695 0.117841
6 0.692671 0.656167 0.068308 0.189295 0.180736
3 0.952257 0.646201 0.097176 0.187747 0.148228
6 0.094056 0.698296 0.049546 0.189692 0.166517
0 0.042989 0.672339 0.073049 0.148573 0.143540
4 0.110740 0.714029 0.069439 0.116164 0.138559
5 0.272481 0.746993 0.179716 0.384919 0.235769
2 0.361249 0.757089 0.365681 0.449365 0.217108
3 0.697015 0.714771 0.078889 0.199075 0.269727
9 0.761490 0.711820 0.097264 0.121517 0.152845
9 0.816856 0.786855 0.352540 0.435096 0.103010