1 0.527984 0.596725 0.112918 0.195285 0.321448
0 0.427857 0.570709 0.027797 0.042109 0.109258
0 0.703621 0.558338 0.054940 0.024755 0.101436
0 0.429748 0.585589 0.031938 0.035419 0.186270
9 0.605452 0.677642 0.041472 0.057881 0.160146
9 0.634839 0.701619 0.027614 0.050714 0.133544
9 0.785955 0.708958 0.441694 0.226414 0.185570
2 0.086815 0.604116 0.175722 0.780285 0.185384
0 0.230156 0.704141 0.240997 0.292115 0.290135
9 0.629655 0.686925 0.020542 0.059883 0.113706
9 0.653741 0.709752 0.053207 0.068334 0.194974
9 0.667039 0.731124 0.034257 0.060506 0.143646
9 0.699927 0.757401 0.036389 0.072692 0.127203
9 0.724959 0.779200 0.059812 0.094295 0.107971
9 0.759418 0.799277 0.484242 0.407946 0.294921
9 0.865268 0.860005 0.254803 0.275959 0.117315
9 0.906646 0.935800 0.099259 0.131512 0.103939