8 0.252644 0.454799 0.023126 0.061836 0.100571
6 0.563863 0.477040 0.071584 0.203387 0.234949
6 0.614967 0.494053 0.058674 0.207934 0.235205
2 0.272299 0.545992 0.126716 0.124417 0.103339
6 0.063012 0.517570 0.052117 0.127699 0.117525
2 0.708533 0.548027 0.062048 0.086197 0.153176
2 0.927355 0.569387 0.147874 0.827363 0.251011
6 0.235100 0.587053 0.046318 0.108210 0.185395
6 0.369910 0.638945 0.081467 0.254307 0.236380
6 0.696398 0.590419 0.048434 0.134044 0.119903
5 0.722641 0.561163 0.044457 0.080950 0.108910
3 0.176888 0.593967 0.093440 0.100425 0.209440
6 0.279441 0.584128 0.045503 0.064216 0.213327
0 0.438408 0.621242 0.060479 0.157197 0.256128
5 0.804313 0.635687 0.172774 0.277916 0.357032
5 0.272435 0.681398 0.110731 0.170054 0.154509
3 0.363304 0.699977 0.085964 0.164224 0.242595
3 0.150415 0.726932 0.218339 0.217121 0.367021
2 0.567245 0.624480 0.241028 0.400601 0.400277