8 0.127562 0.231386 0.041192 0.068268 0.117268
5 0.092769 0.521515 0.156952 0.278896 0.172773
8 0.380265 0.426809 0.021228 0.047432 0.102331
2 0.177232 0.542376 0.306869 0.245010 0.214207
6 0.569865 0.619316 0.052131 0.160289 0.125833
5 0.320703 0.586378 0.123836 0.162371 0.241163
2 0.480720 0.615267 0.130838 0.185086 0.151683
4 0.567612 0.656540 0.046306 0.100463 0.154427
4 0.824585 0.640487 0.087297 0.151096 0.110035
5 0.719646 0.643337 0.175048 0.344506 0.248594
4 0.921503 0.723830 0.139793 0.227250 0.177428