8 0.382132 0.112998 0.113105 0.225948 0.131270
8 0.125279 0.257840 0.067604 0.145345 0.101697
8 0.046127 0.391412 0.050039 0.126773 0.201613
0 0.355915 0.457870 0.077468 0.057765 0.104878
6 0.125318 0.509421 0.052330 0.101218 0.128469
6 0.315458 0.489538 0.049158 0.113161 0.109771
2 0.484420 0.468913 0.216204 0.502042 0.245329
6 0.027939 0.607933 0.055701 0.305621 0.161931
6 0.197291 0.588721 0.081995 0.226796 0.173908
6 0.223046 0.578358 0.061059 0.217987 0.104910
3 0.393609 0.630324 0.202688 0.276629 0.113654
6 0.139343 0.701470 0.170200 0.431100 0.188002
3 0.216655 0.645034 0.088855 0.206860 0.230106
3 0.338080 0.594445 0.073717 0.189203 0.245427
6 0.420304 0.691560 0.164567 0.477569 0.187739
9 0.664564 0.764343 0.098527 0.186511 0.100770
3 0.399782 0.817495 0.213978 0.354795 0.335235
9 0.720052 0.827269 0.197967 0.336371 0.146014
9 0.782304 0.799424 0.400035 0.398274 0.157011
3 0.137197 0.822138 0.210487 0.353002 0.248108
9 0.795357 0.909836 0.149840 0.183977 0.152453