6 0.057687 0.049831 0.050903 0.104020 0.101883
8 0.036957 0.228088 0.071910 0.244222 0.108620
6 0.576434 0.579260 0.041567 0.098619 0.152660
6 0.614405 0.579770 0.036295 0.102833 0.138168
0 0.668956 0.594971 0.112802 0.119193 0.167115
3 0.018760 0.627642 0.037165 0.162286 0.111056
4 0.391233 0.595965 0.041120 0.122030 0.104069
3 0.424612 0.618617 0.045893 0.122629 0.149316
6 0.467306 0.592405 0.042882 0.146293 0.159637
4 0.532071 0.600431 0.029850 0.076911 0.176245
4 0.611567 0.617100 0.033652 0.076192 0.189264
6 0.650333 0.579639 0.049483 0.083976 0.176545
4 0.503006 0.618603 0.029634 0.101628 0.160018
4 0.579163 0.632976 0.045742 0.110143 0.196856
3 0.855757 0.682465 0.093430 0.215708 0.139038
9 0.331300 0.673808 0.170264 0.158391 0.116344
3 0.807508 0.701829 0.108658 0.194244 0.170629
3 0.650647 0.688727 0.076070 0.187334 0.256896
3 0.912712 0.753885 0.108368 0.177268 0.210905
3 0.114251 0.874326 0.214419 0.256251 0.200049