8 0.645799 0.222938 0.113532 0.136082 0.131142
8 0.599612 0.198283 0.041837 0.089171 0.304694
8 0.643701 0.214925 0.061772 0.119190 0.266093
8 0.711327 0.169550 0.047282 0.032987 0.186169
8 0.688279 0.279688 0.020183 0.065266 0.113534
8 0.059672 0.332412 0.076653 0.107472 0.124195
8 0.124240 0.359612 0.057712 0.096309 0.146206
8 0.484253 0.376380 0.044981 0.040114 0.251930
8 0.671962 0.453716 0.023306 0.069685 0.165669
8 0.272611 0.491187 0.030524 0.027914 0.145984
8 0.674896 0.470858 0.016762 0.036078 0.102952
8 0.932878 0.483798 0.029097 0.038769 0.129228
8 0.015693 0.514287 0.031598 0.108834 0.107079
8 0.375952 0.532181 0.028566 0.050469 0.109740
8 0.377804 0.523537 0.024053 0.027622 0.124711
8 0.829249 0.518586 0.039061 0.026915 0.100857
3 0.120134 0.580982 0.055137 0.090653 0.165107
0 0.278496 0.563864 0.065882 0.081590 0.125320
6 0.470924 0.587688 0.047251 0.117395 0.104934
3 0.044995 0.606827 0.047531 0.083830 0.106779
3 0.410005 0.586466 0.027543 0.058716 0.203743
3 0.513334 0.592724 0.041566 0.066971 0.134623
3 0.873977 0.607742 0.048715 0.087881 0.133920
5 0.949127 0.629572 0.102003 0.139384 0.169303
3 0.470356 0.632815 0.040988 0.094268 0.188655
3 0.827223 0.636270 0.052095 0.100852 0.146609
0 0.321460 0.619085 0.139441 0.179920 0.178107