8 0.784695 0.163834 0.046705 0.077335 0.247498
8 0.780387 0.320992 0.046352 0.083966 0.228639
8 0.777714 0.398001 0.040801 0.080501 0.114245
1 0.857938 0.622699 0.290559 0.376238 0.341364
6 0.167112 0.636026 0.041704 0.071016 0.126325
1 0.725611 0.609227 0.041317 0.159573 0.110037
6 0.181037 0.628694 0.047434 0.076038 0.108402
5 0.221833 0.662329 0.084619 0.131407 0.152171
6 0.332201 0.684288 0.040986 0.169956 0.144323
6 0.176404 0.727721 0.116901 0.224809 0.120059
3 0.243371 0.706469 0.039162 0.093435 0.131881
3 0.331247 0.729162 0.033014 0.104196 0.143640
1 0.470731 0.581982 0.277877 0.490928 0.362715
3 0.178981 0.818725 0.142793 0.271310 0.364176
9 0.786648 0.813666 0.398579 0.373844 0.232113