1 0.821122 0.497949 0.365747 0.995281 0.322338
8 0.272168 0.262791 0.054488 0.316631 0.102890
8 0.171546 0.178147 0.031253 0.084306 0.201594
8 0.270179 0.207162 0.037129 0.127035 0.225258
7 0.266613 0.246728 0.019475 0.040612 0.276621
8 0.232597 0.284464 0.026430 0.068319 0.101713
1 0.199530 0.357775 0.100230 0.123085 0.126495
7 0.282190 0.299313 0.029064 0.053377 0.159302
6 0.179628 0.418355 0.026878 0.090193 0.115385
1 0.544141 0.415453 0.197032 0.394444 0.477273
6 0.136470 0.437329 0.036636 0.131337 0.165612
6 0.206465 0.429336 0.036338 0.125440 0.204831
6 0.232816 0.413693 0.028120 0.082204 0.134061
6 0.467096 0.514550 0.055660 0.200042 0.193533
6 0.560217 0.582819 0.086521 0.279074 0.246930
9 0.117983 0.543649 0.242233 0.176886 0.127257
6 0.113725 0.598485 0.139178 0.334044 0.120738
3 0.490677 0.606262 0.068167 0.154309 0.143187
3 0.544791 0.655504 0.099201 0.198705 0.367827
5 0.331385 0.685526 0.271496 0.555152 0.348278
3 0.111447 0.796500 0.179551 0.402171 0.293828