8 0.656672 0.161701 0.645424 0.140697 0.188577
8 0.254273 0.300439 0.197026 0.126036 0.167589
2 0.577257 0.472071 0.117658 0.172596 0.159625
5 0.725653 0.499968 0.080505 0.087252 0.104725
0 0.354764 0.574998 0.144027 0.174281 0.102669
0 0.475665 0.595121 0.139678 0.203490 0.111660
0 0.661024 0.614942 0.193712 0.238378 0.118699
0 0.109894 0.637794 0.221427 0.291562 0.138141
3 0.347333 0.671939 0.103028 0.188934 0.192380
0 0.108045 0.799441 0.220132 0.407754 0.126952
0 0.857352 0.763687 0.280489 0.478811 0.124301