8 0.378575 0.399174 0.035764 0.032680 0.157652
8 0.375699 0.445722 0.031921 0.036789 0.148627
8 0.385988 0.445088 0.043335 0.044010 0.264529
2 0.561394 0.495792 0.116067 0.081952 0.136846
2 0.803447 0.635795 0.307989 0.564543 0.347944
3 0.417549 0.577137 0.061429 0.081863 0.130405
5 0.599658 0.585511 0.059331 0.146089 0.172240
6 0.537317 0.680988 0.096920 0.308187 0.210884
2 0.508220 0.611110 0.123947 0.182925 0.231192
9 0.186621 0.790698 0.375995 0.372616 0.189477
4 0.533458 0.792234 0.095225 0.228308 0.268797
9 0.060435 0.893423 0.119633 0.167226 0.103614