8 0.596088 0.441871 0.036215 0.066379 0.125951
8 0.904304 0.499049 0.052776 0.058468 0.129022
1 0.227149 0.528772 0.458106 0.514426 0.417363
6 0.969864 0.600628 0.057144 0.091659 0.110011
1 0.862905 0.595677 0.141111 0.111644 0.308522
5 0.908180 0.592225 0.086794 0.089092 0.254684
6 0.218980 0.628925 0.103787 0.264315 0.174075
6 0.823100 0.596098 0.038251 0.106843 0.140624
6 0.843146 0.599469 0.039509 0.113458 0.156597
6 0.893590 0.597467 0.046540 0.102390 0.112641
6 0.945471 0.706845 0.105396 0.310871 0.256118
6 0.320738 0.780838 0.130785 0.408291 0.245276
6 0.908695 0.705702 0.103049 0.219069 0.115833
3 0.915772 0.793843 0.169825 0.266901 0.370095
5 0.379024 0.734845 0.589997 0.534411 0.336606