8 0.291535 0.430957 0.036177 0.042467 0.174002
8 0.684893 0.441879 0.068864 0.062305 0.236474
1 0.827856 0.525376 0.238370 0.208109 0.473141
8 0.975103 0.423433 0.039744 0.070386 0.148912
1 0.523767 0.498561 0.062031 0.056467 0.107931
1 0.622684 0.503069 0.090811 0.072962 0.138665
8 0.678628 0.501238 0.052858 0.085972 0.101784
0 0.357137 0.535072 0.061023 0.031269 0.152118
0 0.552146 0.538745 0.051999 0.044869 0.117053
1 0.616817 0.548437 0.115292 0.180393 0.228017
6 0.227824 0.577615 0.053761 0.087815 0.122851
0 0.350654 0.554215 0.133674 0.061069 0.108269
6 0.538853 0.601470 0.046437 0.145295 0.217600
6 0.984422 0.592570 0.032057 0.082415 0.105868
3 0.194160 0.606642 0.046008 0.119507 0.198315
3 0.218185 0.613328 0.068030 0.117258 0.142313
0 0.463570 0.605008 0.127136 0.198309 0.270820
0 0.607110 0.598603 0.104681 0.136929 0.217363
9 0.084555 0.655385 0.118140 0.069425 0.164299
9 0.041611 0.690855 0.083458 0.103407 0.197738
3 0.562829 0.662817 0.047279 0.104972 0.210867
0 0.318666 0.754280 0.310279 0.446812 0.355953
0 0.757548 0.679145 0.272593 0.298222 0.381615
3 0.559406 0.646386 0.074592 0.146153 0.179944
9 0.098801 0.809355 0.193296 0.383146 0.125239