8 0.114461 0.324388 0.047307 0.067025 0.255214
8 0.048953 0.421894 0.045382 0.051169 0.129794
8 0.146432 0.422382 0.030535 0.045459 0.111172
6 0.448448 0.445266 0.035037 0.068437 0.118277
0 0.662825 0.455121 0.063143 0.078724 0.158790
6 0.429913 0.484075 0.037401 0.113465 0.154132
6 0.464429 0.509228 0.053658 0.141942 0.186238
0 0.741996 0.479950 0.147772 0.112270 0.236549
3 0.431113 0.519684 0.035888 0.097328 0.118126
6 0.070625 0.591929 0.125701 0.314088 0.196839
3 0.467206 0.571552 0.056385 0.141582 0.241917
3 0.081008 0.687487 0.147053 0.275747 0.341122
9 0.736818 0.729660 0.509761 0.544974 0.196893