8 0.983657 0.408833 0.031776 0.440809 0.121363
8 0.699075 0.321022 0.045455 0.062310 0.218030
8 0.211512 0.358044 0.078270 0.145647 0.166799
8 0.701083 0.346467 0.040365 0.022698 0.183209
7 0.732798 0.340119 0.027097 0.040245 0.136820
8 0.236888 0.365282 0.046638 0.133318 0.113286
8 0.986974 0.398678 0.026207 0.105648 0.209802
8 0.999880 0.445210 0.044178 0.049025 0.161423
8 0.751287 0.552361 0.027768 0.114087 0.141655
6 0.281323 0.598840 0.050353 0.119450 0.112855
2 0.564857 0.569757 0.151965 0.234656 0.339642
8 0.753360 0.574305 0.025995 0.056990 0.111802
6 0.813071 0.585639 0.036844 0.055772 0.137291
5 0.924104 0.596429 0.107843 0.174980 0.305959
8 0.654739 0.599872 0.045369 0.095904 0.157083
6 0.804206 0.616509 0.060304 0.130656 0.190321
4 0.758748 0.648527 0.056407 0.137528 0.103586
3 0.805320 0.653754 0.113222 0.129414 0.266971
2 0.394951 0.667167 0.231569 0.368342 0.286146
9 0.968593 0.695072 0.046655 0.145667 0.102885
3 0.106845 0.834270 0.132470 0.315169 0.332898
6 0.226535 0.791618 0.135730 0.389835 0.260307
3 0.230816 0.903705 0.136016 0.193976 0.310040