8 0.736990 0.198352 0.073028 0.176608 0.178368
8 0.339040 0.416502 0.021722 0.043745 0.261350
8 0.548232 0.414863 0.030482 0.060208 0.116041
2 0.843591 0.563613 0.227620 0.225582 0.256554
1 0.890739 0.516508 0.127861 0.129934 0.107760
2 0.594453 0.528245 0.058869 0.097041 0.130552
6 0.150764 0.512400 0.043675 0.091654 0.153907
0 0.197232 0.522725 0.062441 0.071178 0.163732
6 0.259839 0.532533 0.025065 0.060191 0.125448
6 0.397842 0.543837 0.031702 0.053316 0.128985
2 0.444484 0.511711 0.127959 0.103026 0.136056
6 0.562914 0.564600 0.042426 0.087346 0.103902
6 0.220969 0.601688 0.067042 0.138291 0.107238
0 0.477818 0.601653 0.191226 0.118468 0.110872
0 0.647128 0.618580 0.142367 0.170778 0.210176
9 0.303733 0.676431 0.104869 0.138304 0.209702
9 0.298721 0.617438 0.168879 0.207901 0.167865
3 0.662833 0.690572 0.106028 0.193103 0.381227
0 0.460089 0.772088 0.317951 0.453514 0.267693
0 0.872879 0.750770 0.255138 0.494667 0.230836