2 0.852041 0.578222 0.194444 0.172416 0.165390
5 0.960445 0.572183 0.079867 0.167039 0.102277
6 0.105604 0.637789 0.076119 0.177936 0.112047
3 0.149189 0.614648 0.059387 0.097080 0.130340
3 0.189679 0.609598 0.054013 0.092543 0.110383
0 0.265435 0.627934 0.135714 0.152799 0.181462
6 0.356464 0.612294 0.034099 0.126186 0.133522
6 0.414973 0.641020 0.073462 0.217202 0.136228
5 0.503624 0.597480 0.059536 0.149592 0.113323
3 0.774878 0.615966 0.051701 0.115498 0.153141
3 0.114096 0.701389 0.091500 0.155940 0.145706
3 0.416005 0.704415 0.070210 0.171796 0.168110
5 0.549419 0.622984 0.126731 0.204871 0.238327
9 0.817422 0.818303 0.371872 0.365278 0.397612