1 0.429140 0.533304 0.143159 0.132160 0.150549
1 0.510921 0.508645 0.121388 0.093307 0.118663
0 0.565427 0.535199 0.075506 0.065092 0.107592
6 0.320438 0.579778 0.034402 0.109473 0.105123
6 0.804382 0.576634 0.060291 0.090017 0.122705
6 0.135321 0.648769 0.084094 0.214280 0.143753
5 0.367873 0.573709 0.065108 0.120520 0.289878
5 0.466293 0.612778 0.113494 0.217567 0.251217
3 0.595756 0.577999 0.045956 0.075642 0.136352
3 0.706881 0.621206 0.062942 0.139234 0.243915
6 0.060731 0.690015 0.072884 0.253057 0.139174
3 0.133871 0.744852 0.090726 0.180748 0.187784
3 0.815393 0.689656 0.107473 0.203599 0.182110
9 0.764192 0.786622 0.467875 0.446200 0.183644