5 0.168002 0.608575 0.106660 0.125953 0.209271
0 0.045588 0.604314 0.091372 0.118722 0.157516
5 0.524504 0.547502 0.159802 0.287646 0.239206
0 0.751553 0.619789 0.075658 0.063590 0.204476
0 0.303661 0.685803 0.188870 0.234596 0.267626
9 0.805446 0.689627 0.120581 0.097995 0.117650
5 0.932496 0.699196 0.137397 0.571841 0.176061
9 0.742307 0.677531 0.277847 0.173713 0.135995
9 0.103728 0.777985 0.210011 0.215067 0.288845
9 0.109182 0.775234 0.065998 0.078069 0.135706
9 0.152295 0.760015 0.084169 0.079057 0.164703
9 0.028432 0.812790 0.053280 0.085192 0.161318
9 0.091663 0.792108 0.033514 0.057023 0.119403