8 0.970774 0.325767 0.062701 0.331099 0.103161
8 0.153602 0.456351 0.028540 0.146697 0.131796
8 0.205061 0.530791 0.042578 0.046783 0.104516
0 0.457474 0.557435 0.090087 0.067067 0.126346
6 0.603955 0.594579 0.055521 0.127135 0.109908
6 0.351033 0.600917 0.067516 0.152287 0.170919
0 0.456224 0.603046 0.110473 0.156812 0.228113
3 0.556460 0.620113 0.050818 0.145220 0.246495
3 0.608933 0.677156 0.079585 0.213828 0.286615
3 0.178568 0.726764 0.163053 0.253955 0.151449
0 0.051994 0.835115 0.102527 0.328613 0.109008