6 0.169803 0.573346 0.033676 0.097465 0.102206
6 0.240119 0.548092 0.037743 0.052639 0.105190
5 0.326551 0.589171 0.197058 0.164887 0.114134
4 0.450690 0.573078 0.034408 0.073357 0.125450
4 0.529121 0.555168 0.022580 0.052947 0.118290
6 0.560969 0.582893 0.050111 0.156573 0.148760
6 0.598019 0.564438 0.035091 0.120147 0.122287
6 0.640814 0.575474 0.044440 0.148265 0.147049
6 0.792576 0.558976 0.047128 0.080569 0.123488
6 0.364957 0.646641 0.069043 0.219343 0.131184
6 0.692801 0.632327 0.068017 0.230069 0.105464
6 0.899533 0.624799 0.057478 0.206552 0.129457
6 0.194813 0.665626 0.058685 0.147961 0.116134
6 0.090151 0.778667 0.112249 0.430687 0.153084
4 0.362402 0.715012 0.068596 0.173457 0.183406