5 0.223618 0.627265 0.108838 0.125108 0.153009
5 0.390820 0.602822 0.057463 0.088331 0.165281
0 0.695997 0.647888 0.093918 0.120037 0.110395
5 0.331791 0.642272 0.112593 0.169948 0.232886
6 0.482692 0.682450 0.073953 0.192105 0.112993
0 0.133252 0.711188 0.256892 0.240667 0.133827
0 0.811530 0.706619 0.167925 0.216741 0.137922
3 0.480746 0.737982 0.061531 0.144924 0.180444
0 0.932174 0.778556 0.136672 0.339235 0.108753
9 0.775468 0.782002 0.451227 0.430971 0.164699
9 0.924600 0.934271 0.136329 0.133353 0.107148