8 0.924521 0.382630 0.037359 0.085859 0.222376
8 0.193315 0.405805 0.026253 0.102057 0.120752
8 0.921182 0.461048 0.028109 0.039701 0.104652
8 0.666684 0.468009 0.022442 0.043252 0.234196
8 0.926209 0.477083 0.033510 0.069375 0.218363
8 0.924112 0.524910 0.027247 0.053000 0.106706
2 0.283855 0.595210 0.129998 0.170900 0.146435
6 0.570067 0.570526 0.026718 0.063896 0.107937
6 0.588040 0.568347 0.025747 0.077780 0.112774
6 0.729956 0.578330 0.037970 0.065524 0.106406
0 0.894569 0.602444 0.163718 0.136702 0.159877
6 0.351184 0.622194 0.038941 0.184071 0.187895
6 0.724035 0.618039 0.062688 0.129272 0.187373
3 0.297326 0.645506 0.103358 0.118707 0.128657
4 0.725322 0.664479 0.085068 0.109463 0.180234
6 0.900522 0.716151 0.126432 0.302166 0.218978
5 0.435125 0.696929 0.171988 0.347239 0.194972
4 0.147542 0.717706 0.161264 0.219828 0.219397
4 0.903878 0.837007 0.190077 0.317993 0.195316