2 0.652938 0.569691 0.088123 0.145596 0.147644
6 0.895526 0.542366 0.025081 0.057563 0.102819
0 0.528287 0.572632 0.074095 0.080077 0.134876
0 0.598963 0.572807 0.047916 0.071215 0.107251
4 0.249595 0.628626 0.044332 0.068366 0.117946
6 0.342960 0.628535 0.038609 0.114323 0.147463
6 0.504273 0.585584 0.049826 0.085277 0.117148
6 0.579280 0.657308 0.060621 0.204993 0.167370
0 0.661551 0.606746 0.063002 0.119073 0.143522
2 0.799853 0.601977 0.227906 0.282122 0.225593
4 0.340570 0.661043 0.043052 0.084941 0.180181
0 0.460412 0.647261 0.107269 0.162202 0.231406
6 0.502914 0.689263 0.088887 0.236038 0.164640
4 0.302418 0.673541 0.043849 0.093159 0.144277
3 0.582012 0.719841 0.056449 0.141667 0.217777
6 0.225607 0.790978 0.149402 0.417035 0.179968
3 0.500778 0.804381 0.113308 0.244080 0.268828
6 0.152588 0.799096 0.156977 0.404964 0.143026
0 0.865840 0.779039 0.268585 0.451661 0.185534