8 0.315506 0.211633 0.045841 0.177687 0.126676
8 0.323890 0.351509 0.028474 0.058793 0.196161
8 0.346859 0.381849 0.088034 0.083540 0.103516
8 0.298748 0.379789 0.053766 0.050387 0.109954
8 0.366400 0.407717 0.028027 0.050165 0.108733
8 0.401316 0.442271 0.031365 0.056974 0.113347
5 0.430069 0.548756 0.055014 0.051961 0.110665
5 0.557304 0.639957 0.151945 0.260550 0.214641
6 0.463406 0.596059 0.046483 0.145126 0.133433
6 0.441365 0.635715 0.058160 0.175269 0.206688
0 0.625202 0.593766 0.060574 0.124556 0.175988
9 0.202631 0.771546 0.409579 0.450168 0.130592
6 0.534682 0.679407 0.087291 0.258597 0.242481
3 0.439130 0.687678 0.066139 0.166608 0.305025
5 0.804195 0.648496 0.265149 0.413669 0.328527
3 0.538553 0.763755 0.115639 0.283066 0.337387
9 0.298555 0.812332 0.247689 0.350106 0.134987