5 0.598434 0.553239 0.071281 0.073241 0.150820
0 0.896618 0.568740 0.099575 0.075321 0.148786
6 0.685425 0.575610 0.030828 0.094200 0.106816
6 0.393058 0.655992 0.087959 0.217951 0.130711
4 0.454810 0.609651 0.036103 0.077447 0.107430
6 0.499379 0.593239 0.046025 0.128410 0.100809
3 0.764238 0.605736 0.063953 0.073169 0.187753
3 0.808468 0.606860 0.058899 0.070736 0.164273
6 0.858052 0.657575 0.083515 0.231594 0.101654
3 0.895947 0.606384 0.062202 0.097485 0.103992
0 0.957546 0.604725 0.084029 0.117204 0.139259
4 0.497782 0.625785 0.037645 0.091800 0.138745
6 0.072313 0.766762 0.146158 0.458724 0.116758
3 0.535493 0.660557 0.066661 0.135024 0.177397
4 0.397005 0.721098 0.067984 0.169682 0.168161
3 0.872599 0.723119 0.118026 0.230647 0.221548