2 0.388802 0.425945 0.205810 0.161243 0.118580
5 0.187371 0.423579 0.034951 0.055589 0.130679
5 0.330472 0.402118 0.089480 0.106940 0.136146
6 0.208002 0.449540 0.029752 0.071227 0.108845
2 0.557416 0.393831 0.166206 0.321494 0.200964
6 0.240348 0.553150 0.065888 0.179201 0.128634
2 0.804170 0.498783 0.393431 0.993734 0.238727
5 0.291265 0.514714 0.091546 0.205327 0.165211
6 0.127955 0.715537 0.176125 0.450012 0.150771
3 0.244299 0.616267 0.071745 0.156482 0.193094
5 0.416607 0.652199 0.235133 0.488527 0.226313
3 0.121512 0.835859 0.207797 0.328385 0.151234