8 0.140222 0.156017 0.268056 0.302520 0.148197
8 0.862466 0.123460 0.215752 0.244537 0.112195
8 0.076363 0.142717 0.129881 0.249723 0.145731
8 0.645657 0.308322 0.029429 0.065845 0.134531
8 0.027198 0.349209 0.054672 0.201822 0.197409
1 0.825974 0.530531 0.346735 0.923959 0.321289
1 0.500747 0.570805 0.260704 0.494332 0.466914
1 0.646153 0.575224 0.037348 0.218259 0.103204
6 0.257644 0.472556 0.085259 0.185930 0.143902
1 0.363741 0.582982 0.038872 0.095072 0.184755
6 0.038932 0.608541 0.034793 0.071738 0.126641
8 0.143929 0.577923 0.043526 0.133898 0.163025
6 0.348621 0.620839 0.033457 0.100475 0.128692
6 0.389319 0.612767 0.028082 0.063224 0.104077
4 0.020676 0.629048 0.038154 0.035244 0.100914
0 0.330553 0.636503 0.061458 0.056947 0.148915
6 0.570707 0.728504 0.086372 0.266739 0.202523
6 0.749698 0.794871 0.176008 0.405492 0.263293
6 0.446145 0.818550 0.161447 0.355142 0.230214
3 0.574634 0.855398 0.122471 0.229197 0.427687
3 0.697554 0.896397 0.090342 0.210351 0.140650
4 0.793563 0.887908 0.294690 0.221898 0.116170
0 0.198285 0.817674 0.398788 0.359519 0.370491
4 0.436000 0.909940 0.163758 0.178193 0.138600