8 0.293531 0.354342 0.041536 0.102028 0.145755
8 0.232192 0.431106 0.042616 0.061018 0.361515
8 0.279034 0.498096 0.064643 0.049523 0.155554
0 0.414737 0.552264 0.095544 0.077683 0.155703
0 0.593676 0.556318 0.068026 0.078907 0.155448
5 0.808070 0.582361 0.107185 0.141169 0.197709
3 0.464801 0.594486 0.033431 0.085067 0.156734
3 0.525516 0.587628 0.033315 0.081429 0.182903
6 0.885669 0.604503 0.042947 0.100959 0.109341
3 0.928207 0.693432 0.108305 0.214925 0.121203
0 0.964299 0.751933 0.069940 0.198455 0.103102