8 0.686258 0.116890 0.623992 0.233046 0.186919
8 0.889410 0.121444 0.229459 0.236082 0.100297
8 0.968284 0.105304 0.058109 0.116022 0.127281
8 0.659715 0.137536 0.311792 0.102215 0.166885
8 0.925088 0.190221 0.147498 0.100654 0.132721
8 0.476547 0.169133 0.199907 0.040931 0.133922
8 0.557445 0.286832 0.040124 0.055445 0.198048
8 0.622657 0.271559 0.047568 0.025698 0.171141
8 0.051767 0.343179 0.051194 0.081858 0.111010
8 0.101727 0.356698 0.055312 0.060717 0.141679
8 0.558727 0.344962 0.034260 0.055816 0.122907
8 0.803292 0.383814 0.043886 0.113335 0.102414
8 0.229300 0.398505 0.040468 0.086840 0.103977
8 0.477484 0.390183 0.037238 0.031852 0.197796
8 0.107595 0.419805 0.033628 0.077941 0.178020
8 0.475815 0.425805 0.039889 0.046834 0.154483
8 0.309654 0.488388 0.020603 0.021432 0.105943
8 0.784826 0.487925 0.028166 0.033526 0.108642
0 0.336306 0.543580 0.054413 0.069813 0.114104
6 0.451880 0.538331 0.028592 0.063025 0.106176
8 0.633807 0.520842 0.036309 0.086568 0.130695
3 0.429549 0.562983 0.025433 0.057474 0.173746
0 0.293929 0.634887 0.167850 0.215420 0.220172
3 0.428295 0.579767 0.019501 0.039440 0.104518
0 0.767028 0.607024 0.119331 0.130572 0.180853
6 0.971341 0.659343 0.057944 0.197708 0.102992
0 0.075664 0.645092 0.152196 0.258593 0.143252
3 0.497836 0.635192 0.048845 0.117119 0.253184
9 0.719510 0.796955 0.425489 0.413720 0.130960