0 0.369540 0.587706 0.056696 0.076776 0.136401
6 0.424276 0.584108 0.033600 0.095397 0.134118
5 0.505702 0.570485 0.044760 0.079443 0.200586
3 0.547959 0.564130 0.019561 0.038396 0.113022
6 0.584989 0.573254 0.034016 0.069905 0.111872
6 0.656664 0.590766 0.050332 0.104534 0.115313
6 0.708303 0.570914 0.023732 0.076447 0.128614
6 0.889928 0.582494 0.035244 0.083220 0.110175
3 0.577297 0.591700 0.023825 0.043993 0.123787
6 0.873207 0.667136 0.088473 0.238374 0.154756
3 0.661346 0.631049 0.056301 0.102584 0.211439
3 0.812820 0.659517 0.059602 0.120652 0.145194
4 0.873861 0.741191 0.127734 0.213153 0.167601
5 0.190493 0.748351 0.378338 0.511508 0.239763