8 0.719861 0.490489 0.093409 0.324950 0.105959
6 0.404525 0.467199 0.043620 0.078897 0.134518
6 0.440403 0.489563 0.036029 0.098812 0.130502
0 0.295928 0.547646 0.078105 0.097902 0.111868
6 0.251681 0.575080 0.040426 0.114293 0.112922
6 0.152888 0.667434 0.070587 0.261164 0.144180
2 0.583293 0.604891 0.187905 0.181367 0.234741
5 0.638023 0.602930 0.085878 0.175504 0.177488
3 0.046742 0.662424 0.091142 0.149417 0.205527
6 0.223647 0.691183 0.095113 0.306475 0.150710
6 0.328261 0.744514 0.129193 0.390953 0.162176
6 0.685366 0.785970 0.165527 0.408234 0.150051
5 0.364623 0.685812 0.197873 0.361530 0.196763
0 0.914050 0.747609 0.179899 0.502702 0.121359
3 0.208539 0.778320 0.138443 0.255234 0.193572
6 0.801271 0.773094 0.183442 0.455349 0.100614
3 0.331298 0.878885 0.141441 0.238799 0.216797