8 0.228991 0.386034 0.071835 0.125963 0.127670
8 0.611563 0.396324 0.026873 0.049974 0.105331
8 0.134441 0.433990 0.052894 0.111677 0.142255
8 0.638328 0.489123 0.044620 0.022074 0.115002
1 0.593226 0.561200 0.051049 0.099223 0.150801
5 0.077200 0.655216 0.153849 0.299188 0.177907
5 0.538062 0.587021 0.084130 0.152306 0.200693
3 0.852875 0.595533 0.048921 0.084649 0.131108
3 0.939921 0.609219 0.092682 0.103501 0.175200
3 0.655677 0.621479 0.048996 0.115970 0.247322
2 0.761317 0.591494 0.154791 0.215159 0.233318
5 0.224432 0.635499 0.136545 0.253996 0.232191
5 0.377826 0.684435 0.190002 0.400706 0.302144