8 0.379585 0.219141 0.026057 0.056440 0.159165
8 0.811210 0.323387 0.058227 0.113283 0.130867
8 0.376980 0.398482 0.030934 0.062197 0.194221
8 0.417636 0.440363 0.031753 0.038464 0.124246
8 0.430273 0.440294 0.018135 0.034156 0.119456
4 0.645413 0.546731 0.028418 0.051919 0.113077
6 0.700382 0.560534 0.062922 0.091869 0.110965
6 0.846205 0.654688 0.086782 0.316921 0.222806
9 0.286402 0.710300 0.267075 0.350608 0.226906
9 0.358424 0.605477 0.102932 0.110960 0.116306
3 0.567939 0.593777 0.045380 0.103237 0.187096
6 0.697454 0.659204 0.096658 0.291842 0.236473
6 0.299213 0.733751 0.101074 0.350712 0.257982
5 0.488455 0.637867 0.165253 0.320032 0.289560
4 0.200175 0.762573 0.075508 0.225849 0.228019
4 0.703680 0.761853 0.104341 0.256691 0.261469
4 0.865752 0.761678 0.136192 0.284172 0.266840
4 0.300946 0.852980 0.097985 0.260262 0.326685
5 0.070962 0.737235 0.143330 0.520700 0.207459