8 0.760001 0.111746 0.137944 0.038075 0.110259
8 0.812795 0.111150 0.031224 0.029160 0.111817
8 0.723533 0.177564 0.101345 0.082429 0.274736
8 0.722762 0.208202 0.054298 0.020602 0.100600
8 0.680622 0.455867 0.022565 0.036315 0.221911
0 0.444030 0.551012 0.082033 0.030220 0.100521
0 0.709311 0.615328 0.140655 0.138620 0.110550
0 0.835314 0.631585 0.217176 0.204911 0.127239
0 0.294184 0.676322 0.262288 0.246173 0.133603
0 0.132735 0.802060 0.266496 0.348588 0.171184
0 0.531086 0.712802 0.433043 0.334985 0.170342