2 0.546993 0.608761 0.168579 0.357699 0.206921
6 0.692650 0.557723 0.033147 0.092707 0.107888
5 0.721344 0.557633 0.098347 0.102236 0.153754
6 0.817006 0.582795 0.045661 0.105808 0.102216
5 0.840749 0.575941 0.103533 0.153739 0.187465
3 0.912410 0.590032 0.064784 0.086859 0.106889
3 0.955702 0.598477 0.080785 0.099641 0.123135
6 0.329643 0.648337 0.062145 0.191278 0.102313
6 0.449161 0.605486 0.039149 0.127097 0.133199
4 0.354001 0.688173 0.083408 0.129776 0.115042
9 0.799416 0.796010 0.388665 0.405955 0.218202