7 0.267360 0.114401 0.057452 0.040796 0.137388
7 0.316019 0.116873 0.100080 0.042820 0.227914
7 0.284575 0.326709 0.026928 0.042653 0.208488
7 0.247769 0.331932 0.022125 0.036128 0.210207
8 0.494381 0.436313 0.077269 0.075398 0.193734
8 0.966535 0.401048 0.058946 0.079480 0.108456
8 0.129649 0.414479 0.054119 0.109635 0.353094
1 0.693916 0.487261 0.114895 0.066148 0.109539
5 0.528240 0.723569 0.195731 0.475225 0.315082
5 0.814644 0.595192 0.136988 0.211378 0.106818
5 0.859182 0.734437 0.271999 0.541601 0.218076
5 0.239162 0.739746 0.409799 0.535919 0.347443
5 0.739385 0.741133 0.216150 0.529587 0.162754
5 0.684749 0.664825 0.152036 0.386040 0.300421
0 0.033270 0.786641 0.066293 0.412527 0.138703
9 0.527077 0.864590 0.169069 0.020750 0.119228