8 0.401258 0.409026 0.043983 0.091481 0.147442
1 0.557884 0.506829 0.048573 0.051749 0.117240
1 0.579844 0.519408 0.081800 0.075616 0.143312
1 0.687693 0.543323 0.104274 0.128868 0.191763
0 0.463805 0.558358 0.107685 0.126599 0.118726
0 0.374047 0.581472 0.064490 0.097858 0.136608
0 0.563040 0.572687 0.067397 0.079777 0.183275
0 0.338523 0.624630 0.102676 0.164759 0.167847
0 0.635446 0.591731 0.106862 0.112989 0.217637
2 0.467211 0.606880 0.120958 0.197575 0.164349
2 0.847977 0.572796 0.281648 0.446543 0.332327
5 0.201109 0.707832 0.205130 0.369691 0.247898