2 0.817690 0.496161 0.362041 0.991758 0.236358
2 0.162967 0.526830 0.242072 0.161175 0.252295
6 0.427593 0.617044 0.053423 0.194712 0.132884
6 0.532562 0.591903 0.040552 0.114581 0.137527
3 0.583589 0.576695 0.053244 0.071477 0.143856
6 0.352678 0.649547 0.064053 0.253274 0.172782
3 0.533667 0.625772 0.042990 0.091886 0.162513
3 0.118144 0.735345 0.198925 0.222769 0.143639
3 0.138349 0.730839 0.110200 0.158301 0.136057
3 0.081626 0.795573 0.159662 0.285235 0.147979
3 0.237492 0.826685 0.120719 0.301829 0.219001
3 0.099402 0.889940 0.199871 0.219203 0.143429