8 0.091413 0.108111 0.136890 0.221661 0.122982
4 0.068922 0.250964 0.140654 0.173261 0.219482
5 0.254239 0.587271 0.194796 0.318756 0.118413
8 0.564627 0.468053 0.026609 0.028904 0.144719
2 0.426566 0.591575 0.111407 0.146022 0.165410
2 0.431109 0.553441 0.092816 0.075010 0.110947
6 0.497577 0.571905 0.036892 0.061317 0.108530
1 0.573743 0.556371 0.055115 0.063163 0.228111
6 0.498815 0.606134 0.035429 0.118387 0.287429
6 0.539983 0.578651 0.046598 0.075092 0.165553
0 0.602055 0.581447 0.086690 0.046668 0.151846
0 0.640517 0.577840 0.052432 0.071464 0.146433
6 0.693533 0.578711 0.023504 0.057344 0.159824
3 0.680290 0.615670 0.043206 0.114147 0.204683
6 0.712785 0.616907 0.036595 0.114972 0.204105
6 0.327901 0.678529 0.053227 0.217496 0.219827
3 0.674543 0.633810 0.036255 0.068657 0.104197
0 0.600278 0.628228 0.123701 0.149478 0.479664
4 0.439478 0.770817 0.125065 0.188514 0.215156
9 0.883517 0.893177 0.236341 0.192807 0.100640
0 0.175469 0.777100 0.348144 0.442441 0.411314
2 0.854511 0.531236 0.303378 0.949176 0.359475