8 0.133750 0.031368 0.048170 0.063239 0.113491
7 0.611830 0.370719 0.012108 0.022040 0.146727
8 0.315027 0.416885 0.030885 0.034015 0.161880
8 0.664770 0.402383 0.057974 0.048660 0.311342
8 0.666856 0.422180 0.033870 0.018862 0.165019
8 0.313757 0.462967 0.046717 0.134725 0.194176
8 0.716883 0.558427 0.021825 0.049931 0.114144
6 0.901510 0.642707 0.065866 0.167264 0.114853
8 0.305160 0.550965 0.052414 0.061051 0.158124
6 0.282525 0.616521 0.059890 0.119411 0.163542
6 0.432455 0.634644 0.063476 0.118917 0.169023
5 0.499475 0.644843 0.119976 0.171645 0.249791
0 0.708674 0.616926 0.072471 0.073367 0.159695
0 0.810866 0.622961 0.080368 0.076145 0.129887
0 0.912011 0.658246 0.171913 0.144992 0.183701
5 0.148718 0.635661 0.158130 0.210487 0.287926
6 0.746376 0.649234 0.063520 0.139142 0.125177
6 0.784571 0.648843 0.051024 0.120238 0.100041
6 0.879543 0.663722 0.083615 0.181320 0.170650
6 0.069830 0.775473 0.135838 0.428861 0.176354
3 0.278638 0.664794 0.108993 0.115424 0.223813
3 0.430337 0.688794 0.123426 0.130333 0.252529
3 0.760008 0.681571 0.107946 0.138970 0.264172
3 0.870201 0.704889 0.133358 0.153801 0.218558
4 0.181722 0.885060 0.132009 0.223509 0.137224
9 0.239359 0.854940 0.206965 0.149805 0.135047
4 0.639162 0.882882 0.159085 0.226143 0.200447
9 0.068999 0.887199 0.140893 0.231505 0.108124