2 0.161435 0.508078 0.326420 0.995341 0.322908
1 0.644340 0.507651 0.138072 0.147162 0.145404
1 0.749687 0.522758 0.102824 0.128450 0.133117
5 0.618335 0.577912 0.085738 0.173066 0.298891
5 0.818135 0.555291 0.056095 0.086228 0.112521
6 0.853141 0.560267 0.027209 0.075676 0.116960
6 0.903827 0.561351 0.032469 0.089416 0.136736
6 0.464538 0.573740 0.100867 0.119651 0.146959
6 0.644283 0.650035 0.082104 0.246553 0.245970
1 0.439974 0.518341 0.250252 0.425835 0.437273
4 0.645034 0.724016 0.080804 0.188122 0.283649